1.100010749832583956e+00 1.010745796395208060e+02
1.099972199308771659e+00 1.013921811825528323e+02
1.099967091667861219e+00 1.011628413380915106e+02
1.100484846845180664e+00 1.011289714413292984e+02
1.100028382258060100e+00 1.011140830481522528e+02
1.100440607440595686e+00 1.011370326857577595e+02
1.096482386974750201e+00 1.010004210787934937e+02
1.099973729090437891e+00 1.010123847485590147e+02
1.100256824891570728e+00 1.013797866117994033e+02
1.100013399871308417e+00 1.010411666132523294e+02
1.099317687813373245e+00 1.011423559379645383e+02
1.099909578344287597e+00 1.010609655782719472e+02
1.099928355595394258e+00 1.012794249263370432e+02
1.100403923705322029e+00 1.013101694286817462e+02
1.100083314564935799e+00 1.015041552601627188e+02
1.100942444900551820e+00 1.011757669122674486e+02
1.098287283707062079e+00 1.010183570006674643e+02
1.099928041540637613e+00 1.011121872123758578e+02
1.100056890608863247e+00 1.010743123844593185e+02
1.099907795475706829e+00 1.012745051495491850e+02
1.100166625776601848e+00 1.015952685547827343e+02
1.100077090017454573e+00 1.012210963617237951e+02
1.100038467957291877e+00 1.010548251718323343e+02
1.099723158315610627e+00 1.014754355028229327e+02
1.098152069459392477e+00 1.010617140083537322e+02
