-5.841786797760610384e+00
-4.868145191511548120e-01
-3.565683159454435724e+01
4.284804935699590089e+00
-7.529600807610936641e+00
1.510037341717827530e+01
-7.559060022399012979e+00
-2.694229412451598549e+01
1.003493266711462439e+01
1.021527918679823443e+01
-3.805682707183279945e-01
3.983164294188237875e+01
2.467874769618465791e+01
9.678837698352182883e+00
-4.272489718579337392e+01
3.527866971929540796e+01
4.988065147682921463e+01
-3.030728388937863471e+01
4.636846072183996625e+01
-2.574998036041527172e+01
-9.010266007206698902e+00
2.128939573935829799e+01
-3.782312396383171915e+01
3.012649639655141698e+01
3.908484374895695623e+01
-1.804186679123083081e+01
3.933321334601662045e+01
2.099094174943982694e+01
-4.398149506981629031e+01
-4.637014230349672061e+01
4.025116114943254786e+01
-3.943001128011411538e+01
1.124545012836279767e+01
2.369049412751616046e+01
2.936725893019406897e+00
-8.457378123816626569e+00
1.512584200574823967e+01
-3.176853062599726130e+01
-2.081813146989986762e+00
-3.828417470603358908e+01
4.872241477937453169e+01
4.518538345791704103e+01
-4.053840964006177217e+01
-3.255598130167203408e+01
4.287109953040559418e+01
2.779422368875866667e+01
-2.341553055838165420e+00
-1.674821940048475710e+01
3.407195859015816808e+01
-3.659319691311057454e+01
-4.565567299412886371e+01
2.892794584767934651e+01
-5.866529141936993597e-01
-2.938466915018818426e+01
-3.840228999424641643e+01
-7.059458588799948586e+00
-7.069766954121945446e-01
-2.603376105625985559e+01
-6.560442996296302898e-01
3.885919095327874828e+00
2.261061178601291033e+01
5.718759489285158537e+00
3.244410271269233448e+01
2.163513911560880132e+00
-1.610930186868982261e+00
-2.894644258704364859e+01
1.715584869739976170e+01
-1.806509170021823252e+01
-9.370499014073750743e+00
-3.612651222072905455e+01
-7.904278570755131739e+00
-3.452483623423536585e+01
2.740183865321323253e+01
4.834977991264895536e+01
-3.410191948877755408e+01
-9.640358250988622757e+00
1.783678533461881699e+01
-3.506152952022374336e+01
-3.656451723686682698e+00
-3.506187831866881766e+01
-4.405844787781180116e+01
2.591660946542520350e+01
1.031037659701456555e+01
3.467310304162533185e+01
-4.662437665808912612e+01
-6.439852406714308586e+00
2.006592632948894561e+01
3.569647567125312548e+01
2.574253505736184877e+01
-1.896630441204224482e+01
1.693858860440579406e+01
-2.179050381123505176e+01
-4.838605677107617709e+01
-6.482728446831856672e+00
2.909053485193008726e+01
-2.221513150886487153e+01
1.330323395495953420e+01
-1.598356481618512248e+01
3.530404292287259693e+01
-3.944384107619828939e+01
