1.310199649189853062e+03 0.000000000000000000e+00
1.329676903938605847e+03 0.000000000000000000e+00
1.476524894335638692e+03 0.000000000000000000e+00
1.475140071095581561e+03 0.000000000000000000e+00
1.358594479616982653e+03 0.000000000000000000e+00
1.113668403659361275e+03 0.000000000000000000e+00
1.313480433107105910e+03 0.000000000000000000e+00
1.404469951649376299e+03 0.000000000000000000e+00
1.170397687842095365e+03 0.000000000000000000e+00
1.319407954007147055e+03 0.000000000000000000e+00
1.343968114556827686e+03 0.000000000000000000e+00
1.133428579944011290e+03 0.000000000000000000e+00
1.215611015675641738e+03 0.000000000000000000e+00
1.155180949708654225e+03 0.000000000000000000e+00
1.422017373285821350e+03 0.000000000000000000e+00
1.214963832036482472e+03 0.000000000000000000e+00
1.348721910458585398e+03 0.000000000000000000e+00
1.425070364932846815e+03 0.000000000000000000e+00
1.456730519509422948e+03 0.000000000000000000e+00
1.490151630599892542e+03 0.000000000000000000e+00
1.354472484893995443e+03 0.000000000000000000e+00
1.156422379029401554e+03 0.000000000000000000e+00
1.285076932578425613e+03 0.000000000000000000e+00
1.716920915453356656e+03 0.000000000000000000e+00
1.473933415858583203e+03 0.000000000000000000e+00
