-2.671113138733667469e+01
-1.573424170351844964e+01
-3.472702240443906163e+01
-4.405204317653393531e+01
-1.909343961652138333e+01
2.402337610261904999e+01
2.388968103099572460e+01
1.268533158776479652e+01
-1.031231871656245858e+01
-1.502552722006106123e+00
2.144867893987072449e+01
-3.222131847627790080e+01
-9.341574371680042788e+00
8.987275688537801344e+00
1.557094353866948033e+01
-2.070818150985125783e+01
-4.474721736023083452e+01
4.398516153477974200e+00
3.095794080670023973e+01
-2.816778540193221403e+01
2.433906172183084848e+01
-1.848238420979758345e+01
1.988815719611318755e+01
-2.621674785236028526e+01
3.244540027245341918e+01
7.861984601909787429e+00
-1.175073335763609172e+01
3.099753927576707824e+01
-3.774519996911582354e+01
-3.378653484718604716e+01
-3.476128181660741667e+00
4.007263470673748174e+01
2.159155773162068925e+01
4.488862753662533400e+00
1.153652026234735573e+01
3.399914952592626349e+01
2.337955312004892861e+01
2.692677924422879343e+01
3.444273273455294770e+01
-3.503873300755012110e+01
2.645242465190329639e+01
-1.731412946403541930e+00
2.836285944335550369e+01
2.287511253987517179e+01
1.488402607410253875e+00
1.647632362265171224e+01
-6.064662893682501554e+00
4.251349263861990835e+01
1.149769061051545549e+01
-4.707921299553883188e+01
