-3.837372989645575672e+01
-1.815988177825158090e+01
-3.594230709247242572e+01
-4.091494481654414983e+01
-1.733828215035027753e+01
2.391933939760897587e+01
2.668679616153291434e+01
1.379272780823232480e+01
-1.746880711207614922e+01
-2.497388573097734543e+00
3.329417045521032037e+01
-2.960304527947273812e+01
-6.760254803340836283e+00
9.378455310477420426e+00
8.265816635140829760e+00
-2.861618133954988963e+01
-4.266453224715514381e+01
6.851083204200824284e+00
2.841816351217438097e+01
-2.359107256317638956e+01
2.301142772192632080e+01
-1.788743712177452494e+01
2.230910959016646089e+01
-3.415124066742584574e+01
2.854313317461532407e+01
6.027341604659320673e+00
-1.463040403451579508e+01
2.946011309642485188e+01
-3.051354309320958080e+01
-3.503793192294874359e+01
4.590322237655884763e+00
3.536587802009178461e+01
1.141240057050110934e+01
5.550861133697069683e+00
1.511923873022457565e+00
3.767075168274809727e+01
2.859618222817222488e+01
2.822743081118328234e+01
3.043210069570406517e+01
-3.431331106627642669e+01
2.434469647805715553e+01
5.130075461014538263e-02
2.764411223761904068e+01
2.675255576389111667e+01
-4.278174862987122573e+00
2.514027748805470353e+01
-1.277269601601891225e+01
5.015588125111720075e+01
1.075880917771562117e+01
-4.594021536490697599e+01
