-2.896147968474461365e+01
-1.146867315142604049e+01
-3.786050503325461847e+01
-4.519225709626381615e+01
-1.463869477458984925e+01
2.429842697559974241e+01
2.428726093990988133e+01
1.603386537426973746e+01
-7.278988976846168413e+00
-2.610724683269678437e+00
2.682461663516748729e+01
-3.149392349491700926e+01
-3.184264099196615572e+00
5.454408704958270349e+00
2.049499434791336583e+01
-2.193487036317195660e+01
-3.796841714987034777e+01
2.737988934000883390e-01
3.190041112742806462e+01
-2.916869115238513643e+01
1.964102169221532179e+01
-2.324275779179772528e+01
1.775258618500255281e+01
-2.334827469677594891e+01
3.442298589801220032e+01
6.961331890831468527e+00
-1.213287299326970015e+01
3.171055928726669748e+01
-3.637895462004360780e+01
-3.502329484885809308e+01
