-2.344885073368098460e+01
-1.889573395477255602e+01
-3.432128117169501991e+01
-4.277170454064710725e+01
-1.583924801533481208e+01
2.583445402150119108e+01
2.312482837469923425e+01
6.069841905921779635e+00
-1.477330482853342453e+01
-3.742847087282111573e+00
2.806513643627265253e+01
-3.118565361999158014e+01
-7.673840402759297241e+00
1.126802741836258903e+01
1.794688720059915710e+01
-2.170352840208978051e+01
-4.003917033249234692e+01
4.038236476658774166e+00
2.947467793681179060e+01
-2.828018727832031942e+01
2.320640917999858033e+01
-1.801161231242591398e+01
1.697466251224975409e+01
-2.549186093809730380e+01
3.481867177930945445e+01
3.905607142232780937e+00
-7.815231169632625985e+00
3.148281580349830122e+01
-3.333825778506963644e+01
-3.185347715682859260e+01
