4.285401631955636503e-01
-2.105491127851564670e+01
2.076601802454027279e+01
-3.344951780684248632e+01
-3.862692336690658124e+01
8.414468911554731534e+00
9.748993726847025698e+00
-1.767421975978388815e+01
1.918321788570521846e+01
-3.911230808854888608e+01
2.461179274973883579e+01
-1.554438554944676554e+01
5.210730582500052321e+01
-2.954510537734018172e+01
5.574810548270285437e+01
3.100843425787077479e+01
1.144840261759812705e+01
-1.544440903121338948e+01
1.195350140031632691e+01
-2.799833610326561839e+01
4.464595743802882311e+01
1.963372326845934168e+01
5.577533851713829449e+01
1.439224050846514835e+01
6.379677048248225901e+01
2.040272942156163083e+01
4.099379064917067694e+01
2.936620409678867105e+01
3.279520033958935699e+01
-3.938515318437828938e+01
3.754929966596839819e+01
1.858927577404375242e+01
1.365613188292268632e+01
2.385203947988898676e-01
3.646968035354084492e+01
-3.209587075223967645e+01
4.982227016020804200e+01
1.297301695392797605e+01
4.221613564600232849e+01
-2.144846432439894812e+01
1.740485544114569549e+01
3.242947148007988289e+01
1.318402474773810695e+01
-1.858091263966509743e+01
-1.887498896975241536e+01
4.828764250201257369e+01
-6.182114212633483419e+01
2.175581070043223164e+01
-1.415441227691514747e+01
-3.631051095345864610e+01
