-1.741313091918429734e+01
-1.619106788224839022e+01
3.868223007318570694e+01
-4.843432165422909463e+01
-3.938009017162391245e+01
-4.153506712842588655e+01
6.925224659142243411e+01
-9.887695907398224904e+00
4.308278213425138503e+00
-5.746288659903540008e+01
5.351156589082431481e+01
5.437125659723484716e+00
3.788050755746562714e+01
-2.657067091449289009e+01
4.062872574563367323e+01
2.037081709992309086e+01
2.194833327492733233e+01
1.052436590104105818e+01
-4.331077760279417532e+01
-5.991057077237215367e+00
5.166049834278849318e+01
4.329374188438502102e+01
3.580592418232880192e+01
5.238982480236746397e+01
5.431832886413988604e+01
2.017846214171144936e+01
2.694419200042072049e+01
1.802680919476292942e+01
5.904805229561836200e+01
-4.321864186179685419e+01
1.094331869657096945e-01
1.169595448288655959e+01
4.696954558062504503e+01
-7.484238207168615986e+00
2.898756286035060725e+01
-1.108946072140404837e+01
2.132178347460004275e+01
4.282238279368811362e+01
1.486323635831470469e+01
1.225738755801071278e+00
-5.179648681023063972e+00
4.596116561384810950e+01
2.770447137114002700e+00
-2.787692242381649166e+01
1.044799417612011538e+01
1.613762011142607022e+01
-3.760215757167281225e+01
3.240768297429675648e+00
-1.309571279885843431e+01
-2.146294333874205407e+01
