-7.383626068867219061e+00
-7.809864803011171475e+00
7.058499299095630342e+00
-4.491426441627084643e+01
-2.980503297768067483e+01
-1.285323174146657266e+01
2.229742462804908953e+01
1.214903938074340672e+01
-7.202332758750979558e+00
-7.039853969549398016e+00
-1.375052789726361624e+01
9.770049848293012928e+00
5.961681101868826005e+01
-1.777087789896339842e+01
3.902807794798874852e+01
2.213240745997862291e+01
2.273292562959398566e+01
2.132886257140969377e+01
-4.395107074875456021e+01
-1.062228229488330555e+01
3.415879801039699970e+01
8.846372806649561937e+00
8.629650168398899268e+01
-4.923086359564013748e+00
8.700581260301402153e+01
4.214975612079233436e+00
3.515228508671391694e+01
4.184298802827787256e+01
8.118372406331396007e+01
-4.751012862341196552e+01
-1.888207782801543999e+01
3.209458286498065860e+00
4.466917476689290822e+01
5.894404352789685220e+00
4.042026022011998521e+01
-5.411037571652504141e+01
4.634857936563781777e+01
2.232082258008956188e+01
2.242593419320554915e+01
-5.689337368553117891e+00
2.490366434630608694e+00
5.857587753627406357e+01
-6.443725295021730304e+00
-2.676932382368105223e+01
1.118519985453507459e+01
1.509712992460104708e+01
-1.530248188759444972e+01
1.790130843302575414e+01
-3.338470562142165932e+01
-2.907694132522361841e+01
