-5.999705548254504350e+01
9.998507625729828874e+00
8.563860389831863529e+01
7.346614311133947695e-02
2.879441373628888812e+01
7.635049168554378696e+01
4.979956941691119710e+01
8.468984050332947433e+00
-8.707704982978657426e+01
-9.386886536566611028e+01
-6.592198792949059794e+01
-1.096908189622445207e+01
-1.647001641925712079e+01
-5.655661215249699580e+01
-5.484347155275544594e+01
2.544471302133596069e+01
-4.558724721363609689e+01
-2.475848983809820680e+01
2.560359611414195058e+01
3.582960593186201237e+01
8.848677560378834528e+01
-3.830461386793353995e+01
5.211426796879227652e+01
-5.389736842646145476e+01
-1.407410905544806212e+01
-4.164509243957606088e+01
-2.575188457676949483e+01
2.286738974615971642e+01
-5.576312745639424406e+01
-4.952961893309308294e+01
1.429032179918563372e+01
2.210775378590568607e+01
-3.539444834103949944e+01
4.955378324100024656e+00
5.471822290432435665e+01
7.921789715393552456e+01
9.211857366781748624e+01
-4.497854701849169601e+01
-6.219414711614149383e+01
1.593391751841122073e+01
-1.662250414157701073e+01
6.916610413852899342e+01
9.450285032139608177e+01
-8.925624778059557229e+01
-4.456068795795421522e+01
-2.662955486380231207e+01
9.632065252273044109e+01
7.224583827036103401e+01
4.528895109816657083e+01
3.680740329315415948e+00
3.021095379939734471e+01
-1.101487659872281455e+01
4.251083345681127668e+01
2.599595975984804852e+01
-9.432744125942750202e+01
-6.980145108373761786e+01
4.796634315854636554e+01
6.928307557582198228e+01
-3.069525344469975536e+01
-3.708194129371796066e+01
5.830453265023942322e+01
2.659613446015491434e+01
4.812177105874174288e+01
-3.070206239154144612e+01
2.948636796607738475e+00
-3.437392318596481289e+01
6.109070879942910892e+01
9.311682119644433442e+01
-1.109329942438623817e+01
2.846531371421301060e+01
8.459166679534568800e+01
-8.239897921815840220e+01
-5.818155528581754510e+01
7.957064448866447037e+01
4.543300080770802651e+01
3.033678056030274917e+01
-6.616072419894977941e+01
8.246990213915736945e+01
-6.173274337030527903e+01
-1.486255926342728628e+00
4.174504105136648491e+01
8.843357719688566476e+01
-2.086865613184045287e+01
-4.796885330303898343e+01
1.832672808452300472e+01
-3.634627708308157423e+01
-7.678227245647690324e+00
-4.811202201466727502e+01
8.354389018059571015e+01
1.093848621947864075e+01
1.670466159822075980e+01
1.562189538343180573e+01
9.914692318894681478e+01
9.846092025022886673e+01
-1.331982806981551448e+01
2.302612656789442980e+01
-4.884576215837140012e+01
-8.882523804851268778e+01
5.281865269362717896e+01
8.534479377671461009e+01
