2.715860342302922955e-07 0.000000000000000000e+00
5.469538290334294560e-07 0.000000000000000000e+00
2.540859495216949408e-07 0.000000000000000000e+00
2.976439401330660792e-07 0.000000000000000000e+00
2.710946501579691640e-07 0.000000000000000000e+00
1.031635833718099621e-07 0.000000000000000000e+00
1.038329547707049350e-07 0.000000000000000000e+00
8.542056148592784980e-08 0.000000000000000000e+00
4.526021688293772262e-07 0.000000000000000000e+00
9.566216263803239025e-07 0.000000000000000000e+00
2.458863686570880791e-07 0.000000000000000000e+00
5.485929365670436923e-07 0.000000000000000000e+00
3.196818052583967155e-07 0.000000000000000000e+00
3.998784781387139693e-07 0.000000000000000000e+00
1.328163556217116340e-06 0.000000000000000000e+00
3.220813724041963239e-07 0.000000000000000000e+00
1.206318644009343114e-07 0.000000000000000000e+00
1.473970775299271525e-07 0.000000000000000000e+00
3.336770298027047254e-07 0.000000000000000000e+00
2.621660886498424808e-07 0.000000000000000000e+00
1.531823240409258383e-07 0.000000000000000000e+00
3.648835738824195086e-07 0.000000000000000000e+00
3.193365733708395035e-07 0.000000000000000000e+00
3.311674987782299929e-07 0.000000000000000000e+00
4.783729738383516531e-07 0.000000000000000000e+00
