-2.857282644119502635e+01
-1.602084034359059572e+01
-3.426722932890393736e+01
-4.581816852088574876e+01
-1.807977471547715709e+01
2.572552363110482077e+01
2.471665193003260086e+01
1.121572106522100754e+01
-1.213649125469110857e+01
-9.153221145157302008e-01
2.340512843409099730e+01
-3.146478430566483908e+01
-9.066312458449985456e+00
5.735147148653841676e+00
1.568406002268927146e+01
-2.158263944664087930e+01
-4.336995776479252385e+01
3.353603647519221465e+00
3.114512771142735659e+01
-2.990393335903668515e+01
2.543286195057593702e+01
-1.867393954099171793e+01
1.974933970955114049e+01
-2.442762715897530157e+01
3.031134184330203851e+01
7.076295479667408017e+00
-1.241644931755087100e+01
3.172482855972369720e+01
-3.595480920968076788e+01
-3.430062030305463594e+01
