-2.857287356503630704e+01
-1.602079120089769049e+01
-3.426711604394363775e+01
-4.581835295474703429e+01
-1.807962849374530023e+01
2.572563852034100762e+01
2.471641895812528134e+01
1.121577158305836264e+01
-1.213658684059689996e+01
-9.153874028984462230e-01
2.340532430836045918e+01
-3.146505707796547568e+01
-9.065971114344574033e+00
5.734868608183112393e+00
1.568423631690187570e+01
-2.158252308576310341e+01
-4.337024128527047395e+01
3.353751971370183327e+00
3.114514975754875792e+01
-2.990384907527773706e+01
2.543274140508686187e+01
-1.867398904577079222e+01
1.974929669783903563e+01
-2.442767796532216096e+01
3.031126982540738624e+01
7.076498629420512110e+00
-1.241632061945083976e+01
3.172479321858332568e+01
-3.595472848706599223e+01
-3.430041765142509291e+01
