-2.840595608818363615e+01
-1.619509360057271152e+01
-3.442625019441488377e+01
-4.593014813830506426e+01
-1.808643901269551080e+01
2.580590635348425010e+01
2.475567561124275784e+01
1.139500796398816362e+01
-1.225513234028431597e+01
-8.797432586163155266e-01
2.359220113776863315e+01
-3.148601415998992792e+01
-9.199623841903640908e+00
5.657880769384842523e+00
1.565826347737767144e+01
-2.160920739135638868e+01
-4.368964094473882653e+01
3.425510530256371311e+00
3.127631825709018187e+01
-2.985734468272898567e+01
2.536088531093096421e+01
-1.863809905867125494e+01
1.979699109257392564e+01
-2.447108785713961154e+01
3.046879066165520200e+01
7.337420251106541613e+00
-1.260337791279722808e+01
3.153610245689651848e+01
-3.598411829838020992e+01
-3.411785093355003085e+01
-6.104237863085443472e+00
4.165674529478154398e+01
1.794673803804711909e+01
3.980965492143990758e+00
1.059826708231057069e+01
3.395955407019474848e+01
2.394949753230104150e+01
2.465062143732178868e+01
3.434103122579820422e+01
-3.580838112648300608e+01
2.852880952838122397e+01
-2.989131060736937684e+00
2.831958022814172793e+01
2.105478767940599383e+01
1.696018680946140167e+00
1.536694318874386944e+01
-5.597986828471608334e+00
3.955729482037151001e+01
1.189491819872307943e+01
-4.941370331484854717e+01
