-2.791771296132231583e+01
-2.583681211961348012e+01
-3.421198037992645880e+01
-4.173506749663126669e+01
-1.646367667939838952e+01
2.285477059499590524e+01
2.602676532441324753e+01
4.641980949876328033e+00
-1.586663207257939057e+01
-6.099000927717976417e+00
1.614074649745635526e+01
-3.175842462937022503e+01
-1.268462782972301639e+00
2.539214163695336168e+01
1.155755122177716565e+01
-1.558783950902618720e+01
-4.922115738240650273e+01
-1.788429753246887799e+00
2.949502106505265786e+01
-2.521895408108490599e+01
1.687072297218071526e+01
-2.486366191702577666e+01
1.579450871444256421e+01
-3.207109956609834001e+01
2.417067544834945281e+01
2.182486783476549874e+01
-1.316772231467678633e+00
3.988175867543000663e+01
-2.951886936012961371e+01
-3.415989114669579862e+01
2.297663317747005607e+00
4.808933292883317279e+01
3.126220815087463123e+01
1.923279072428235992e+01
1.266480041777947463e+01
4.360965683582932684e+01
1.776913047634453235e+01
1.881685048381779168e+01
3.166165902462772763e+01
-3.586726034653784012e+01
2.618190245598227150e+01
-1.009719301953462001e+01
2.001237196481639558e+01
1.621533313104305662e+01
-3.004078278108108790e+00
1.165056336102328594e+01
1.795189153583414798e+00
2.401608092734065991e+01
9.983392840668722457e+00
-5.136790638861237568e+01
6.133237080818235043e+00
4.582365892264900253e+01
-3.872392090099071282e+01
-2.534228101449056325e+01
1.996162284424956823e+01
4.057219521950256080e+01
4.095591246252190132e+01
-5.904991699229331914e+01
-2.275671062023561930e+01
-2.046770286931496585e+01
3.147511234391349788e+01
6.710884672785946137e-01
2.179019745753584303e+01
-3.848013900678002130e+01
4.261494916479708905e+01
3.129631633792094902e+01
3.448726625145054214e+01
4.518017529594155235e+01
-3.435988700114187822e+01
-1.517114070694583994e+01
1.052374530786318729e+01
-5.705683122101325999e+00
-2.971303983993813702e+01
-1.051735917933858389e+01
2.349155604982687606e+01
-2.976476144595967099e+01
-2.965632068111379027e+01
1.537377951640805263e+00
5.045677412463145828e+01
-6.020066153615347915e+00
-1.227733730006630708e+01
-2.433048638666322816e+01
-4.591313490866482283e+01
-3.554533930175146850e+01
4.908335657629675808e+01
1.490671619906660084e+01
-1.454464085917344285e+01
4.453000572075130492e+01
-4.509383978919532865e+01
-3.900896326093636457e+00
-2.199936907919729734e+00
2.863936836028291566e+01
2.694137121438766513e+01
2.894223561440102088e+01
2.839573161924629119e+01
7.563086007438127645e+00
-9.043098210320650310e+00
-3.920214810524273119e+00
-1.434622377774777391e+01
4.552655476481409380e+01
