-2.410118963118860691e+01
-2.068912378766041726e+01
-3.724638216285265457e+01
-4.094031682540981620e+01
-1.432232660039007399e+01
3.137154614518101781e+01
2.002013167336937371e+01
-1.574058747362192534e+00
-1.215118400759540584e+01
-4.773799285461984176e+00
2.076801334089107343e+01
-3.243415971843958800e+01
-2.850347034879569641e+00
1.706480948233222605e+01
8.527093579842432547e+00
-1.862596456165646686e+01
-4.821825183965582085e+01
4.179923541826419786e+00
3.201091539014332454e+01
-2.855276029687870221e+01
2.151659454858302922e+01
-1.683048434499239221e+01
2.216457155519967159e+01
-3.435274349034303754e+01
2.722256984489419196e+01
1.586007144468115015e+01
-1.521430716718608522e+00
3.807953043456733155e+01
-3.191060232791366502e+01
-3.104121338988251466e+01
4.362872618379918244e+00
5.892560243545975140e+01
2.824133702088083098e+01
1.560642706111465472e+01
8.596213024504796962e+00
3.688339925170857470e+01
1.449119054288165032e+01
1.689550116336412344e+01
4.106478553552312860e+01
-4.443034825216496131e+01
2.758101328263469298e+01
-7.174886996278208251e+00
2.131632909900700668e+01
2.045736921448690637e+01
-1.736352050070463893e+00
1.217251033378865621e+01
3.279489649349218716e+00
4.008448026029840605e+01
1.234479611126310772e+01
-5.569684567049678492e+01
1.824341072616321924e+01
4.473612204718568108e+01
-4.321196886872075993e+01
-2.714127409964854820e+01
1.442650768666276662e+01
3.678446885510326325e+01
3.594865628786013190e+01
-5.131186219200944265e+01
-1.239736513181878230e+01
-2.598988570773326856e+01
3.623501299462864012e+01
4.943201404728272408e+00
2.609094516491761695e+01
-4.253838121984377807e+01
4.399866040880995399e+01
3.605691819364817974e+01
3.540049322736719262e+01
4.588032906134320399e+01
-4.266884895402416333e+01
-1.020968994701357424e+01
1.054827827507113369e+01
3.155503653637755423e+00
-3.345530913029318754e+01
-5.070850972150577896e+00
2.164371579695723113e+01
-3.175029674898527077e+01
-3.453746489011282250e+01
-1.201342162909117128e+01
5.215633375849857600e+01
-6.118520706653469254e+00
-4.712991629777083524e+00
-2.005082787466849226e+01
-4.175708570149154752e+01
-3.177801631791847470e+01
5.986935004571671470e+01
5.756690254199130052e+00
-1.236367067751299231e+01
4.440562275772041545e+01
-3.810045760666551473e+01
-5.643296441627692950e+00
1.117905694813606488e+01
4.001988731908577535e+01
2.428483114695873368e+01
2.913244632663686318e+01
3.672287563260062626e+01
6.767727461666604327e+00
3.962619509567608223e+00
1.704944436646624872e+00
-1.556600186763909832e+01
4.831160988502111309e+01
