-8.631796342028120961e+00
-9.036262892161818883e+00
-6.954546527309783954e+00
-9.392859275703216326e+00
-6.149568773073395000e-01
8.434055361758355573e+00
-8.990426181302856534e+00
2.928921339180436956e+00
-7.993276454821998556e+00
4.477984919532906893e+00
-9.829018400967452607e+00
-2.635842874346910225e+00
-4.472761310291405223e+00
7.630752629151388966e+00
1.134193419657091528e+00
-1.337477914541504997e+00
-2.085329403506327228e+00
-4.067691921723152859e+00
-1.133233163679508770e+00
-8.788026300935397828e+00
1.157261304473612640e+00
-2.250204949892750939e-01
-7.693112499191927967e+00
6.384784668880579162e+00
-8.763724399594510217e+00
4.322287026590342585e+00
-2.619619329995363621e+00
2.271663110733454616e+00
-4.986125960505033206e+00
4.184046084837059531e+00
-1.198622557883599837e+00
-6.764323924038965430e+00
-4.704807076147416112e+00
6.756738690520970536e+00
-1.201443666616186512e+00
8.667197011946777607e+00
-9.945465253197262712e+00
-1.123242256904257275e+00
-9.748296033148477591e+00
-5.532148402862677727e+00
1.647594112002719768e+00
9.267291171554927764e-01
-5.140669191473437039e+00
1.080861551234955753e+00
-1.480993817260611856e+00
5.472281815310146236e+00
-7.095095936590946728e+00
-3.282356915123647578e+00
2.149003823536424385e+00
-9.770240764354598539e+00
