-5.186070784454530624e+00
-9.037314861622554929e+00
-4.982642569173107994e+00
-9.392856792358283968e+00
-6.633077453580034089e+00
8.434054124659132512e+00
-8.230294523300372589e+00
2.928926767068026127e+00
-5.748674035676476279e+00
4.477988427273540850e+00
-9.520991070128406619e+00
-2.635830934836862482e+00
-6.888278587711601730e+00
7.630723333760737859e+00
-6.548235234354065071e+00
-1.337476463844307961e+00
-3.750616898622133544e+00
-4.067737397420697398e+00
-9.762426938203837778e+00
-8.788021149194124249e+00
-5.789875287121305725e+00
-2.250171033563234113e-01
-8.619328655546869555e+00
6.384793694799876462e+00
-9.791339560666706632e+00
4.322290429083031960e+00
-4.333154071761448733e+00
2.271671487885274843e+00
2.705373656970296192e+00
4.184059581593039923e+00
-6.984381748981503435e+00
-6.764332624375585468e+00
-7.545531179292854773e+00
6.756744592925061355e+00
-5.176218920356469688e+00
8.667196547632508796e+00
-9.987150682929977208e+00
-1.123228499109474976e+00
-9.899911819894130716e+00
-5.532158579209199623e+00
-3.419732054441431135e+00
9.267148454613683972e-01
-6.468244532061359742e+00
1.080878604607437676e+00
-3.385632660078170986e+00
5.472285187231839210e+00
-6.935456380574153812e+00
-3.282353583671944630e+00
-5.261248870251342247e+00
-9.770235415773239396e+00
