3.147226593392474925e+01
4.057909322126138818e+01
-3.730141954117426906e+01
4.133748478532989878e+01
1.323582386168384772e+01
-4.024606012318363213e+01
-2.215027869859824605e+01
4.688051345464193886e+00
4.575058231151130173e+01
4.648875148807015023e+01
-3.423879248833831213e+01
4.705917571879796668e+01
4.571659279459931469e+01
-1.462537078371658028e+00
3.002794547215968635e+01
-3.581146780032696597e+01
-7.823972725412517981e+00
4.157345000702446214e+01
2.922063059167887999e+01
4.594913770075544335e+01
1.557396729450360517e+01
-4.642893605241148691e+01
3.491282023957661806e+01
4.339922294539882586e+01
1.787339761404994931e+01
2.577391042934109677e+01
2.431314079848179333e+01
-1.077743586044360491e+01
1.554765798479655814e+01
-3.288145231093224652e+01
