-3.115891686206596844e+01
-1.477674992668285725e+01
-3.542923273989330823e+01
-4.658083268158588908e+01
-1.788049168140971545e+01
2.865498536474678914e+01
2.555454381142148534e+01
1.246117882628045059e+01
-1.137336553951694817e+01
-2.294637015220239107e+00
2.480396454993646671e+01
-3.202519156489814378e+01
-9.910069504104340510e+00
6.055653907741442410e+00
1.237566112014775044e+01
-2.260262229054773897e+01
-3.877731514466438512e+01
-1.298329012204839650e-01
3.236319886292110937e+01
-3.080222777999129846e+01
2.451942735287808262e+01
-1.598373339313687680e+01
1.991476399473773995e+01
-2.147863924699508686e+01
3.214742904340449314e+01
7.072556151502561228e+00
-7.179176629320282998e+00
3.423322122683962476e+01
-3.667428409652226406e+01
-3.453949907901957772e+01
-5.130261988675147933e+00
4.341438759105465550e+01
1.692229682393611867e+01
4.872784558783866515e+00
9.380830657708896680e+00
3.474120862754887185e+01
2.136627044616810878e+01
2.204361256541274017e+01
3.527327195018565931e+01
-3.459527107791137013e+01
2.448941429006184833e+01
-2.743945821535658247e+00
2.860233577498289392e+01
1.770657748454332392e+01
1.023924493241271660e+00
1.394614449204448192e+01
-7.291840283373574039e+00
4.250660043548310085e+01
1.157361235214297679e+01
-4.724354977377378617e+01
1.668327475885718059e+01
4.635982041573397794e+01
-4.089726925697580384e+01
-2.417261499511112532e+01
2.850253053759017519e+01
2.909069114820796642e+01
3.779746214617907896e+01
-4.567259194818929302e+01
-2.002470715264378498e+01
-2.091129258462375162e+01
3.548896604464974303e+01
6.589932703415849247e+00
1.977810621586986883e+01
-4.427925872515226757e+01
4.835773241953684476e+01
2.493214716726701852e+01
3.829497154993142516e+01
4.497839849087939967e+01
-4.442861971285165623e+01
-1.281503849444315080e+01
1.318256517423018082e+01
-8.103225521863324232e+00
-3.805553353145976558e+01
-4.477411196891795342e+00
2.287592875720343599e+01
-3.229498438182092457e+01
-1.887578708802704597e+01
-1.126245067578167180e+01
4.918356349965381469e+01
-1.146934898935267988e+01
-1.125337996448360478e+01
-1.892100600609213501e+01
-4.730957082229708277e+01
-2.813670015558254889e+01
5.148647063760277121e+01
-1.173040770535185473e+01
-1.331287862004939271e+01
4.759455907035271593e+01
-4.453879233387471004e+01
-5.129232431714171980e+00
1.355122260797506861e+01
4.294189869611130916e+01
2.244579550726837525e+01
2.666932518990418544e+01
2.975077463417590096e+01
1.290206683944313681e+01
1.659096838744404501e+00
-2.544010001446791680e+00
-2.101722498179682574e+01
5.146197632624968321e+01
