-2.958827876857219863e+01
-1.600297232798101987e+01
-3.512207372932513749e+01
-4.567659705251012525e+01
-1.708663967714917931e+01
2.568346865326513750e+01
2.463700781206520318e+01
1.131129574538687166e+01
-1.214332472673321384e+01
-9.002604675913650212e-01
2.344156348254761468e+01
-3.145651645842141875e+01
-8.078233740872432733e+00
4.708588626330640459e+00
1.665849732240117476e+01
-2.263766827941594784e+01
-4.340628106829861821e+01
2.355472336358743313e+00
3.017318184624349797e+01
-3.088149327006306066e+01
2.545762492960472656e+01
-1.956884224032571495e+01
2.071891034637680917e+01
-2.434208161770898471e+01
3.020913465259090458e+01
7.965839244906324446e+00
-1.342933870783843631e+01
3.194336222177421192e+01
-3.491054361495814362e+01
-3.324628856686916123e+01
-7.036978087598278364e+00
4.060349342764773439e+01
1.694689968423008608e+01
3.553842589507297145e+00
1.160936914855683710e+01
3.325085802765483578e+01
2.358704353234466922e+01
2.471706093183887276e+01
3.548390523870187252e+01
-3.620628047763135271e+01
2.854338206194374905e+01
-3.781670974864191237e+00
2.719004756273820789e+01
1.999754909014826509e+01
1.858724194956015374e+00
1.611244362208077519e+01
-6.529925221335745711e+00
3.961468009598137741e+01
1.184464869940410559e+01
-4.938207162655861282e+01
