-2.752552657887598286e+01
-1.605725640028567014e+01
-3.521046300154119990e+01
-4.677887338131048267e+01
-1.810069850753926346e+01
2.585727526109555541e+01
2.467841019066439756e+01
1.118231537040261614e+01
-1.217221876027049809e+01
1.058305764247219560e+00
2.355297213679691026e+01
-3.151623698362975290e+01
-9.101814596453214889e+00
5.690779016879775831e+00
1.566420084079011410e+01
-2.154950455060146552e+01
-4.336635183606522048e+01
4.270575861364583226e+00
3.111686881328157028e+01
-2.992665010614564025e+01
2.641504514752218213e+01
-1.874035147010044611e+01
1.977255747949488907e+01
-2.441632021773929040e+01
3.132730474901220319e+01
6.032476721967402256e+00
-1.235635054141731892e+01
3.180052402993607075e+01
-3.398237275424587978e+01
-3.527559109343265220e+01
-6.011485265146037982e+00
3.862122941701807832e+01
1.891364290659860714e+01
3.585421597048846110e+00
1.167489216391684437e+01
3.325819040495078838e+01
2.465405171415867969e+01
2.470974466263284341e+01
3.433016567869886870e+01
-3.621950198757980388e+01
2.845387178012237683e+01
-3.950823224377891574e+00
2.824329458997821973e+01
2.299017199556734070e+01
2.860504834018838594e+00
1.518691499032146197e+01
-5.370911215105482306e+00
4.168660772798035907e+01
1.182121579986411675e+01
-4.950240475048256883e+01
