-2.800961724590975521e+01
-1.570364005140192099e+01
-3.416684248898542364e+01
-4.580783687869741527e+01
-1.807955651793466600e+01
2.572589873053198772e+01
2.471642594324758946e+01
1.121584743435916565e+01
-1.213643945058875140e+01
-9.153822054825168086e-01
2.340518444307236479e+01
-3.146474503235441844e+01
-9.066382534124002746e+00
5.734940458122668616e+00
1.568423996925185193e+01
-2.158238064947601487e+01
-4.337013773995111876e+01
3.353687055590058197e+00
3.114524878460215973e+01
-2.990388911021322826e+01
2.543275622361808885e+01
-1.867382156931018855e+01
1.974918021545196467e+01
-2.442744967838013892e+01
3.031115590017567385e+01
7.076292946247532356e+00
-1.241651601253789394e+01
3.172475453518272914e+01
-3.595465731692925004e+01
-3.430045677178178920e+01
-5.950271161017480104e+00
4.163381238968519682e+01
1.788012558840182109e+01
3.647871912222500512e+00
1.070590183262480721e+01
3.417755819562887609e+01
2.369297314925601583e+01
2.464518011240061668e+01
3.438059133418814639e+01
-3.611380449054215092e+01
2.847962011060605647e+01
-2.843804878036098494e+00
2.829974244424973762e+01
2.101041686658619412e+01
1.845585248443346815e+00
1.516366876116437723e+01
-5.468609894194365495e+00
3.968677202327098996e+01
1.171341015878507719e+01
-4.941119715449766403e+01
2.073519126374257837e+01
4.802624098048505630e+01
-4.279762948516742682e+01
-2.678826066743894785e+01
2.648567363528887242e+01
3.041226535234819295e+01
3.774253310887074520e+01
-4.626381572044235213e+01
-1.839465244513771225e+01
-2.268422292903948900e+01
3.751917303164725581e+01
7.855604829425931079e+00
1.926806348739980379e+01
-4.202552318611271431e+01
4.896301006354988772e+01
2.461287607602410432e+01
4.058011798160346473e+01
4.402375068428238336e+01
-4.531876362792925050e+01
-1.255027692163345776e+01
1.379586001311144905e+01
-2.560540687076324762e+00
-4.083794421813693276e+01
-3.029984110733610958e+00
2.590627854060807067e+01
-2.964051193664368000e+01
-2.036569296910548843e+01
-1.032508729754410659e+01
4.527334847368133808e+01
-9.840140453579573787e+00
-1.111143891993838295e+01
-1.823652224100731445e+01
-4.879076985375183284e+01
-3.230847915413941251e+01
4.906487876558297501e+01
-9.465494137287276288e+00
-1.702617810985159252e+01
4.844485938238675260e+01
-4.403317454110553797e+01
-7.477275797262806556e+00
1.331777362641313367e+01
4.697529824772163920e+01
2.382480425574125960e+01
2.720398209685303215e+01
2.677421071258714136e+01
1.466176596397111709e+01
4.063452193816362801e+00
-3.105968544550489874e+00
-2.122623525974130843e+01
4.980477761851524576e+01
