-1.130469078505052266e+03
-1.188048814882507031e+03
-5.970170929437155110e+02
-1.468900972325080375e+03
-1.310447632062456023e+03
-7.334103822705676521e+02
-1.201902080764643870e+03
-1.019892594916908138e+03
-8.438724211631588332e+02
-5.994107864989878180e+02
-9.692663324597630208e+02
-6.332495878730521781e+02
-5.421187488310869185e+02
-1.097559462914558480e+03
-7.371350687116703284e+02
-8.071730601661301989e+02
-8.071223305243626100e+02
-8.796794052030963940e+02
-4.268831381333049535e+02
-1.184678979467301133e+03
-7.418756301595590230e+02
-5.524106749715720071e+02
-1.392826740214638903e+03
-6.644314710613614352e+02
-6.316781054861784241e+02
