-2.939425628257776779e+01
-1.594107502857313996e+01
-3.425515900588072782e+01
-4.569511717729018585e+01
-1.811105577830742064e+01
2.576819361892061622e+01
2.469724317841901495e+01
1.119936552404618446e+01
-1.211156721237883005e+01
-8.884684437271239688e-01
2.346131714788615241e+01
-3.144452773110768007e+01
-9.069293608928010286e+00
5.745395007410213140e+00
1.562139707646431930e+01
-2.154409148042928024e+01
-4.440047273481344803e+01
4.416864088646753395e+00
3.212601553484392980e+01
-2.898913043257061872e+01
2.546760230988572360e+01
-1.856703709995226603e+01
1.978575965928845193e+01
-2.445465049583451034e+01
3.029938525354024748e+01
7.053486276003951616e+00
-1.239079228612992445e+01
3.179432245140347391e+01
-3.510824930208253392e+01
-3.331918012826327669e+01
-4.926056892743160276e+00
4.239816042351549896e+01
1.887762940135451117e+01
3.708104626415655858e+00
1.071053629733345147e+01
3.416954789150358351e+01
2.376911077272615458e+01
2.468452729948087310e+01
3.436317739649415870e+01
-3.610110865791573787e+01
2.847043893540594439e+01
-2.839384985358124336e+00
2.833081015654629553e+01
2.108988210185237833e+01
1.810206561574125850e+00
1.520979026292561898e+01
-5.479630876844449716e+00
3.965691366839399734e+01
1.177414829850331301e+01
-4.940289448835322617e+01
2.080187537047198276e+01
4.801402502673687422e+01
-4.278249515986876617e+01
-2.670382239237726196e+01
2.655122278122005852e+01
3.040989080808783740e+01
3.773802415960857815e+01
-4.635276891445678160e+01
-1.908974483307995484e+01
-2.271075692533297641e+01
3.761528155050196176e+01
7.869798387444983945e+00
1.935634337929870696e+01
-4.205618599774974342e+01
4.887555697517027653e+01
2.458345853318563101e+01
4.069917731328609278e+01
4.406046236104041469e+01
-4.525835993861485917e+01
-1.248512652210676244e+01
1.374396498335505790e+01
-2.557777349431639813e+00
-4.088274584212670959e+01
-3.050722701794108982e+00
2.589058805078506964e+01
-2.970878882642928787e+01
-2.052008212338365922e+01
-1.044208524614547429e+01
4.530980178630262856e+01
-9.876786094642820757e+00
-1.117336680446989661e+01
-1.821961401977488748e+01
-4.877905344539149013e+01
-3.220497890255060014e+01
4.902420342912027706e+01
-9.426399327084038049e+00
-1.705833265045922431e+01
4.843463895852169543e+01
-4.395588597658268526e+01
-7.594228691225202610e+00
1.332965486055057802e+01
4.698429992319594106e+01
2.374541124448829166e+01
2.726896873125517473e+01
2.674829167560885423e+01
1.454124113114488459e+01
4.054876674614548371e+00
-3.083539149392733325e+00
-2.117252376238283773e+01
4.981995376883513416e+01
