-2.948625797926885284e+01
-1.507547122688387198e+01
-3.356973728629418474e+01
-4.571567328132482544e+01
-1.808519990118884380e+01
2.575271917398493571e+01
2.471921312651381442e+01
1.124552979353729043e+01
-1.212225981974146372e+01
-9.140894724797938853e-01
2.340982953147238632e+01
-3.145360618758947879e+01
-9.053724421637145525e+00
5.758900454294576754e+00
1.567030972517295595e+01
-2.154516532000494422e+01
-4.336383419294393349e+01
3.361123517086745061e+00
3.114776931802465043e+01
-2.987697383631529391e+01
2.546979645189557573e+01
-1.865936912788968272e+01
1.980130302532218423e+01
-2.449612424162232216e+01
3.037174723211463245e+01
7.011747696285953957e+00
-1.239963802813266014e+01
3.178599947348790522e+01
-3.587154693005625461e+01
-3.418212692624263838e+01
-6.103502689355557287e+00
4.162970584151506870e+01
1.784254381463087213e+01
3.651170429556738206e+00
1.074392289953762436e+01
3.414241113512846937e+01
2.376082265290200013e+01
2.559209208382582545e+01
3.539989618079957268e+01
-3.515863499251042867e+01
2.864194181198940470e+01
-2.785897924323007757e+00
2.832622299452258474e+01
2.106126056287497761e+01
1.853747771646367726e+00
1.517149821917923624e+01
-5.440756623833020278e+00
3.971973993298841776e+01
1.172782635948620289e+01
-4.943686001245225725e+01
2.080050796328895046e+01
4.801101960068186969e+01
-4.280576511126823647e+01
-2.679250388479965750e+01
2.644163241997429736e+01
3.041794657091582010e+01
3.776848825264480070e+01
-4.629847735171593825e+01
-1.840862090599970813e+01
-2.274551363405053550e+01
3.743894834231107183e+01
7.818183212473784671e+00
1.928479975233119248e+01
-4.203186938360320113e+01
4.895611371831199676e+01
2.467847174564290924e+01
4.059088122448178382e+01
4.405734756772560701e+01
-4.531559695562268786e+01
-1.257824871455404292e+01
1.380626524695939317e+01
-2.540443497258057182e+00
-4.082309576957680974e+01
-3.012996941801044937e+00
2.591069021645267867e+01
-2.962296316273744878e+01
-2.037704517478935173e+01
-9.408882910581979786e+00
4.535305261442281477e+01
-9.663890515772573409e+00
-1.101035259387190735e+01
-1.819265434513615531e+01
-4.875402206380206849e+01
-3.247805186208668715e+01
4.905531255847365202e+01
-9.496859104533479368e+00
-1.695205207566027639e+01
4.835249138851195028e+01
-4.404341606319577096e+01
-7.372436219371615529e+00
1.355141890545238326e+01
4.698567914401692747e+01
2.387717340969157931e+01
2.717299123955310591e+01
2.780355501515537142e+01
1.550961063483567415e+01
4.045780810380612103e+00
-2.107951993362075171e+00
-2.023974782399788452e+01
4.969078063652342081e+01
