2.114796931121025736e+00
-2.997351787114548305e+00
5.189179097972420607e+00
-1.297895154630644310e+00
-7.296709847265783644e+00
-8.109461350780527766e+00
-8.342632004385116318e+00
-7.025734647797225563e+00
9.482103270765357195e+00
8.318454943473845731e+00
-5.727227982015648422e+00
-8.450214975685852892e+00
3.727817991745744575e+00
3.067109791705482813e+00
1.497685892162828880e-01
-1.667500916414483392e+00
-6.346090299485766195e+00
2.474552245642615667e+00
-1.428353784240016466e+00
-5.396297956900149018e+00
1.118787568626153472e+01
-8.040351456868944924e-01
1.529959812388750895e-01
6.809156830608871225e+00
4.793154876422162647e-01
4.990079774054798634e+00
-7.898783776889299446e+00
8.578280707320043774e+00
-1.852625271654628092e+00
5.320515625146620131e+00
-2.347411844237536460e+00
-4.711610809182404935e+00
6.885227708878739250e+00
8.508590701872279283e+00
-3.865646969807883693e+00
2.298103275324438144e+00
6.281157661435964989e+00
5.007813923195977068e+00
-7.146283663669922070e+00
7.886329543482017979e-02
5.944630732010613983e+00
-5.383903639320833934e-01
-7.830821028672871442e+00
8.356924517721564527e+00
-6.005579493860127904e+00
7.465217847809624274e-01
4.097219104122157063e+00
-3.638711050782468703e+00
-3.135981878650081489e-01
-1.040912519918710810e+00
