-2.818037785460710865e+01
-1.924782961431664674e+01
-3.440845644241061763e+01
-4.298437920063402373e+01
-1.522213175434061050e+01
2.831246228658079289e+01
2.602581316915890852e+01
1.351532020969628434e+01
-9.369302543613795109e+00
-6.228900475121685432e+00
2.655636307100805027e+01
-3.064288247307001001e+01
-8.276741558881418825e+00
4.009389784238199361e+00
1.855967328487221835e+01
-1.909380137769963426e+01
-4.037315331481202918e+01
-8.861603862172846569e-01
3.144090963076116907e+01
-2.822826513549664185e+01
2.697390584703416749e+01
-1.334274247003206249e+01
1.810274688541095145e+01
-2.540055959553676956e+01
3.133261122047365177e+01
1.029984809868239459e+01
-1.352077078638212271e+01
3.284925720340530830e+01
-3.707750220364614790e+01
-3.132280021156271843e+01
-6.458004566659782952e+00
4.355769735008793475e+01
1.291850507092037326e+01
6.006063505317605689e+00
1.224532205262543094e+01
3.612201581725761201e+01
2.494662600612863557e+01
2.558512993282577952e+01
3.526219712431504405e+01
-3.358857856284375032e+01
2.695803972378296010e+01
-2.863240923546679806e+00
2.885447470567853046e+01
2.256279289997369730e+01
6.319936263610661520e-01
1.391659539413889846e+01
-8.245986276236209278e+00
3.493517028413795344e+01
1.016706354560212588e+01
-5.246618953068971791e+01
1.924377274434214513e+01
5.282618190021211291e+01
-4.218416388489514190e+01
-2.951707794130720686e+01
2.355445087820125849e+01
2.810639522019269876e+01
3.796058179472748861e+01
-4.283772122016645767e+01
-1.595700617888908823e+01
-2.643740104530432333e+01
3.809704487464788514e+01
8.447166000035551292e+00
2.012622838029914973e+01
-4.184927513042499925e+01
4.873211701376800420e+01
2.538883418562035388e+01
4.352339139778484878e+01
4.181416910524449548e+01
-4.937457274895462689e+01
-1.223505526528933984e+01
1.216180303767553461e+01
-2.070008417649957799e+00
-3.928716753275197249e+01
-2.300330996499777125e+00
2.506282006639099080e+01
-2.871848245585483994e+01
-2.143481329007287428e+01
-1.120714825202608012e+01
5.071014995362416045e+01
-9.949431584012700114e+00
-9.180543325391731457e+00
-1.450468054709920551e+01
-4.921950569504717521e+01
-3.301077424241038472e+01
4.798023481401957469e+01
-1.169374253766077665e+01
-1.492915305894640454e+01
4.610550438215192770e+01
-4.517973849676274511e+01
-4.633160990203029961e+00
1.457167968196554142e+01
4.971790403670375724e+01
2.459184263163881212e+01
2.714093855732190264e+01
2.596821723990746378e+01
1.585357494441312731e+01
3.417406019452160049e+00
-2.092860324173762443e+00
-2.266933989162824403e+01
5.132376446079570087e+01
