-2.800183224150802275e+01
-1.641924361055181336e+01
-3.192949826183250295e+01
-4.315633649912081893e+01
-1.748579056639011498e+01
2.195925174632540688e+01
2.841381348087509551e+01
1.015332192794315347e+01
-6.766042951836519492e+00
-1.007879681969267471e+00
2.280018592707274294e+01
-3.196858481344510849e+01
-9.039675138358242990e+00
8.661206232372638425e+00
1.695180684575177210e+01
-2.198609442688024274e+01
-4.468676517468242793e+01
3.693734428344102483e+00
3.328744699997984213e+01
-3.233874324185138960e+01
2.377532990640642652e+01
-2.121477434977342114e+01
1.815641234574330554e+01
-2.265255908871221635e+01
3.125928013034513242e+01
6.113181169320719199e+00
-1.599752107618099828e+01
2.938066277219435563e+01
-3.827513657823721616e+01
-3.604291157304404436e+01
-4.435582740969953974e+00
4.069711324248657291e+01
1.647389367223242829e+01
7.809328810838712442e+00
1.262523252194213441e+01
3.330082680778325965e+01
2.004796839476152925e+01
2.497106984593153811e+01
2.984458516684574292e+01
-3.630295620416072211e+01
2.722253899953919287e+01
-4.506812134095910416e+00
2.459532794335416384e+01
1.903731958968342752e+01
-4.105039267349120946e-01
1.794782617754458443e+01
-5.891014880189200831e+00
3.713688987168033862e+01
1.153137693638684880e+01
-4.750880070455234261e+01
1.891160524523497344e+01
4.646914100126733871e+01
-4.124096032367572207e+01
-2.772834552792496510e+01
2.605124097904279878e+01
3.066861390931409304e+01
3.681944846123897008e+01
-5.155799906354998541e+01
-1.402884283343454364e+01
-2.487486364131330063e+01
3.657380690221567221e+01
1.058137836711695101e+01
1.966373757790056231e+01
-4.283739771204343327e+01
4.987447188290916955e+01
2.818855965061247915e+01
4.034527258706913244e+01
3.742916682128542760e+01
-4.277248281287975118e+01
-1.065609848149652450e+01
1.833843615920041259e+01
-4.829774547720778743e-01
-4.117816158061044263e+01
-5.299176290418683877e+00
2.362546171975589004e+01
-2.897193622601334440e+01
-2.312483282003572072e+01
-8.214985190769306556e+00
4.635972767720950571e+01
-9.334947521273655013e+00
-1.315027964580304243e+01
-2.074795590247901345e+01
-4.514039942003766015e+01
-3.049021816835426435e+01
4.617669914126080499e+01
-5.860143728727326362e+00
-1.742180279268784915e+01
5.013503983995268953e+01
-4.564468454716077872e+01
-4.507004866227170226e+00
1.661678430491016201e+01
4.890150013310316268e+01
2.439252627332871981e+01
2.508047718757879352e+01
2.346255041898973559e+01
1.323203006649305813e+01
4.133607924220401131e+00
-1.638847951433484162e+00
-2.038316354524540586e+01
4.925453246270664209e+01
