-2.857287676284355982e+01
-1.602069291761025127e+01
-3.426735013531119733e+01
-4.581811210019831293e+01
-1.807978114677523607e+01
2.572567904804340699e+01
2.471656391468659919e+01
1.121571948912947825e+01
-1.213661711250465380e+01
-9.155066608648141369e-01
2.340530968566640624e+01
-3.146470652849854233e+01
-9.066299489076872220e+00
5.735014631024770715e+00
1.568416698502245055e+01
-2.158247350619374316e+01
-4.337023138836761404e+01
3.353632175083155698e+00
3.114533337227578258e+01
-2.990395091006261907e+01
2.543268921867132093e+01
-1.867392971714506444e+01
1.974923095020082897e+01
-2.442752402154224001e+01
3.031123770199413059e+01
7.076420612654886533e+00
-1.241641670287946297e+01
3.172483307982033907e+01
-3.595470423385472714e+01
-3.430051214977377327e+01
