-2.912479027599512804e+01
-1.571710900401042998e+01
-3.417643742236332116e+01
-4.580832086546249116e+01
-1.807985569922054836e+01
2.572444731863900813e+01
2.471878158100508927e+01
1.121526316161605408e+01
-1.213756603883505036e+01
-9.149133451759530189e-01
2.340336924699480647e+01
-3.146444041778840273e+01
-9.066403619477132025e+00
5.735758172020330115e+00
1.568348349387641250e+01
-2.158127350150989443e+01
-4.337094109636289119e+01
3.354266554521691646e+00
3.114700359006975461e+01
-2.990328051693460765e+01
2.543299753095510241e+01
-1.867384189210574519e+01
1.975025055677913599e+01
-2.442864172449859694e+01
3.031104309234426353e+01
7.076369351795703366e+00
-1.241677849458680782e+01
3.172446854115340997e+01
-3.595394946074523546e+01
-3.430068906441254484e+01
-5.950719722798742950e+00
4.163409304068903083e+01
1.788053826299794125e+01
3.648322223771317319e+00
1.070533467813307560e+01
3.417697175917539454e+01
2.369273761727415462e+01
2.464512832940581788e+01
3.438154387781624166e+01
-3.611301715050782946e+01
2.847963846863061832e+01
-2.842913370032601250e+00
2.829959676909831501e+01
2.101136651107886522e+01
1.845700014203883077e+00
1.516432615224082170e+01
-5.468934114802588731e+00
3.968716689139696285e+01
1.171435245861093222e+01
-4.941028096610863685e+01
2.073606112187998107e+01
4.802596377191886745e+01
-4.279769838932711679e+01
-2.678790928685029371e+01
2.648563176249092521e+01
3.041153764032189954e+01
3.774265359399130659e+01
-4.626370061732694694e+01
-1.839487584475740789e+01
-2.268365225188908951e+01
3.751826538012403489e+01
7.856711392360927526e+00
1.926891361369646916e+01
-4.202562252730126602e+01
4.896254302652938151e+01
2.461243523409231670e+01
4.057959220675593315e+01
4.402492910134709803e+01
-4.531890073620355963e+01
-1.254972866330045811e+01
1.379623351583590285e+01
-2.559883002453533063e+00
-4.083767800199517950e+01
-3.031029211934383127e+00
2.590576868082543172e+01
-2.964092694613148282e+01
-2.036505158691632644e+01
-1.032450491547379023e+01
4.527308889774560186e+01
-9.840595551927263429e+00
-1.111063935100018796e+01
-1.823703431227672311e+01
-4.879055337928332392e+01
-3.230905476081537842e+01
4.906499333178791744e+01
-9.465051435376393485e+00
-1.702656952961626402e+01
4.844418315142545595e+01
-4.403161994107583155e+01
-7.477149510514045971e+00
1.331740926771757216e+01
4.697535064261474247e+01
2.382427233916001441e+01
2.720335159792087154e+01
2.677501553624471953e+01
1.466020141929301346e+01
4.064484059614278166e+00
-3.104928793585126634e+00
-2.122608463321336814e+01
4.980386158851059264e+01
