-2.914710592306863290e+01
-1.569121015545832520e+01
-3.415998807107900603e+01
-4.580859082538733418e+01
-1.807983380908478210e+01
2.572474422669085570e+01
2.471581403525532039e+01
1.121673991984712693e+01
-1.213648572283941540e+01
-9.168021358539794052e-01
2.340603975091130451e+01
-3.146599063268948271e+01
-9.065473516161748790e+00
5.734645893865076616e+00
1.568374110686635170e+01
-2.158243895910379706e+01
-4.337197720549266222e+01
3.351973970690415694e+00
3.114764161960625799e+01
-2.990395841517117148e+01
2.543280415394007221e+01
-1.867302278040263275e+01
1.974916992472095956e+01
-2.442954255592569979e+01
3.031190750230399189e+01
7.075901078180275583e+00
-1.241504375563507345e+01
3.172409317808632778e+01
-3.595394502234792355e+01
-3.430062325481677021e+01
-5.949672287114314173e+00
4.163379839736862920e+01
1.787998524968460501e+01
3.647151866649620988e+00
1.070600810203217534e+01
3.417779540564495022e+01
2.369321351456231284e+01
2.464382800144583285e+01
3.438055374510646800e+01
-3.611160217715168130e+01
2.847805118265668156e+01
-2.844586733217537855e+00
2.829934268608896630e+01
2.100919571758608839e+01
1.845927648814898570e+00
1.516339963870516883e+01
-5.468072241226741070e+00
3.968610651831949099e+01
1.171277699178701326e+01
-4.941030816589290708e+01
2.073605253144179983e+01
4.802829384947184366e+01
-4.279856763416602661e+01
-2.678834700474932617e+01
2.648593732785060695e+01
3.041135314567131687e+01
3.774282413885415366e+01
-4.626545119296103792e+01
-1.839517930016675606e+01
-2.268297219343065052e+01
3.751902029962394636e+01
7.853697851355455839e+00
1.926968408440221836e+01
-4.202472272422667743e+01
4.896420028552925885e+01
2.461210063985587126e+01
4.057945513605744736e+01
4.402286507810152472e+01
-4.531957156473465886e+01
-1.254963645576948394e+01
1.379342321173084329e+01
-2.562911148377070347e+00
-4.083701965155377422e+01
-3.030037061881844185e+00
2.590706550399340813e+01
-2.964028120702874958e+01
-2.036564951215103036e+01
-1.032448553286299919e+01
4.527260436327593141e+01
-9.839857257454514894e+00
-1.111215826958172670e+01
-1.823697028981830925e+01
-4.878986011795339550e+01
-3.230743813241011253e+01
4.906543754598701668e+01
-9.466206760787454044e+00
-1.702590636427797577e+01
4.844547725711957042e+01
-4.403145840796901922e+01
-7.478376581458116235e+00
1.331749906742561862e+01
4.697615824366081227e+01
2.382633469535972992e+01
2.720350641453403995e+01
2.677364610332696415e+01
1.466211248639879017e+01
4.061781655921786083e+00
-3.102766152823730028e+00
-2.122808772428241397e+01
4.980474953898441015e+01
