-2.587573258061614467e+01
-4.908807874844468699e+01
2.471831704637792271e+01
2.141441973011844979e+01
-1.510858693359814708e+01
4.147044853301770218e+01
3.821033507746628288e+01
-1.905134741995177450e+01
-1.901465535549940000e+01
-4.141349891341436518e+01
3.799061483161530361e+01
-1.262974701993433513e+01
3.115914066243630742e+01
2.039590718584432594e+01
-1.261407368776251658e+01
8.781289220583481381e+00
1.947590758340169614e+01
1.190361558189539259e+01
4.238468133945288940e+01
3.314123440636763007e+01
5.295588774223247697e+00
2.702983389398105984e+01
5.469859153642623539e+00
-3.144899412606783073e+01
4.822356980988761421e+01
-3.452005581690173130e+01
-4.020637354016696463e+01
-8.744624371076582747e+00
-2.081004330580396555e+01
-1.999293563830251230e+01
2.287918734934689269e+01
-3.650738423165401869e+00
2.742208788476180814e+01
-4.344203902332008482e+01
-3.230999033532921061e+01
-4.630010744530304834e+01
-4.698038090761264840e+01
4.800452088022493058e+01
-3.570919287139008702e+01
-9.665382375131896353e+00
1.259087061783980488e+01
7.965493022490626629e+00
-4.097442786079565735e+01
4.145192076488797284e+01
-7.783552613177210588e+00
1.147657179274432337e+00
-1.314113482874373418e+01
-2.869759632772418456e+01
2.120783278032710228e+01
4.210423527077672645e+01
