1.049709931108691990e+03 0.000000000000000000e+00
1.608414872454823808e+03 0.000000000000000000e+00
2.420075215195943656e+03 0.000000000000000000e+00
1.124528211901181976e+03 0.000000000000000000e+00
4.570894420634507696e+03 0.000000000000000000e+00
2.399677264610400016e+03 0.000000000000000000e+00
1.908719203559088783e+03 0.000000000000000000e+00
3.165138271850043111e+03 0.000000000000000000e+00
1.596532448527908400e+03 0.000000000000000000e+00
2.345811011777088879e+03 0.000000000000000000e+00
1.720903614103705195e+03 0.000000000000000000e+00
1.743106067006044441e+03 0.000000000000000000e+00
2.345741943354602881e+03 0.000000000000000000e+00
3.564034829881976293e+03 0.000000000000000000e+00
2.367143395445597889e+03 0.000000000000000000e+00
8.228842074413860246e+02 0.000000000000000000e+00
1.891456550537138128e+03 0.000000000000000000e+00
1.151808865090482641e+03 0.000000000000000000e+00
1.060868809294193625e+03 0.000000000000000000e+00
1.943037385532564258e+03 0.000000000000000000e+00
2.660486261587400804e+03 0.000000000000000000e+00
1.544121699024336976e+03 0.000000000000000000e+00
1.590341735106236456e+03 0.000000000000000000e+00
1.527997491703302103e+03 0.000000000000000000e+00
1.694040639161480613e+03 0.000000000000000000e+00
