-2.860110553002508738e+01
-1.489974149330117825e+01
-3.438527913571488170e+01
-4.477971928133408142e+01
-1.711724323358194511e+01
2.669654857934907710e+01
2.584053655286449924e+01
1.213799707797042871e+01
-1.210781986725244863e+01
1.848306220407858191e-02
2.431903454497973627e+01
-3.253551414422454258e+01
-8.010767365477992286e+00
5.659699993094734261e+00
1.581157234356663643e+01
-2.075376751842885170e+01
-4.234727949260359736e+01
3.313397490700173087e+00
3.037739557958176206e+01
-2.952761106624691223e+01
2.528082037047782649e+01
-1.889833036900030550e+01
1.894005401670491295e+01
-2.340559614816552880e+01
3.127522200598540536e+01
6.931921485100744462e+00
-1.233380898376046808e+01
3.258397732184707962e+01
-3.592163741893875084e+01
-3.427592409067164425e+01
