-2.857287671535261708e+01
-1.602069291667152484e+01
-3.526230893658616594e+01
-4.581811210982114346e+01
-1.808071942475567795e+01
2.572470485057353429e+01
2.471749003778979770e+01
1.121448573516576452e+01
-1.213787647053861640e+01
-9.143969387951238481e-01
2.340634895744736355e+01
-3.146576520656126874e+01
-9.067478231741230132e+00
5.733850843181133250e+00
1.568526274769372009e+01
-2.158146215826401004e+01
-4.337119088301233916e+01
3.354708202280646034e+00
3.114638072237545074e+01
-2.990503059940987285e+01
2.543369611547515774e+01
-1.867300392324855096e+01
1.975030917753736759e+01
-2.442752402089811170e+01
3.031123770062650635e+01
7.076420614157743927e+00
-1.241641670424773380e+01
3.172483308336843422e+01
-3.595470423284279349e+01
-3.430051215079379290e+01
-5.950190292723073426e+00
4.163390337736954905e+01
1.788017874313369049e+01
3.647973510275938747e+00
1.170094668231084256e+01
3.517256030731060434e+01
2.369305365934113894e+01
2.464509163434008698e+01
3.438064711200805590e+01
-3.611374658904382073e+01
2.748457746371089172e+01
-2.843728200082852098e+00
2.829985668735850624e+01
2.101032353144228537e+01
1.845463126689019795e+00
1.516357836878018439e+01
-5.468721734572691062e+00
3.968669887840562183e+01
1.171355236737435312e+01
-4.941107403215490024e+01
