-2.796374773177220874e+01
-1.320908894544017187e+01
-3.684074579408560624e+01
-4.340477586627354611e+01
-4.405990562800020882e+01
2.006795669204127108e+01
2.835167246144971642e+01
1.552982449834829914e+01
-1.133039647653637516e+01
-5.716533841711931352e+00
2.319005909527666276e+01
-2.701658338490262423e+01
-1.146957775868265017e+01
-5.420493859496239963e+00
1.871114025726970453e+01
-1.383108140402483421e+01
-4.510479148092931467e+01
3.468588980505384889e+00
4.707222087244757347e+01
-4.647416481281195644e+01
2.846576581288347541e+01
-2.269257082989034302e+01
1.425743204335840630e+01
-3.681288787485925695e+01
9.078437506149466429e+00
8.874324239153652982e+00
-2.123336413889872887e+01
3.661214934102046925e+01
-6.115684260053824062e+01
-3.707997834703916595e+01
-8.362352894770639367e+00
5.013674840926788079e+01
3.143308531945842788e+01
-1.272137618538529580e+00
2.013657804605315604e+01
3.766488300875428052e+01
1.903617528868579001e+01
2.549704048483251384e+01
3.524628137080610912e+01
-3.443032015491605335e+01
2.997866961929513963e+01
4.363839722859203185e+00
1.382367546585173201e+01
-5.351404178516220966e+00
-1.200728673848582773e+01
7.298042877258949623e+00
-8.025996771434257937e+00
2.997815089708713643e+01
3.084165291633888195e+00
-4.509828492562789393e+01
