-3.548740836452115843e+01
-1.719565445282150762e+01
-4.037639860887017562e+01
-3.874739694784876320e+01
-7.694954700138108450e+00
3.083680381705929818e+01
1.829346057202017306e+01
-1.249357009072884139e+01
-1.194183220110069144e+01
-1.105888427977880895e+00
3.139311214418970053e+01
-8.881528560373686432e+00
-1.519317923417476912e+01
3.181823073258438050e+00
5.980212263543105422e+00
-3.603253583781552294e+01
-5.411111952819189241e+01
1.353298666993333477e+01
1.816374575217142251e+01
-2.926664321997412799e+01
3.205175573888412544e+01
-2.261424467574430608e+01
1.750409365081839752e+01
-3.251630980753218125e+01
3.256946040114829799e+01
5.797667580638111495e+00
-1.339523247338842182e+01
3.626456592768883525e+01
-3.905713401351648884e+01
-1.147849570535641917e+01
4.681055825077462984e+00
5.426399135127459061e+01
2.448193484752628990e+01
-1.284279450266491196e+01
9.785915770038748462e+00
2.230905144548115970e+01
2.860551698464049153e+01
3.098477612026158567e+01
3.582735007192359689e+01
-4.303733080294002633e+01
2.891243708192028450e+01
8.092931909000757429e+00
2.810404602995114942e+01
1.706065690227350018e+01
4.106457571083929281e+00
9.011165063719833057e+00
-2.330109696022670107e+01
5.663306120893786755e+01
1.366898474979998213e+01
-4.551397858746865666e+01
