-3.587396731627000435e+01
-1.603972530535751773e+01
-2.950210822291425217e+01
-4.530428164042907468e+01
-6.420923399780923191e+00
2.372937849692616652e+01
3.585561780005163968e+01
-3.772195430907874680e+00
-1.907923556548428223e+01
5.586575403071882384e+00
3.872164407491735005e+01
-2.874955105092494989e+01
3.056138936117296367e-01
3.871102029062624794e+00
2.021203595390290886e+01
-3.525799858942689013e+01
-4.428224137511018199e+01
1.220401625990140904e+00
2.092499371959738852e+01
-3.078461746446963332e+01
3.153886690164156192e+01
-3.536116069991926736e+01
2.835826661199908472e+01
-2.456501601170734972e+01
1.779245007307817161e+01
2.896753982741789635e+00
-3.125425283603179594e+01
2.338207702205820127e+01
-3.357265343703446803e+01
-2.648151374910383282e+01
-2.117140523115063644e+01
4.484754197430427780e+01
1.644337880641739957e+01
4.187012686245029869e+00
1.708021557987820316e+01
5.678660567558816297e+01
2.235644482571912306e+01
2.788490340014920932e+01
2.968189277151776650e+01
-3.877029215254053440e+01
1.524866398945525958e+01
2.712464970904212791e+00
1.497365675157756826e+01
1.068618670416244854e+01
1.506647542864710587e+00
2.053118856493849620e+01
6.284596923975678706e+00
4.150619461731226778e+01
1.765118840198962502e+01
-5.922657527309509362e+01
