-2.857287674824737422e+01
-1.602069267725701707e+01
-3.426734954308926717e+01
-4.581811383240527391e+01
-1.807978064300595378e+01
2.572567988878083511e+01
2.471656279225594233e+01
1.121571997926332820e+01
-1.213661640538181707e+01
-9.155075140881090423e-01
2.340531101984289108e+01
-3.146470819246086492e+01
-9.066298735326270730e+00
5.735014409912434274e+00
1.568416773315102475e+01
-2.158247460255575234e+01
-4.337023125488694575e+01
3.353633673661920778e+00
3.114533179588799783e+01
-2.990395130211152264e+01
2.543269000343812891e+01
-1.867392602890676301e+01
1.974922355277140085e+01
-2.442752011427253933e+01
3.031123736152252590e+01
7.076420327369194574e+00
-1.241641583152329531e+01
3.172483252486258110e+01
-3.595470412871750199e+01
-3.430051192308810926e+01
-5.950190546591339391e+00
4.163390315773876438e+01
1.788017887497099423e+01
3.647972424555677939e+00
1.070599127284880225e+01
3.417759724551585521e+01
2.369305697732207960e+01
2.464509112148282810e+01
3.438064701631391529e+01
-3.611374652469087465e+01
2.847953581550579827e+01
-2.843728642372200355e+00
2.829985660761543897e+01
2.101032319281073768e+01
1.845463266632099142e+00
1.516357840666919543e+01
-5.468721251407724360e+00
3.968669941500824194e+01
1.171355469349422762e+01
-4.941107642449847503e+01
2.073509713781032460e+01
4.802637604898460921e+01
-4.279755084165769574e+01
-2.678821585759103030e+01
2.648576189222617927e+01
3.041237516346851777e+01
3.774266458200705188e+01
-4.626394065948812795e+01
-1.839456148301672656e+01
-2.268409154027837005e+01
3.751905246105377500e+01
7.855536088313574083e+00
1.926812282053628422e+01
-4.202561086586136696e+01
4.896307473328714366e+01
2.461281099413542961e+01
4.058018488457886974e+01
4.402366860064793741e+01
-4.531879988458707942e+01
-1.255021608294858737e+01
1.379595317188665149e+01
-2.560425250680062437e+00
-4.083788475629054915e+01
-3.029882242795097547e+00
2.590618088573157962e+01
-2.964044715911556693e+01
-2.036560941743993425e+01
-1.032501205706355840e+01
4.527341819114288057e+01
-9.840186287464408821e+00
-1.111151019772930049e+01
-1.823645636353623090e+01
-4.879068418252145989e+01
-3.230855112917711125e+01
4.906478959684557140e+01
-9.465412006827575553e+00
-1.702629695344632665e+01
4.844474702176589886e+01
-4.403309819486661070e+01
-7.477363959717731490e+00
1.331788784601340936e+01
4.697544920710637939e+01
2.382466454806004208e+01
2.720392158493538304e+01
2.677428517303501465e+01
1.466167846744125391e+01
4.063552267801979312e+00
-3.106116754509483435e+00
-2.122634210895301266e+01
4.980461844635911461e+01
