-5.227102161507421130e+00
-9.045821306912044335e+00
-7.939763362800336566e+00
-9.393472862885987595e+00
1.203996409025240855e-01
8.433964618797030965e+00
-9.176087392888888417e+00
2.928730277820187133e+00
-4.925753219135495797e+00
4.480047327230839649e+00
-9.272962855664898640e+00
-2.634146454194681741e+00
-6.234543546839343975e-01
7.632587021628559398e+00
4.638666926712816441e+00
-1.337693403791254010e+00
-5.829462771700280044e+00
-4.066161128788205126e+00
2.323075743803284965e+00
-8.787741353052791027e+00
6.557587771299859369e+00
-2.233897146589073901e-01
-8.216979728697276997e+00
6.384308513613207836e+00
-9.780716715472344447e+00
4.323441370207034673e+00
-5.401931647004530213e+00
2.273326042564264071e+00
-1.829756760413539851e+00
4.185883821137669436e+00
-3.833294017569063961e+00
-6.763750465302434733e+00
-5.509978306601476028e+00
6.757733071659759005e+00
-6.819345664709630661e+00
8.668505436160288014e+00
-9.984693179661588758e+00
-1.122124425086020727e+00
-9.798855847819147868e+00
-5.531659745662000915e+00
-9.161905833692307155e+00
9.285844072816555883e-01
-9.473971087849445638e+00
1.081351403524969390e+00
-3.921457907381175279e+00
5.472598682343577714e+00
-6.582482784216503902e+00
-3.281013954765906959e+00
2.920844843207755392e+00
-9.769692992224982220e+00
-9.808053835438835577e+00
-5.639046595391667971e+00
-9.089369795618701175e+00
7.647217924583276094e+00
-2.209543160541115547e+00
-7.648313954227333511e+00
-9.752222496800937890e+00
-5.474682389745715305e+00
-7.461851791248296450e+00
-6.062755640866773987e+00
-6.830817093455650024e+00
-6.029070492862506070e-01
4.371496434661932828e-01
7.231032923520661626e+00
-9.597785253121026372e+00
-2.285524387545883496e+00
1.974315758761856943e+00
-8.573207351451348490e-01
-9.909039216852027820e+00
-3.515078353970659819e+00
2.801206276219122770e+00
-8.090073110289823788e+00
-5.525006996575188012e+00
1.502234302418555378e+00
-9.832756626029546254e+00
1.248519580059498812e+00
-3.971727673051538510e+00
2.954230674885965691e+00
-3.348880256856149984e+00
9.446676705026067822e+00
-1.960443685397182723e+00
-8.077361704107090645e+00
-6.725883309408668076e+00
7.135659026274747241e+00
-9.205959774507411097e+00
-2.756552461924442810e+00
-8.421457486796974479e+00
-6.677132893250360413e-01
-6.381169498540895546e+00
-4.703579457706600131e+00
-5.168674072488167681e+00
-9.000801654274138031e+00
-7.766853919496613301e+00
9.271035957754611090e+00
-5.055235845957905205e+00
-3.560385909047278918e+00
-9.290571330246629955e+00
-3.758627733292252970e-01
-4.468458975413454937e+00
-6.592167472863336819e+00
