-2.430690195816596599e+01
-8.140203396010370795e+00
-3.115245520391832912e+01
-5.727111342312699094e+01
-1.547263536950270080e+01
2.609585328493502132e+01
2.019271655797670206e+01
3.718199507993501740e+00
-8.565242236976878587e+00
-4.777380737177802317e+00
2.486893502835361147e+01
-3.082062851395389202e+01
-8.998032315288417848e+00
8.522840311801717306e+00
1.586511324266817269e+01
-2.319418536971527089e+01
-4.762709751440657158e+01
1.163395965501846163e+01
3.686326663806689652e+01
-3.376961003292285568e+01
2.732687693005463458e+01
-1.621504651958667864e+01
1.824321153339520762e+01
-1.751122401873237777e+01
2.481359244046045021e+01
1.467047163845392710e+01
-1.297329833737866522e+01
2.880172176495029390e+01
-3.947259037795780046e+01
-3.808501737991207392e+01
-7.818710091898873671e+00
3.444603947908178299e+01
1.074888675054781828e+01
-6.146400942732153538e+00
1.248605350423431659e+01
3.143306997501343858e+01
2.279347053463885331e+01
2.589313445159647031e+01
2.817116228296722724e+01
-3.314032391532842325e+01
3.835271805164218506e+01
-4.373544689180082656e+00
2.502432387600752861e+01
3.045810809432073540e+01
8.190474696334693050e+00
1.397997891727231767e+01
3.250632591581978481e+00
3.227647451266086875e+01
1.093765987205748758e+01
-4.666272127206376297e+01
1.809781582425488722e+01
4.624679338528645900e+01
-4.150857664617662124e+01
-3.482507500375256626e+01
2.847220473533140250e+01
3.262327539940435628e+01
1.884044304271605696e+01
-6.904679324563014120e+01
-1.642111909956310356e+01
-3.225844202183255049e+01
3.980385865917466504e+01
3.968029261021056797e+00
1.548533858721739342e+01
-4.832376363303469446e+01
4.332891297896225069e+01
2.931045698372117414e+01
4.313191480056418214e+01
5.105179358144165747e+01
-3.013722702252535868e+01
2.327770891973937495e+00
2.254027186087880708e+01
2.470648455434425905e+00
-4.296535785808266183e+01
-7.433778003474535545e+00
2.711816438761037773e+01
-3.389782702735549691e+01
-2.418075104438938183e+01
-4.293773248391623554e+00
4.063426901833589966e+01
2.541088881818998502e+00
-1.411729603540424627e+01
-1.986276151130814327e+01
-4.135954487503438770e+01
-3.831597629102838454e+01
5.283709324194870760e+01
-2.190878008784158837e+00
-1.058092319986885954e+01
4.525812391193724693e+01
-4.670210812602333306e+01
-2.338316540609848282e+00
1.149789942038782442e+01
4.585457072853519378e+01
2.594855555993778751e+01
1.916792675451432970e+01
2.099750240981933658e+01
2.016922065330728486e+01
-2.007447303911897407e+00
-4.340311994910056370e+00
-2.237160597954172303e+01
4.616742029473154929e+01
