-3.850000003432859201e+06
-3.850000002680801786e+06
-1.086116967515633400e-03
-1.848255305436985509e+03
-4.421441561485085661e-04
-3.850000182023006957e+06
-3.850000005342708435e+06
-3.850002228015625384e+06
-2.299510116302498943e+02
-3.850000110801164526e+06
-3.850000049014873337e+06
-3.850000386560279410e+06
-3.850000000419364776e+06
-2.510636868811975755e-05
-3.850000267028457019e+06
-5.615793536289372475e-05
-3.850000008076441940e+06
-2.637998316150743294e-05
-3.850000012326648924e+06
-3.850000136639111210e+06
-3.850000000554264523e+06
-3.850000001051867381e+06
-3.850000105793176685e+06
-6.497866051814263095e-04
-3.850000070117759053e+06
