-2.972373217144607338e+01
-1.716818654448053394e+01
-3.541483706467924719e+01
-4.696559908454992893e+01
-1.922726808515533037e+01
2.457819204411816827e+01
2.356907688578458959e+01
1.006823241362310206e+01
-1.328410414205781365e+01
-2.062993693346844459e+00
2.225782271133027379e+01
-3.261219351065287242e+01
-1.021378642047672081e+01
4.587527726851313936e+00
1.453668006066914664e+01
-2.272996048213854792e+01
-4.451771838493067435e+01
2.206145170387954657e+00
2.999784635586408044e+01
-3.105143787164005076e+01
2.428520218159847488e+01
-1.982141666293961535e+01
1.860174404079098665e+01
-2.557501103724494484e+01
2.916375073808145757e+01
5.928933582326311402e+00
-1.356390373266415494e+01
3.057734615753745189e+01
-3.710219111127942426e+01
-3.544799905703167298e+01
-7.097677248986012266e+00
4.048641646036326591e+01
1.673269180147930513e+01
2.500486545094988688e+00
9.558501048103986264e+00
3.303011469915517040e+01
2.254556674264147631e+01
2.349760474675355226e+01
3.323316012564489341e+01
-3.726123343426856849e+01
2.733204920659366977e+01
-3.991215485640689398e+00
2.715236971342543626e+01
1.986283622952586825e+01
6.979761895898329849e-01
1.401609156399395673e+01
-6.616208664653330018e+00
3.853921183898013680e+01
1.056517690762059658e+01
-4.773861304189205867e+01
