-2.913685891796647454e+01
-1.570279128691786141e+01
-3.416625922570128893e+01
-4.580772429420105851e+01
-1.807947196179659244e+01
2.572586752492947682e+01
2.471623323654948123e+01
1.121550855661300083e+01
-1.213638987845935091e+01
-9.155983365436008992e-01
2.340546392639204498e+01
-3.146461919351535030e+01
-9.066462561632375738e+00
5.735074806689715921e+00
1.568424682591087560e+01
-2.158257493136076022e+01
-4.337014077037133575e+01
3.353526581696407938e+00
3.114527912183649860e+01
-2.990403170966020951e+01
2.543278988007045527e+01
-1.867383925304988423e+01
1.974905837031690936e+01
-2.442744886818477923e+01
3.031129316496617321e+01
7.076454826662523345e+00
-1.241637491522065417e+01
3.172485737079058765e+01
-3.595476586105021255e+01
-3.430061206167126642e+01
-5.950278839512634477e+00
4.163385029859720277e+01
1.788011701084126415e+01
3.648009098640077497e+00
1.070592069005060587e+01
3.417762856819672379e+01
2.369309768957315754e+01
2.464503168775219777e+01
3.438060542027899658e+01
-3.611372346927208099e+01
2.847954338320447576e+01
-2.843726017066853906e+00
2.829987353638964720e+01
2.101034976620258732e+01
1.845477927847031463e+00
1.516357184330725261e+01
-5.468718149091522207e+00
3.968671572642760736e+01
1.171353535096717557e+01
-4.941105547268449527e+01
2.073510498109369848e+01
4.802634611956320754e+01
-4.279755065727185581e+01
-2.678820827714158881e+01
2.648575269278988742e+01
3.041241404605178644e+01
3.774267777623499143e+01
-4.626390593088695624e+01
-1.839453909711331647e+01
-2.268412753427605466e+01
3.751905601583494132e+01
7.855542625959352598e+00
1.926813186688078972e+01
-4.202561451687975591e+01
4.896307628384756327e+01
2.461279511635440542e+01
4.058020931291390809e+01
4.402367768830423955e+01
-4.531881122018360486e+01
-1.255024629452037210e+01
1.379597360736063827e+01
-2.560447404896378121e+00
-4.083792699454075148e+01
-3.029867652373001263e+00
2.590621060215892157e+01
-2.964038629914536216e+01
-2.036570283707607842e+01
-1.032506730523157401e+01
4.527346253332089532e+01
-9.840240062969634494e+00
-1.111139714085715902e+01
-1.823649490769784265e+01
-4.879070501791338188e+01
-3.230852683373488077e+01
4.906484885865307177e+01
-9.465346061206457051e+00
-1.702617995573741538e+01
4.844483216113655999e+01
-4.403300936084535522e+01
-7.477531663243151883e+00
1.331803961112873402e+01
4.697534323592031313e+01
2.382479620009836196e+01
2.720380511638406418e+01
2.677415777926234952e+01
1.466185810820254076e+01
4.063280610843495566e+00
-3.105996289883276695e+00
-2.122626747453254836e+01
4.980451248828979516e+01
