-2.800838387439593546e+01
-1.570237165075041119e+01
-3.416598929265149565e+01
-4.580759476812868769e+01
-1.807943076284674078e+01
2.572546080371199295e+01
2.471647228081818426e+01
1.121586962750211391e+01
-1.213666312430282090e+01
-9.152552513055265404e-01
2.340512977572257824e+01
-3.146483209283273297e+01
-9.066463940494994489e+00
5.735234384491365134e+00
1.568401548754963315e+01
-2.158234935061146587e+01
-4.337001835949612172e+01
3.353534876270312548e+00
3.114522409104003842e+01
-2.990387990047384648e+01
2.543258523954580141e+01
-1.867382966255397392e+01
1.974918701256938647e+01
-2.442760784352034165e+01
3.031123770242960092e+01
7.076420613756738476e+00
-1.241641670522901286e+01
3.172483308232823518e+01
-3.595470423264983140e+01
-3.430051214810633553e+01
-5.950190291501392004e+00
4.163390336639267986e+01
1.788017874168513188e+01
3.647973505586621368e+00
1.070598804309350172e+01
3.417760167014716899e+01
2.369305365279622677e+01
2.464509163490200550e+01
3.438064711604000223e+01
-3.611374658498561985e+01
2.847953609924658025e+01
-2.843728546444489691e+00
2.829985668806829580e+01
2.101032318771147089e+01
1.845463129134229829e+00
1.516357854951965756e+01
-5.468721736889209595e+00
3.968670065312102935e+01
1.171355235263521699e+01
-4.941107406413128444e+01
2.073509619782315383e+01
4.802637624060523081e+01
-4.279755114772329705e+01
-2.678821570102124028e+01
2.648576185518718162e+01
3.041237526321793894e+01
3.774266452064440358e+01
-4.626394065328162242e+01
-1.839456148362372190e+01
-2.268409153633173148e+01
3.751905241635787291e+01
7.855536146808375975e+00
1.926812280803704880e+01
-4.202561085324737178e+01
4.896307472403895389e+01
2.461281095591080614e+01
4.058018495524764546e+01
4.402366852550380116e+01
-4.531879980769114269e+01
-1.255021614690159559e+01
1.379595324335500628e+01
-2.560425299019778222e+00
-4.083788474404639857e+01
-3.029882199092128303e+00
2.590618078534843960e+01
-2.964044709871499705e+01
-2.036560940500642403e+01
-1.032495517771874027e+01
4.527330203958651111e+01
-9.840039531406537421e+00
-1.111141673390116225e+01
-1.823651586243085276e+01
-4.879072651484174372e+01
-3.230850292338410412e+01
4.906490576830695005e+01
-9.465338641963166211e+00
-1.702621377247172774e+01
4.844492574065239410e+01
-4.403322782026344129e+01
-7.477264403030425832e+00
1.331801434208108326e+01
4.697543007782863356e+01
2.382450129255983029e+01
2.720400677392531463e+01
2.677442893866416895e+01
1.466184474304013463e+01
4.063704873785627392e+00
-3.106211630153814518e+00
-2.122630637373340079e+01
4.980443732574430982e+01
