-2.913690461729695258e+01
-1.570287615610738996e+01
-3.416634855857650876e+01
-4.580770886114768814e+01
-1.807933224460969512e+01
2.572558400028886183e+01
2.471671573471196837e+01
1.121557013659441537e+01
-1.213647342414537000e+01
-9.156953846451933998e-01
2.340515896404234297e+01
-3.146477776276392291e+01
-9.066243706016706483e+00
5.735153788444676159e+00
1.568397099898079006e+01
-2.158238420686151926e+01
-4.337000718889139250e+01
3.353675922593136072e+00
3.114549323485831778e+01
-2.990402645090274802e+01
2.543279723577511575e+01
-1.867388152497008491e+01
1.974931046109221455e+01
-2.442758640847251428e+01
3.031134909696644897e+01
7.076416457542086036e+00
-1.241650016297001180e+01
3.172498429439481527e+01
-3.595466003106895414e+01
-3.430054488684130831e+01
-5.950191950030192523e+00
4.163382647339594911e+01
1.788024403643522220e+01
3.647868578025002417e+00
1.070592904804380652e+01
3.417769143082453098e+01
2.369297574702274645e+01
2.464507125386102615e+01
3.438069867339692109e+01
-3.611371805423434722e+01
2.847952589159270076e+01
-2.843702263109006090e+00
2.829984329788952024e+01
2.101036393623775922e+01
1.845411413136860190e+00
1.516356486315025798e+01
-5.468768439905532297e+00
3.968673900469637772e+01
1.171355959980120076e+01
-4.941107108807167947e+01
2.073515366052357578e+01
4.802631871781154160e+01
-4.279753984052713633e+01
-2.678817914705022929e+01
2.648579317710694525e+01
3.041234030599581217e+01
3.774271036810467450e+01
-4.626397659304259946e+01
-1.839449538056427258e+01
-2.268414069196667171e+01
3.751903737127629768e+01
7.855575843601303454e+00
1.926816737465296114e+01
-4.202562263616521676e+01
4.896304537818364366e+01
2.461282349351904131e+01
4.058017289475241540e+01
4.402367322091275526e+01
-4.531882200242643677e+01
-1.255016058773520804e+01
1.379591796195931863e+01
-2.560446654392401822e+00
-4.083783124942647902e+01
-3.029859973086742819e+00
2.590618232541430288e+01
-2.964041029450151754e+01
-2.036563089896051792e+01
-1.032504440348269625e+01
4.527338364357780875e+01
-9.840243244590510585e+00
-1.111160898263698904e+01
-1.823652415731151066e+01
-4.879074620842465748e+01
-3.230863274299408516e+01
4.906491972224570475e+01
-9.465360603038664777e+00
-1.702634925590152548e+01
4.844465467168632955e+01
-4.403300550936240398e+01
-7.477462094859043340e+00
1.331781615488079673e+01
4.697543466853671390e+01
2.382470197023819480e+01
2.720379644594234136e+01
2.677435642293632156e+01
1.466183949329221292e+01
4.063667673955134951e+00
-3.106248860415706581e+00
-2.122650802521904012e+01
4.980440899288454659e+01
