8.695921502320963725e+00
-3.878896224893754408e+01
-4.723561454909512491e+01
-2.144827622582559457e+01
1.744084627835826495e+01
-2.325845204934631028e+01
5.633706931210767266e+00
7.107056623010202578e+00
-4.876773308190049505e+00
-4.055507649345189236e+01
-2.583452651407426259e+01
-8.878015834371076664e+00
4.494159726251093900e+01
4.937130148080407821e+01
-7.866743940470385610e+00
2.456539138582579085e+01
-3.066337984131903838e+01
4.492885598909407463e+01
-2.292306498651165469e+01
-1.719968531358184549e+01
-1.024439785295385263e+00
2.001058739007994802e+01
4.419582429076469765e+01
4.914430134684231177e+00
1.513270025409910069e+00
-1.757499079026311861e+01
3.771097703023485792e+00
1.374403172663478401e+01
-1.534682359847337807e+00
-3.206172890244616269e+00
-1.558894275905080740e+01
-1.261779859127793202e+01
-1.100982887801919219e+01
1.958542490400867564e+01
1.398910672598200833e+01
1.730973772304427882e+01
-3.859684673928742882e+01
1.505707645143557372e+01
2.802567040338328042e+00
-4.339457381192913488e+01
6.205624294356612225e+00
1.634975258052135061e+01
-2.057057627569943037e+01
-1.238797542866620738e+01
-3.425609203761844412e+00
4.921473865091827093e+01
-1.425507775875670191e+01
1.522256804879813075e+00
-4.995343552876782667e+01
-4.677461754343186584e+01
