1.611524193189981702e+01
1.097931075378697585e+01
1.668220450070315408e+01
-9.557220786209299490e+00
4.900862825198395001e+01
-3.076069598912488701e+01
-2.299624471373414991e+01
6.221681579333525391e+00
-1.024457603016816165e+01
-1.803239308727301449e+01
1.231760911445305773e+01
4.239512275729687474e+00
1.103597289879700583e+01
-1.303278273982502355e+01
5.932409618377636917e+00
2.965386716373182097e+01
-2.057343842594527672e+01
-2.751981734146796654e+01
3.506775744279231333e+00
1.484977442363377520e+01
-2.915130183527772090e+00
-2.740809718476313606e-01
-2.036531304552570276e+01
1.904970732712911285e+01
-6.619968250331140780e+00
2.738234087432410035e+00
9.187586054056936291e+00
-2.285393009694205446e+01
9.220513670464313805e+00
-3.323912061154396014e+01
-4.743463678053697663e+01
-2.793546280297019280e+01
-2.307758800436240065e+01
-1.852317371354142850e+01
-4.075589422588704025e+01
2.150152471028621903e+01
4.586959090536949191e+01
-1.057293798795178219e+01
3.879896283332982421e+00
2.651559210087459206e+01
-6.845021670134364911e+00
-3.017859204752942759e+01
3.931486120889569236e+01
-8.609600740742102687e+00
-4.857398974555884763e+00
-1.615711870629714042e+01
-3.216632374129544303e+01
-3.955763895998302360e+00
3.277534835403695013e+01
1.552873590605146603e+01
