8.020042460923768601e+00
2.364771609765280758e+01
-3.080424342912312241e+01
2.594984146788057444e+00
-8.660849064497050165e+00
-1.499003998038213048e+01
-1.109119945617763392e+01
2.980991175915268343e+01
-1.350252799458638009e+01
4.581882043564714024e+01
1.475302708584505496e+01
2.977557316650670316e+01
2.190566898646128635e+00
2.415790165857339034e+01
-9.706598540424242749e-01
4.249628196272229275e+01
-1.615324103928190169e+01
4.248920467796416744e+01
1.933190807900044561e+01
1.220255281092048705e+01
9.562846766878784877e+00
2.063060293693036940e+01
-2.331996578144363497e+01
-4.991511057129007867e+01
-3.283507257860846096e+01
-3.648831923984560888e+01
-3.844495258038195118e+01
3.954356054271100618e+01
-1.472365812191124945e+01
-4.705526093143978272e+01
-4.151469631207690725e+01
3.136925404056988498e+01
-1.732295270279577082e+01
1.268225560858738277e+00
-3.532491676032864802e+01
3.832531163760750559e+01
-4.686208694702556699e+01
-2.114645969192842045e+01
4.081498043593471436e+01
1.010997896202356117e+01
-1.784719850880360070e+01
5.349391501333057519e+00
-4.990996267855460644e+01
1.153386462452920824e+01
-3.599360428654150468e+01
1.555088071676719608e+01
4.280105670497189152e+01
3.895441029642054076e+01
-2.159268853654829456e+01
2.774376338111535745e+01
