-2.929620870865489124e+01
-3.319638700532440367e+00
-1.313557120892027896e+01
7.097909518395603357e+00
-2.461006463554478074e+01
3.991447205107152740e+01
4.492774304529572049e+00
-1.664618795018159858e+01
2.842679288046183927e+01
4.016024456467442860e+01
1.058074527571602630e+01
2.192994609454772359e+01
-4.264548353130909675e+01
3.679203137429404080e+01
1.857769795901701571e+01
-2.076957031481185822e+01
-8.075425620386198489e+00
-2.816824789331846546e-01
9.314811666589676520e+00
4.787857523625774547e+00
4.049661675003538619e+01
3.264579143398985650e+01
-2.225396399963069882e+01
1.965131089355686811e+01
3.590405893443519858e+01
-2.891522105073620708e+01
1.289365784773992374e+01
-1.089554006757309423e+01
-2.915616698530181239e+01
-2.147141430403603124e+01
-1.531963338567090460e+01
-2.406519240695378770e+01
1.604296351654233987e+01
-2.148031358715345007e+00
-4.486510448528612471e+01
3.861284341289518807e+00
-4.519582321174650019e+01
-6.084593804585003873e+00
6.924428678601705300e+00
-7.050305731385858365e+00
2.374042219807283516e+01
2.410712150252079411e+00
4.071029540664488877e+01
6.041606721724718909e+00
2.097315273378371359e+01
-4.015061594981689552e+01
-4.170689121980207403e+01
-9.160438830456037351e+00
-1.119726355002861595e+01
-1.972833196001198530e+01
