-2.727960493800456376e+01
-1.323689909201925019e+01
-3.242748211364268940e+01
-4.832983052637320043e+01
-1.822802012568177332e+01
2.364611109503811548e+01
2.526607629034865354e+01
1.150492667058409779e+01
-1.069972849762863021e+01
-1.690445575206052542e+00
2.264344750837909714e+01
-3.154600966977593757e+01
-9.344180537391707730e+00
6.404317561014226001e+00
1.087508067708848891e+01
-1.934214293667572093e+01
-4.568457595184391096e+01
3.745825706715010917e+00
3.255135787844227480e+01
-2.966379130183758051e+01
2.177641821921979570e+01
-2.087079102525704499e+01
2.189609208280530339e+01
-2.197087578306152622e+01
3.391956286176250046e+01
5.315737229146506593e+00
-1.347247037672692471e+01
3.358005379353070907e+01
-3.574306286251970732e+01
-3.163163975398592953e+01
