-2.735928839433009685e+01
-1.657443161484561500e+01
-3.380496106986211657e+01
-4.704181139221134345e+01
-1.510386006705071793e+01
2.682118546376252155e+01
2.868084991059172495e+01
7.044360717676321215e+00
-1.048148714563988193e+01
1.227977288480127882e+00
2.361234045429395678e+01
-3.081029996520324943e+01
-1.108876914850743844e+01
2.573221635864658463e+00
1.471539633309359729e+01
-2.077527884006596182e+01
-4.088666550668798294e+01
4.483750015900897168e+00
3.338264044727547031e+01
-2.924683850801333307e+01
2.519784699586915977e+01
-1.963736665454617736e+01
1.870915888939506289e+01
-2.037708912231026659e+01
3.002356849747812007e+01
8.863420742063782498e+00
-1.263247112334107136e+01
3.064499381129566302e+01
-3.314939746468903792e+01
-3.677890516870297688e+01
