-2.782053423199917574e+01
-7.917193656681338787e+00
-4.525502814334708290e+01
-4.473029883813983787e+01
-1.766786229211036030e+01
2.398551257052407593e+01
2.630935374536582216e+01
8.654717969591718685e+00
-5.615780744288764836e+00
2.220537599790453065e+00
8.360823743236780459e+00
-2.746046751206780456e+01
-1.400088556130133455e+01
9.749089820817049556e+00
1.098802277986226272e+01
-2.509705445852100070e+01
-4.717171105561484978e+01
9.622050978455700232e+00
2.867041305047847999e+01
-3.140684787073560358e+01
2.142556337611187800e+01
-2.213680542751749414e+01
2.334032096261120515e+01
-2.555280105219602405e+01
3.312172776151130904e+01
6.440989653878911980e+00
-1.404578341691659915e+01
3.010696340173433683e+01
-3.438738674738263512e+01
-3.764554497797495003e+01
-7.597113302576639526e+00
4.976832038269220959e+01
1.988181859265492690e+01
9.644603534917967735e+00
1.098091191436373748e+01
3.624432671214427870e+01
2.379397517090546188e+01
2.708719837818291509e+01
3.559420024081438072e+01
-3.439093824923192244e+01
2.676717659669336058e+01
-1.517860540532028679e+00
2.779160428098383306e+01
1.859888728751364084e+01
-5.305423339662480586e+00
1.894667791352492259e+01
-9.376544806802968424e+00
3.872115880159503121e+01
1.628363852308298476e+01
-4.533111143279536748e+01
