3.660585284373891568e+01 0.000000000000000000e+00
2.190473607920192478e+01 4.289039560009186847e-01
3.660882303938520010e+01 0.000000000000000000e+00
3.660164206608927628e+01 0.000000000000000000e+00
3.658350358360231525e+01 1.593842310412256925e-04
3.659921646942328266e+01 0.000000000000000000e+00
2.594586663421882378e+01 3.221485085121525982e-01
3.659790682434744014e+01 0.000000000000000000e+00
3.659802126493846686e+01 0.000000000000000000e+00
3.660755217910990211e+01 0.000000000000000000e+00
3.659854064636495963e+01 0.000000000000000000e+00
3.659874133442364297e+01 0.000000000000000000e+00
3.660193750217762698e+01 0.000000000000000000e+00
2.528303485208648738e+01 3.451958983649330848e-01
3.659780655312065534e+01 0.000000000000000000e+00
3.659832262555344329e+01 0.000000000000000000e+00
1.012045536756803799e+01 6.786263853347742625e-01
3.661503623638662930e+01 0.000000000000000000e+00
3.659971176318325803e+01 0.000000000000000000e+00
3.660212238303746801e+01 0.000000000000000000e+00
3.095828349655975131e+01 1.859682505527700536e-01
3.660552822766287306e+01 0.000000000000000000e+00
3.659789460423083085e+01 0.000000000000000000e+00
3.660076558894023435e+01 0.000000000000000000e+00
3.150808028709121089e+01 1.927075788771138165e-01
