-3.711538879305260608e-01
-1.344486873625967149e+01
-3.976472459699391493e+01
4.195428636065359740e+01
-1.308060360181828230e+01
6.613601457050326360e+01
-9.431132607947699853e+01
-5.256661804632685175e+01
-2.977956397603366412e+01
3.936221459767987341e+01
-5.106226642982586839e+01
3.129651934401521984e+01
-6.710508590624318259e+00
-1.321851266116196122e+01
3.652047811833507041e+01
5.117486023850207744e+01
-5.813777997313351875e+00
4.973602672580078377e+00
4.025794530023780737e+01
-5.672174944965838250e+01
9.227809033276135153e+01
-4.658863536502941827e+01
8.320324147578973850e+01
-7.085990482388990586e+01
4.011722423184534136e+01
5.334784600192150350e+01
-3.544519801780705137e+00
2.864791266798531666e+01
-7.043850266769192103e+01
1.441309697820626923e+01
-5.897491084288003549e+01
-1.628695317419604294e+01
4.845294781453770838e+01
3.944614823703045658e+01
5.437819220604920645e+01
3.100381675404949888e+01
-1.060536876972583720e+01
9.208280521686077691e+01
1.983842934609177888e+01
-2.436434138856289167e+01
9.662811904831936261e+01
3.592716698032228351e+01
1.029352871997129881e+00
-5.436662738734767686e-01
-1.607811877152243341e+01
-1.075300931406064464e+01
5.756436748167661044e+00
-4.760417253439350560e+01
-6.969397237706462533e+01
-1.585639534998112055e+01
