-1.299643640333951522e+00
-1.081143189215073130e+00
5.316245047764669884e+00
5.484224795048862511e+00
2.511703377495198009e-01
-3.757532837143700899e+00
-3.043565367042213587e+00
-2.092387452732036301e+00
1.950494062575182097e+00
2.051697795358873755e+00
4.350331243269845771e+00
-2.564562337028514438e+00
-3.194907107369195920e+00
2.141918563617538407e+00
4.904956959998325594e+00
3.982911353062960735e+00
-3.500057293438395334e+00
1.360132690759160434e+00
2.058037650557341447e+00
2.993968868479950363e+00
4.790883003156436004e+00
-2.702323849026210478e+00
-7.371876114756260590e-01
-4.062755440109992122e+00
1.258035112502089714e-01
-1.691952319912152797e-03
-4.755898006539896805e+00
-1.392611289207366543e+00
-8.918400634248259407e-02
-1.053904089507247122e+00
3.070074029190780873e+00
-1.135807569031026532e+00
-4.902741162413128073e+00
2.994882955919157208e+00
-9.121849989125078162e-01
3.235898278836899955e+00
1.583409755319542311e+00
-4.702702892673244151e+00
-1.485862619050306588e+00
9.238968925003309129e-01
-2.203545837736004653e+00
3.278200270390526638e-01
-3.568662820181873307e+00
2.538212851887861277e+00
7.261857107873875838e-01
7.616502791367371072e-01
2.528963197075887681e+00
-1.668445050305355615e+00
-2.930567633105451542e+00
-2.531990273849423989e+00
