-1.304694955356986430e+00
-1.092206368011326756e+00
5.309804065454950539e+00
5.477601270978704306e+00
2.445899713197217107e-01
-3.791297112584061324e+00
-3.082020175872634660e+00
-2.148209514461938419e+00
1.868271451475296718e+00
1.933323873517182268e+00
4.321304818817801596e+00
-2.562769492592645637e+00
-3.198135203546338179e+00
2.127568020159785078e+00
4.903258487345539152e+00
3.985579758437593156e+00
-3.500288996401214270e+00
1.360327364481505485e+00
2.056480143888230749e+00
2.992946621076225888e+00
4.785443412365090410e+00
-2.702348430072632812e+00
-7.360314467584079257e-01
-4.065040723931414135e+00
1.234400739335617531e-01
-4.568273758184164188e-03
-4.759377901247583864e+00
-1.396487421851364319e+00
-9.083040492876615080e-02
-1.056111580781365245e+00
3.073564386827263295e+00
-1.138113919118342476e+00
-4.903862425103141298e+00
2.991258707994040478e+00
-9.094690700248525550e-01
3.235367510847588335e+00
1.582649336027316611e+00
-4.699774841653632684e+00
-1.481662734755096356e+00
9.192735569542589413e-01
-2.203697661388947182e+00
3.253382634874186774e-01
-3.569565345032543746e+00
2.538426354339923030e+00
7.243714553611515505e-01
7.589349498050480536e-01
2.534597287631961571e+00
-1.672249007993492409e+00
-2.958112851945487787e+00
-2.523327663160368495e+00
