-1.314514033040570240e+00
-1.089222559328767881e+00
5.313940706674308956e+00
5.501788496452018506e+00
2.649686011841086986e-01
-3.741848335993503305e+00
-3.008740616607850082e+00
-2.012709467201543756e+00
2.024386769603715663e+00
2.077159264575276332e+00
4.427099684605965813e+00
-2.555816700892603155e+00
-3.208151138711553330e+00
2.125865637619070547e+00
4.904139493936940042e+00
3.986975915199625575e+00
-3.499590669649250252e+00
1.358327323910583084e+00
2.056907263830272559e+00
2.989690581944245196e+00
4.790095117694435523e+00
-2.704978418169310839e+00
-7.346407132667713835e-01
-4.065493371690286573e+00
1.261156003168298068e-01
-1.713287498051108354e-03
-4.760383639497881347e+00
-1.395150034825107799e+00
-9.084876859685674100e-02
-1.058924512806452167e+00
3.069718777205668658e+00
-1.138455290719467383e+00
-4.905589339866811116e+00
2.991508281109942491e+00
-9.133385036705321536e-01
3.237554090236284932e+00
1.580169096973387477e+00
-4.700914890280460945e+00
-1.483839019684035865e+00
9.212884468545039507e-01
-2.201831330136938547e+00
3.248666923629386916e-01
-3.569362395316803660e+00
2.538823730015914215e+00
7.240187509103404029e-01
7.571425036085400739e-01
2.529202108269621441e+00
-1.666500967549194856e+00
-2.937713206284635170e+00
-2.526786695296399987e+00
