-1.317402479876590204e+00
-1.100255092551817304e+00
5.326015424427620992e+00
5.487163087354221425e+00
2.476760483741790864e-01
-3.748874716396398465e+00
-3.040299251432629024e+00
-2.107907001251354995e+00
1.882058845251133761e+00
1.960610899411951547e+00
4.342112883177956739e+00
-2.580350216395928431e+00
-3.207634083516997414e+00
2.135906112332640383e+00
4.907129227319531495e+00
3.991040948097908547e+00
-3.501736562779391715e+00
1.357946787057377591e+00
2.052478492903801577e+00
2.988187170486456434e+00
4.781373112661460034e+00
-2.704164260737487613e+00
-7.370272449746636534e-01
-4.061315985298816322e+00
1.248354691731051319e-01
-2.243951070923977300e-03
-4.759930978082635100e+00
-1.398204056930802519e+00
-9.251421699098004436e-02
-1.054508622113331073e+00
3.070874899788760271e+00
-1.139887064542660866e+00
-4.903516981786810724e+00
2.991579190853147274e+00
-9.107433840103378309e-01
3.237609823365146244e+00
1.582278893672132813e+00
-4.700163724980161106e+00
-1.483625497872831600e+00
9.223188280007248441e-01
-2.205552857119703170e+00
3.217025994056187388e-01
-3.572589357028059354e+00
2.540872596329424749e+00
7.319422917018292285e-01
7.605555096443460394e-01
2.528636120016024336e+00
-1.663799836610744931e+00
-2.942691257486635958e+00
-2.523016064428955652e+00
