-7.633936532342352699e+00
-9.034744370641602629e+00
-5.359547333480631615e+00
-9.391163799291533110e+00
-4.760673279831980409e+00
8.435038540478094760e+00
-7.790400547707022838e+00
2.930196629266608177e+00
-8.754532918185415014e+00
4.479376016931104765e+00
-9.907207365735121840e+00
-2.634995827285946834e+00
-8.549978705030072845e+00
7.632444488160926355e+00
-2.371605455444298460e+00
-1.336634569214634194e+00
-2.250990506436758576e+00
-4.065792456559055523e+00
-1.535601227577663153e-01
-8.787200915342065599e+00
-5.630711624889100264e+00
-2.235215531442707459e-01
-9.411735432915442345e+00
6.385772675700359002e+00
-8.843087705649400831e+00
4.324306724546602254e+00
-3.967852192438771297e+00
2.272498511479769334e+00
-2.421334696330140090e+00
4.186007397865638247e+00
-3.333232496329549654e+00
-6.762568385191912945e+00
-4.313855150050935450e+00
6.757226553145304848e+00
-9.609664119366641444e+00
8.669198078963891163e+00
-9.960545787768101178e+00
-1.121777770590908663e+00
-9.819348443445003127e+00
-5.530952057073952766e+00
9.575518617428002699e-02
9.287207363887215461e-01
-7.484520032359311514e+00
1.079920554525298559e+00
-1.957365088791332308e+00
5.472731820342498388e+00
-7.718519332535527688e+00
-3.282366662539181412e+00
-1.097948244632086734e+00
-9.771586026810464176e+00
-9.749352356922882379e+00
-5.639038272487415071e+00
-9.255499852847027142e+00
7.647141812294476537e+00
-3.269388685722216081e+00
-7.648122622033072915e+00
-5.326863153413051499e+00
-5.476433262302221827e+00
-5.352020437199502823e+00
-6.063962589184915153e+00
-5.004980187113828194e+00
-6.047849247375963744e-01
-4.238966293954529174e-01
7.229710036359139558e+00
-9.476527023328623400e+00
-2.286151220273700879e+00
-4.719655701500506950e+00
-8.563085701094708124e-01
-9.220219856079372889e+00
-3.514516531694005685e+00
-3.320435132018573654e+00
-8.088822656039699410e+00
-2.144500815440287589e+00
1.503137657698129237e+00
-9.747158425469157450e+00
1.249400880109093226e+00
-7.777803728053602761e+00
2.953771334436469775e+00
-7.629522010307485225e+00
9.448928581099776736e+00
-1.610586653778403488e+00
-8.077453869778794981e+00
-5.610893042315712620e+00
7.135683593319094520e+00
-6.931616574542315057e+00
-2.756770091629892949e+00
-7.165860241430113575e+00
-6.686788705215190864e-01
-9.045689209928312602e-01
-4.702135955966211256e+00
-6.082803446813711545e+00
-8.999571993333150388e+00
1.166447260622121451e+00
9.268996963560843128e+00
-7.962689741140407396e-01
-3.561001362558417593e+00
-7.673395539017827005e+00
-3.754969634761959885e-01
-6.298307377613583391e+00
-6.592161705635362523e+00
