-9.806907115766401617e+00
-9.043059608550858997e+00
-4.928119966008207342e+00
-9.391454990434395356e+00
1.691586917296296733e+00
8.436019339527558003e+00
-8.796841802048213310e+00
2.928745415790737550e+00
-7.622496326725181959e+00
4.479143919429402487e+00
-9.536025426076642830e+00
-2.633821513026704864e+00
-9.957334156755347720e+00
7.632124930529194273e+00
-6.890364429656185230e+00
-1.337258932737610762e+00
-3.194929698633481863e-01
-4.067826761207231634e+00
1.172956426129385887e+00
-8.786228161504212153e+00
3.261425352148561441e-01
-2.235025784466893595e-01
-8.316923211729088550e+00
6.384948767121343849e+00
-9.229444419132677879e+00
4.322671784343338430e+00
-5.924360441355911888e+00
2.273454664970756323e+00
2.852885290770327487e+00
4.185102663240087395e+00
-1.828939974548512648e+00
-6.763222960683073381e+00
-6.521101031046588226e+00
6.758537675146316204e+00
6.826191484368759888e+00
8.668689340919247144e+00
-9.940716393821489305e+00
-1.121485394389643897e+00
-9.893614264018262716e+00
-5.530339664265600419e+00
-7.335839106838040635e+00
9.278573954170802329e-01
-5.711427958547620420e+00
1.081757083203474190e+00
-3.456882760231942520e+00
5.472095038333609551e+00
-7.532351708485304442e+00
-3.280688884297557895e+00
-4.894340260199008696e+00
-9.768895644493159836e+00
-9.378642730826143747e+00
-5.639406647967300401e+00
-9.362750743708524226e+00
7.647630475582399612e+00
1.812297633386906748e+00
-7.648706400566251951e+00
-8.113410656746649963e+00
-5.474080625980727532e+00
-9.224469439683090854e+00
-6.063617851674286463e+00
-4.761813907350706643e+00
-6.033339114166327288e-01
-4.838304532528727719e+00
7.230907990856159984e+00
-9.794562247330860671e+00
-2.287498403630327193e+00
5.630906377696781817e+00
-8.564873676860430551e-01
-8.481068635005527767e+00
-3.513708935092358487e+00
-4.653308666842137065e+00
-8.088601617933672827e+00
-3.095627883892213106e+00
1.501967578091428779e+00
-9.765933728320659313e+00
1.249692096993721746e+00
-4.295137975535430641e+00
2.951498318944986821e+00
-2.520824315771258206e+00
9.445832874133396118e+00
-2.895870735281523611e+00
-8.079460670145898860e+00
-9.244427539336088628e+00
7.134363097426532185e+00
-6.975511087846105518e+00
-2.757052508845831973e+00
-7.871201260384117937e+00
-6.689557632996948611e-01
-8.837277066436909578e+00
-4.701756274996720109e+00
-8.902169714557478741e+00
-9.000586226389232891e+00
-4.805998063212963523e+00
9.269886022886435484e+00
-2.355083466989738472e+00
-3.560984765440534439e+00
-7.320378903451857155e+00
-3.754681991218802861e-01
-6.430364357811152232e+00
-6.591338556232281931e+00
