-8.243432818331214662e+00
-9.068565525806102201e+00
-4.490497985792973878e+00
-9.391853275875195806e+00
3.668190373379019320e+00
8.435302827024184325e+00
-7.761481163322275556e+00
2.930102969273102431e+00
-7.064724406047789174e+00
4.479944351343602804e+00
-9.448873536352817126e+00
-2.634346549621545464e+00
7.251952587961620900e-01
7.630382385981453019e+00
-4.589911486982248157e+00
-1.337550812408512035e+00
-6.152355349621373648e+00
-4.066014067315038005e+00
-6.420527201579101728e+00
-8.788560176351502662e+00
1.962742456849760897e-01
-2.236549415959266096e-01
-7.490018089523999834e+00
6.385334333093599213e+00
-9.389462696308372713e+00
4.321897942707757956e+00
-5.331634822609967017e+00
2.273331268098785163e+00
-5.941148835228292846e+00
4.185668611797559002e+00
-5.557820477486875355e+00
-6.763070646379307327e+00
-7.223065326856980661e+00
6.758431869799672143e+00
7.211136991354456072e+00
8.668463697995122175e+00
-9.940716018234624585e+00
-1.121218650725130050e+00
-9.861081986466327720e+00
-5.532432878727647108e+00
4.811177921144671465e+00
9.283975634290504431e-01
-6.321239969087297794e+00
1.082011059303699785e+00
-1.654118206446777428e+00
5.473383901829448561e+00
-6.448989307437416052e+00
-3.281650772642795921e+00
-2.107290374315851089e+00
-9.768425956719966052e+00
-9.477331526724444899e+00
-5.638854021308553399e+00
-9.492123916815637941e+00
7.648164316055826362e+00
-5.468453904229489737e+00
-7.647717168353947770e+00
-8.162101606736841930e+00
-5.474286286070715768e+00
-6.818277790847692366e+00
-6.065373886038071483e+00
-7.097455666750455805e+00
-6.039833637859065574e-01
-1.967707963525229253e-01
7.230437830877667338e+00
-8.535103413516649695e+00
-2.285302662483009062e+00
8.364317859122667898e+00
-8.554028469291402592e-01
-9.636079480668458430e+00
-3.514714376910037519e+00
-4.034906828031886050e+00
-8.089052428138764128e+00
-9.333102076141209125e+00
1.503114385108555551e+00
-9.872309576077780591e+00
1.248634902421779325e+00
-6.853509800002839825e+00
2.952109038789171080e+00
-2.787238244918955665e+00
9.447317699578501760e+00
-2.276936598750332497e+00
-8.077141775943722735e+00
-7.849620418024730206e+00
7.134024185211461422e+00
-7.909199051790615442e+00
-2.757215464487734025e+00
-8.183502659570645932e+00
-6.672575391500963349e-01
-1.451485377555457035e-01
-4.701957098943465141e+00
-3.736815447327855200e+00
-9.000572250420709963e+00
-4.810582213219094072e+00
9.270368535375117958e+00
-7.991509449281159583e+00
-3.562600158266470807e+00
-6.312609541888865472e+00
-3.753402322831598248e-01
-7.398814724387543507e+00
-6.592387527752577192e+00
