-2.641983866691598237e+01
-1.652056621547288984e+01
-3.702248766590191309e+01
-4.525842746168692798e+01
-1.514584042235239814e+01
2.466006627419241326e+01
2.583693958984002137e+01
8.117709756625309581e+00
-1.623712060021131975e+01
-4.322304903284384103e+00
2.120398074559714985e+01
-3.016378005130959039e+01
-7.755905266830057876e+00
5.235591442306195553e+00
1.636936740952597091e+01
-2.356302100365571661e+01
-4.174300080471062557e+01
4.024134531203557685e+00
2.757624010581195506e+01
-3.030320963970103065e+01
2.467975109808305945e+01
-2.163502720395616663e+01
2.165640869164115756e+01
-2.478429389444087150e+01
2.647548674114080569e+01
7.869709156352583612e+00
-1.420253700652288487e+01
3.252836124901816106e+01
-3.646610771706248499e+01
-3.476877171058213634e+01
-5.235063502187214723e+00
4.237498928567126200e+01
1.644148795451744505e+01
7.121838897151031134e+00
1.134867209561160450e+01
3.687076676364041106e+01
2.594634807708903779e+01
2.120082894449755528e+01
3.305639914206587804e+01
-3.392943541592631362e+01
2.833116406192114667e+01
-3.817767316497345575e+00
2.698918395643676149e+01
2.157303028190342786e+01
8.656180272692294286e-01
1.239606014891557173e+01
-3.377183173330755572e+00
3.742500704157405522e+01
1.397219121466167735e+01
-4.741166378368291845e+01
