-2.965948157034188171e+01
-1.676776847907786916e+01
-3.399001874628239506e+01
-4.412913128067836510e+01
-1.926292938210887229e+01
2.831660608436327919e+01
2.812001479942252757e+01
1.013467704764880750e+01
-1.111412602064110366e+01
-1.646364228801953544e+00
2.411203448526134352e+01
-2.871240675443392476e+01
-1.098136521815622579e+01
3.824838899251628455e+00
1.620209971855279818e+01
-2.040747804273581778e+01
-4.623657894679343627e+01
5.281659581755293154e+00
3.094732602144934219e+01
-2.817643172818178954e+01
2.525964755460105948e+01
-2.150417379423468489e+01
2.184970398529007696e+01
-2.262614730184604639e+01
3.360273350468001752e+01
1.159798313558669491e+01
-1.380852771325241157e+01
2.841559486955153702e+01
-3.533455590790552492e+01
-3.583588882018412392e+01
-7.600997993737738767e+00
4.223505506854559854e+01
2.010361324765255020e+01
6.004967627143622977e+00
1.202158436051355928e+01
3.421367796862931243e+01
2.392528180758666423e+01
2.245321501993484858e+01
3.239783032768514914e+01
-3.729486373584360592e+01
2.843302023629262010e+01
-3.587327858540390935e+00
3.095054553382613705e+01
1.669165708005358084e+01
8.944859861498781761e-01
1.895220538490890760e+01
-6.781919727914003104e+00
3.971273035542665042e+01
1.479115410488221016e+01
-4.910351886491763196e+01
