-2.692288593562257404e+01
-1.478057844096496254e+01
-3.263279265454818301e+01
-4.232927532039808227e+01
-1.733866937409372611e+01
2.467256770529565202e+01
2.535165120140124273e+01
1.247190788711883513e+01
-6.859639049594663973e+00
-4.042981903424688106e+00
2.706103410571312651e+01
-3.163349634522453613e+01
-9.806063232605950475e+00
2.313418517011083253e+00
1.508529791337462811e+01
-2.317163571071870365e+01
-4.252721977725156677e+01
2.104889590379637632e+00
3.096417235066566676e+01
-3.307669140356202320e+01
2.474429794977577401e+01
-1.965851225075329367e+01
1.802465375281972371e+01
-2.661032899413085318e+01
3.109545308492926807e+01
6.429215018274398119e+00
-1.062050659608129344e+01
3.203586172186793135e+01
-3.392511779853728626e+01
-2.999932136356489920e+01
-4.596984781551372912e+00
4.019517683294679955e+01
1.589291769452444392e+01
6.591062085398982084e-01
9.747693798235030016e+00
3.057169320495777498e+01
2.246201814307163502e+01
2.458096616236413112e+01
3.428994959019220090e+01
-3.742015507314360434e+01
2.832203613290808164e+01
-3.802102057425319259e+00
2.872217725722267190e+01
1.664068106525101243e+01
2.990979645692666278e+00
1.521192433451512116e+01
-3.222708795325162967e+00
3.916685956484636932e+01
1.303868549693043732e+01
-4.958690485978599582e+01
