-3.094622573153590039e+01
-1.875655104989558453e+01
-3.924040552579968733e+01
-4.820187019633825543e+01
-4.628536693513016331e+00
2.117168569871785522e+01
1.359426399054003731e+01
1.070486885539390443e+01
-1.470013655312169298e+01
-1.718211869595961261e+01
2.114065320992937203e+01
-4.581809191346525267e+01
-1.033298463122735455e+01
-1.204010971279760200e+00
2.435028528703176676e+01
-2.173386962408411094e+01
-4.340370344630071031e+01
4.917550191994974895e+00
3.617525267367470576e+01
-2.356961770171989201e+01
2.620981725576188381e+01
-1.106994254500809838e+01
1.569410585441969275e+01
-2.660109184978747976e+01
2.839883949731056134e+01
6.322766369037399414e+00
-2.025126547331268867e+01
2.919414101492282754e+01
-3.900523045831923952e+01
-3.879710310703951137e+01
2.014657531246278666e+00
2.998497429341061604e+01
1.836581654710278144e+01
-1.308067537515769097e+01
4.940337135542449687e-02
4.532888207080410581e+01
2.238818370744660058e+01
2.962279252288350762e+01
2.559006230263433679e+01
-2.734388683443827617e+01
3.728848280958593620e+01
-6.303042758875361251e+00
3.029229896946632650e+01
1.451548853220141311e+01
-4.155489044606515137e+00
1.859692257075117539e+01
-2.520652015081287445e+00
2.664789320970143294e+01
1.922107401805484272e+01
-5.361146766593309110e+01
2.192521406125808170e+01
5.867769691300814827e+01
-3.707470265934805553e+01
-2.629227845056735902e+01
2.172571510723292931e+01
3.191819135638256810e+01
4.142327466289960114e+01
-3.482737072054403171e+01
-1.386635697800929812e+01
-2.558146696564243427e+01
4.570653361020610106e+01
1.003914345320912105e+01
1.127436190386124437e+01
-2.925773215068170074e+01
4.172688860058890725e+01
2.727958901700890237e+01
5.008075824932004139e+01
3.117077384017862229e+01
-3.712184351910695312e+01
-1.527202537830006612e+01
8.233605248126695031e+00
-9.641857142307852513e+00
-5.219997983815390086e+01
-1.542797210672734742e+01
3.963570927238776420e+01
-1.715180653107894670e+01
-2.913678209044092426e+01
-1.269408223359030075e+01
2.909909896373881821e+01
-1.486067310377424633e+01
-1.094180777972755259e+01
-1.834285223356954475e+01
-5.652567452061887820e+01
-2.661671170078895443e+01
4.204403151936980265e+01
-1.051345858848753423e-01
-2.403773425102846417e+01
5.288216019239271759e+01
-3.635201434556208966e+01
-1.586645077821891014e+01
1.430257951455734400e+01
5.307243207264706797e+01
1.888151890524094156e+01
1.694318197490124334e+01
2.944067932884685845e+01
1.538519383732701762e+01
1.090024740523744917e+01
-1.181899759809006412e+01
-2.361683434666592518e+01
4.109754732292420698e+01
