-2.287551431198716401e+01
-8.830571148351513244e+00
-2.639995016493664792e+01
-4.109882633174053268e+01
-1.304919723179853364e+01
4.040276454030878028e+01
1.335400398918720200e+01
2.077822310238861547e+01
-1.105494977342695506e+01
-1.129898628918906311e+01
2.582170670590241102e+01
-2.719068631846392847e+01
-2.529450852265902938e+00
7.480688789794681881e+00
1.388070522365458181e+01
-9.289449099342650840e+00
-5.046302670353050956e+01
5.486108237032935042e-01
2.487640972613461088e+01
-3.272524087516460867e+01
3.555026830091215828e+01
-1.594796405464580324e+01
2.696900015735458922e+01
-1.314868801240297458e+01
3.062853979285080186e+01
4.041925421140022401e+00
-7.005466848675199643e+00
2.422468325819200174e+01
-3.781949705030188369e+01
-3.579219866952787044e+01
1.479148740795142203e+01
3.936717990349536933e+01
1.968278070431542659e+01
-4.504528926911515185e+00
3.072945859345780573e+00
3.777335456432400207e+01
9.934543030188207169e+00
2.199250663986276777e+01
3.177017172682613122e+01
-2.919451033579790078e+01
3.970350775938526056e+01
3.902331957068883028e+00
3.548331641071302300e+01
2.702488597020692040e+01
-4.472793541277225060e+00
2.372590634935135512e+01
-7.072270231798890805e+00
4.515778239659233861e+01
6.634480592353973805e+00
-4.768678002425497908e+01
1.413398985294442056e+01
2.444565646539081882e+01
-2.876556133684900374e+01
-2.999934374423455097e+01
2.625820274819820810e+01
2.313037679693470849e+01
3.113464061264652827e+01
-5.436824400006806712e+01
-1.000170002090418464e+01
-1.847742015930404236e+01
4.177808550200315807e+01
1.665785020735590649e+01
2.825506114069077057e+01
-5.141094361370866039e+01
4.529868964055981451e+01
3.493113415028032165e+01
3.261566946638266984e+01
3.469071160238382134e+01
-3.435924190057625793e+01
7.617393727226566824e-01
7.320640998831779989e+00
1.127152899960414878e+01
-4.189629791546704496e+01
2.774833905024540748e+00
2.191866732131402884e+01
-2.574504675580002555e+01
-1.821289148765238508e+01
-1.123559152000074945e+01
4.047540881224571052e+01
-1.060163274501384656e+01
-1.254024810517021038e+01
-2.463375573694199971e+01
-3.916913443043710430e+01
-2.096266642809417391e+01
4.789250017715438901e+01
1.374430909206047602e+00
-1.847966903501292890e+01
4.897757184495927874e+01
-3.734066057488664825e+01
4.413757896850722062e+00
1.357269880030261433e+01
3.270470574718906676e+01
2.775192343934845240e+01
3.842241700188283460e+01
3.094310441666018363e+01
1.164539655331389056e+01
-6.949666098706454243e+00
-7.921224949269479509e+00
-2.246696954547737590e+01
4.267552946871477104e+01
