-3.980890528151380181e+01
-1.286500256178872270e+01
-2.840102173207804626e+01
-5.922177182470971246e+01
-1.594854374816918252e+01
2.559903245748534673e+01
2.033114041412999029e+01
-1.021030937874393363e+00
-1.635807337631495884e+01
-6.051264766598812628e+00
2.755285020384324568e+01
-2.322533182570792931e+01
-1.580409871470967076e+01
7.942085322205361564e+00
8.353880102359509507e+00
-2.317425027914576674e+01
-2.444170601864825443e+01
2.062760585629765231e+01
3.808465071542307356e+01
-3.085798818375815245e+01
7.953564080818223303e+00
-1.765201273129323312e+01
2.776715030580258770e+01
-1.505687158061170372e+01
3.469181494178853598e+01
2.308954153064620485e+01
-1.224465918518193774e+01
2.836480422339032970e+01
-3.696918115824452400e+01
-2.981125717505840100e+01
5.188378508723348048e+00
3.051775964505503680e+01
1.220209806543933340e+01
3.808957372255122653e+00
6.746602966311897376e+00
3.614863326064448756e+01
1.416847475434937920e+01
3.508561560084816477e+01
2.384273913958244506e+01
-2.593747653189193869e+01
4.629181048361779460e+01
1.587492125547525168e+00
3.633114469663534152e+01
2.899157592775619463e+00
-1.002687021029179526e+01
1.349546311896463102e+01
-8.908180166408421030e+00
4.651054467903288270e+01
1.006972200345106927e+01
-5.526135961228852977e+01
1.923286970760325687e+01
4.800913195468719863e+01
-3.798312101427767828e+01
-2.705399580364241174e+01
3.248790034664362736e+01
1.698706816583580093e+01
2.820710667726165610e+01
-4.639281446472891446e+01
-2.666135630183744709e+01
-2.051618182621027842e+01
2.767325105356331605e+01
2.217917637405873776e+00
1.229642527698409182e+01
-3.888024324180479141e+01
4.130099938463769149e+01
1.804097827227407436e+01
4.300646940484102032e+01
4.484736760060562233e+01
-3.535195230528557175e+01
-2.814002108936502822e+00
1.449727686657215031e+01
-9.168141259267896359e+00
-2.897577683529372905e+01
-9.528309713596591735e+00
3.159715853324926016e+01
-2.665232741173371878e+01
-2.457164352270037710e+01
-6.414086652246798081e+00
3.555605193988844093e+01
-1.394983804775378644e+01
-4.460935124417495512e-01
-2.594178555090307725e+01
-5.910536222749364299e+01
-2.627877164391866671e+01
6.803479569441903152e+01
-3.052935875772377017e+00
-2.399201957934467089e+01
4.310726809219529798e+01
-4.163441103458955439e+01
-1.278963671852628003e+01
7.882882901072420623e+00
4.521034360113159067e+01
4.062091585075152977e+01
2.243017286161031620e+01
1.598702286096054159e+01
1.438446999360563083e+01
-3.346344384302773811e+00
-2.066826573737798434e+00
-2.126605102221513022e+01
4.440758671097013632e+01
