-2.762255033499566892e+01
-1.108646798356681629e+01
-5.118053254477304392e+01
-5.154424147464725792e+01
-2.006029780812973229e+01
3.383022941163327602e+01
3.717127979913644253e+01
2.097818625587837715e+01
4.743882317667019066e+00
1.048102568808657864e+01
8.694324033649534655e+00
-9.845461086662421479e+00
-7.581148712285653346e+00
3.228413122258452006e+00
1.837165407654503113e+01
-2.617872489621321108e+01
-4.265123145785796765e+01
4.054723776924973322e+00
4.356245660767994821e+01
-2.511023021116276865e+01
3.067662151635967049e+01
-2.888576582979338525e+01
1.449178511398436342e+01
-9.163844609057226975e+00
1.390995040842917518e+01
9.435034902270505341e+00
-8.570234544989439485e+00
3.652555162555142232e+01
-4.257472542257592352e+01
-3.005126837660455408e+01
9.704290708951702982e+00
4.218246514591589147e+01
4.827859022041776527e+00
-4.889175585324659679e+00
8.805031948894985305e+00
2.872378233012166504e+01
2.208908707633167978e+01
4.189956908117423495e+01
3.677220591837533448e+01
-4.076365255330426152e+01
4.395214468624128301e+01
4.105815659466900414e+00
2.394665419672666573e+01
3.187597733326906635e+01
-8.537164809113118480e+00
2.396878724942797234e+01
1.104137554766347762e+01
3.675488269612090164e+01
8.645612766116638426e+00
-3.920736133856290451e+01
2.046537439584352569e+01
3.505421449413519497e+01
-4.547882187000885779e+01
-3.637566817777633332e+01
1.620183119024376595e+01
2.864937857742820171e+01
3.581871330237525086e+01
-2.886935699843176195e+01
-2.992523239799826484e+01
-2.956363143035866869e+01
3.585980398044784323e+01
-3.179925345090846456e+00
3.707734127047103101e+01
-4.543748893280174883e+01
5.135601131846179612e+01
1.575841958032344436e+01
5.321910537578258271e+01
4.269031082655107667e+01
-3.655530227918582398e+01
-3.878497387171177202e+00
8.054847864506843536e+00
-6.283214076105785750e+00
-4.158639719109164190e+01
3.562341167815226584e+00
2.526835609141073746e+01
-3.738517392964160280e+01
-2.289649192684637313e+01
-1.926244590840219928e+00
5.009694810458546499e+01
-4.855289576305716004e+00
-1.242474925925984053e+01
-1.776179785975359593e+01
-3.796677233194252210e+01
-4.162423951959375756e+01
4.564734821317836833e+01
-1.391029248241777694e+01
-1.806457187419909616e+01
4.764632447704582319e+01
-3.060534478401090297e+01
-1.040036531991803770e+01
1.502319838251252193e+01
5.776405430281328535e+01
2.803983581254691870e+01
3.948759118620636599e+01
3.062268506851856387e+01
1.785096585027575955e+01
-1.474956172289421374e+01
-1.386635763441174873e+01
-1.493034205449817264e+01
4.824306287903461765e+01
