-2.857272709299365943e+01
-1.602062211802398295e+01
-3.426746878414389386e+01
-4.581770430188585408e+01
-1.807960670517010016e+01
2.572556245422036270e+01
2.471674239671378714e+01
1.121556043300610916e+01
-1.213655648287031319e+01
-9.149845230478604874e-01
2.340526219152113896e+01
-3.146476575330910208e+01
-9.066356200167287938e+00
5.735263979852155636e+00
1.568422742956837368e+01
-2.158186884601786915e+01
-4.337039842665831912e+01
3.353644974103504595e+00
3.114548171235750118e+01
-2.990406913584802950e+01
2.543263829150387068e+01
-1.867387328937944346e+01
1.974928909726372339e+01
-2.442749440667295602e+01
3.031102528190584167e+01
7.076522552516017583e+00
-1.241644340718095307e+01
3.172474327917996817e+01
-3.595493329208900235e+01
-3.430048751320269673e+01
-5.949956351673034050e+00
4.163377400647565452e+01
1.788030773415885832e+01
3.648165563884425922e+00
1.070605024905375302e+01
3.417773009631497416e+01
2.369297600175673324e+01
2.464540759135879711e+01
3.438055015867465158e+01
-3.611362534081442988e+01
2.847958600083368097e+01
-2.843737476489909710e+00
2.829985406839860929e+01
2.101036367068204314e+01
1.845508658150462278e+00
1.516321735869904153e+01
-5.468908919350490727e+00
3.968688926653906179e+01
1.171354215524146625e+01
-4.941098853142742797e+01
