-2.857287102143421365e+01
-1.602079741345648500e+01
-3.426736337022979484e+01
-4.581827053497632107e+01
-1.807971194910589219e+01
2.572608153928224439e+01
2.471670647387980324e+01
1.121538930620398666e+01
-1.213648375088980913e+01
-9.154492029784545570e-01
2.340528550117443984e+01
-3.146461375687869122e+01
-9.066277721030346015e+00
5.735067117283295879e+00
1.568336818313164471e+01
-2.158249776153184030e+01
-4.337098498383434020e+01
3.353084884924954157e+00
3.114464313961335762e+01
-2.990363810323932015e+01
2.543279825625660706e+01
-1.867365432616990972e+01
1.974919257807717443e+01
-2.442775534335262932e+01
3.031078115510108262e+01
7.076471324442366040e+00
-1.241634302974502013e+01
3.172527035910789550e+01
-3.595483127676362756e+01
-3.430053595127201049e+01
-5.950175800943723559e+00
4.163356729224103248e+01
1.788019142865974231e+01
3.648102992189996563e+00
1.070593568954290831e+01
3.417779429622633813e+01
2.369338238849419653e+01
2.464507351289756798e+01
3.438081927048811792e+01
-3.611375157723198015e+01
2.847916588236192226e+01
-2.844145360366581610e+00
2.829929058928865615e+01
2.101024121036425640e+01
1.845693196414357473e+00
1.516351771038245388e+01
-5.468831052342484789e+00
3.968605298292312966e+01
1.171344802875868751e+01
-4.941014508371493719e+01
