-4.173412832955136764e-04 0.000000000000000000e+00
-4.097854985687376939e-04 0.000000000000000000e+00
-4.020166843545780466e-04 0.000000000000000000e+00
-3.520600282840291584e-04 0.000000000000000000e+00
-3.188346523756990791e-04 0.000000000000000000e+00
-4.681909411701212775e-04 0.000000000000000000e+00
-3.632937478954545441e-04 0.000000000000000000e+00
-4.310076076095015196e-04 0.000000000000000000e+00
-4.475341914442765301e-04 0.000000000000000000e+00
-4.483462357640632945e-04 0.000000000000000000e+00
4.718056733210573839e-05 0.000000000000000000e+00
-4.530031813558821341e-04 0.000000000000000000e+00
-4.777878685544578730e-04 0.000000000000000000e+00
-1.760162891386585216e-04 0.000000000000000000e+00
-4.179931616548060447e-04 0.000000000000000000e+00
-2.540494061484821486e-04 0.000000000000000000e+00
-4.424376585259182093e-04 0.000000000000000000e+00
-4.371255336721446838e-04 0.000000000000000000e+00
-4.525794063674482004e-04 0.000000000000000000e+00
-4.585616027412697804e-04 0.000000000000000000e+00
-3.051002605864994166e-04 0.000000000000000000e+00
-3.900231700235679000e-04 0.000000000000000000e+00
-4.891803261131144609e-04 0.000000000000000000e+00
-4.473451922102356093e-04 0.000000000000000000e+00
-4.072342108898396873e-04 0.000000000000000000e+00
