-1.309953157574713867e+00
-1.105074977030541694e+00
5.305937613202706515e+00
5.488363537573928141e+00
2.659252755082778252e-01
-3.729644793009475823e+00
-2.984151409138612987e+00
-1.986315084626215643e+00
2.107588555832701882e+00
2.235653470554184619e+00
4.506982107192126996e+00
-2.550371507641381097e+00
-3.213164619203198846e+00
2.125255237382376539e+00
4.921092639400420410e+00
3.994366263008461537e+00
-3.500512091146800842e+00
1.350487930425714911e+00
2.056511260482778436e+00
2.990635892756531078e+00
4.794098949547353605e+00
-2.700984053419991593e+00
-7.378724347600521538e-01
-4.062390087276847694e+00
1.252313462315191861e-01
-2.044073277759678522e-03
-4.759531968054488082e+00
-1.396131584309754814e+00
-8.857133923857682389e-02
-1.067636466282488872e+00
