-1.313862240257413161e+00
-1.092034190892269718e+00
5.322684942390456975e+00
5.507735157419965333e+00
2.860231629355159955e-01
-3.707446833746251169e+00
-2.913504111381145734e+00
-1.875557207394115578e+00
2.282667378574261718e+00
2.476268331221032071e+00
4.773027692572802572e+00
-2.379259683220106947e+00
-3.176750624487568508e+00
2.103677082193000647e+00
4.893900041186199701e+00
3.994607774247816767e+00
-3.498318034387999376e+00
1.351536796751519720e+00
2.061237978453250186e+00
2.990952129961144568e+00
4.784442470712389373e+00
-2.693642138847391898e+00
-7.351119280838417369e-01
-4.068131720332146095e+00
1.340728582728498430e-01
-1.461064688822033032e-03
-4.754636054423841074e+00
-1.393370541348207592e+00
-1.049323472414761954e-01
-1.074798086384975093e+00
