7.266768782818993078e-01
-4.500116451088361558e+00
3.810082893646610458e+00
-2.885806301883223846e+00
-7.967852699412305562e+00
-7.995402476735383068e+00
-7.617684431965776604e+00
-5.947219497653340348e+00
1.027437837667006271e+01
9.341046314562138519e+00
-4.462643787178899757e+00
-7.224631434787633033e+00
4.636833400246156422e+00
3.999720759858402808e+00
1.039260974941141225e+00
-1.104968093754206571e+00
-6.359637630871349145e+00
1.925078351850489478e+00
-1.924669022351406023e+00
-5.345319373790888839e+00
1.197171598617290122e+01
3.220761376204168691e-01
5.579399101507958036e-01
7.269413138635117733e+00
1.192715354602262856e+00
5.114327551367535918e+00
-7.819564939451962182e+00
7.803442990414804825e+00
-2.793306740098234986e+00
4.711909293788743014e+00
