3.046413068409846048e+00
-2.445071436178518187e+00
4.840755694608717796e+00
-5.879645951156231565e-01
-6.158276279096238426e+00
-6.814522549881862012e+00
-6.153544590482352028e+00
-4.056474035547909196e+00
1.251874057694447906e+01
1.153937413719013882e+01
-2.156002755460996401e+00
-4.964697549661092779e+00
8.531102054374404275e+00
7.333148370806010341e+00
4.734913245833620721e+00
3.120309574897875748e+00
-1.736632180565370831e+00
6.579855580076980459e+00
2.456239687511946990e+00
-1.213909744604337426e+00
1.547495168605523119e+01
4.161735485411603541e+00
5.899717997525365298e+00
1.189434269301096236e+01
6.276244205360590911e+00
1.187624713703680079e+01
9.371491445299156009e-01
1.653801670968281456e+01
5.612665951208893667e+00
1.320208927571649049e+01
