-2.842552125328135659e+01
-1.597361730580251482e+01
-3.423830728343923369e+01
-4.578694980441568418e+01
-1.804935904362313792e+01
2.575202081392713893e+01
2.474265673333325566e+01
1.124425171688057645e+01
-1.211098789596004011e+01
-8.888632264912457170e-01
2.343291159687393588e+01
-3.143591306253595974e+01
-9.032545838675131833e+00
5.766117056931089557e+00
1.571192213747885447e+01
-2.155238841678497863e+01
-4.334182115010128200e+01
3.378268178606455230e+00
3.117451211083371376e+01
-2.987312775807485465e+01
2.545562163632746788e+01
-1.864448272019686570e+01
1.978004369048806410e+01
-2.439870215535186304e+01
3.033954824166607622e+01
7.103166341922035443e+00
-1.238692938281714362e+01
3.175271022355399353e+01
-3.592498714104277013e+01
-3.426812441624741012e+01
-5.922124280925351592e+00
4.165761900414641161e+01
1.790702213121897657e+01
3.674593750220483290e+00
1.073221512579323189e+01
3.420465799537653595e+01
2.371950342688195690e+01
2.466992315296221605e+01
3.440700798460151333e+01
-3.608358696046038006e+01
2.850518608444141222e+01
-2.810480255549074435e+00
2.841207940831950296e+01
2.149895020895576891e+01
2.551883899087458829e+00
1.594069956551678224e+01
-4.748900543504287697e+00
4.022428598353142348e+01
1.197992068386898090e+01
-4.934139845990250706e+01
