-2.843256268305697176e+01
-1.598292024938580091e+01
-3.424557636836389918e+01
-4.579769538537104268e+01
-1.805900504498244175e+01
2.574781113764345974e+01
2.473744007536837941e+01
1.123871555646870846e+01
-1.204438239472288963e+01
-4.377172014067826078e-01
2.410955387699312524e+01
-3.066771295930499974e+01
-8.275425161781740258e+00
6.425548257155653253e+00
1.616954950279649950e+01
-2.135525128613026880e+01
-4.330845862990556583e+01
3.376407583859892370e+00
3.116465872808945647e+01
-2.988492427372995053e+01
2.545146568634715578e+01
-1.866343546623216909e+01
1.975944656450922565e+01
-2.441731534169524309e+01
3.032144609889562403e+01
7.086629048528152452e+00
-1.240620825574154473e+01
3.173504149268242003e+01
-3.594449578920148269e+01
-3.429030372395449433e+01
-5.939981868996419223e+00
4.164411178997817586e+01
1.789038716708680354e+01
3.658181928234645941e+00
1.071619646278449167e+01
3.418781009458274411e+01
2.370326208166041937e+01
2.465530005954979131e+01
3.439085553446711430e+01
-3.610353817289166045e+01
2.848974452506116606e+01
-2.833520118983872127e+00
2.831006511132085990e+01
2.102053160973245838e+01
1.855671548091226697e+00
1.517378697228990703e+01
-5.458513404830676485e+00
3.969690487292115222e+01
1.172355643170764417e+01
-4.941097400864579470e+01
