-7.917840461178542455e-01
-7.908159591819838852e-01
-7.901816680144304605e-01
-7.891719076028871349e-01
-7.892750033433006962e-01
-7.930849382974685113e-01
-7.925602494579222501e-01
-7.914025666157762373e-01
-7.915246195855552003e-01
-7.910129948617834472e-01
-7.929082850873081512e-01
-7.915565708553984337e-01
-7.888605202831810992e-01
-7.934022673596188291e-01
-7.927465505763451326e-01
-7.950503155687638213e-01
-7.876107666099230187e-01
-7.901505252555498515e-01
-7.881854918103377017e-01
-7.941347986278692872e-01
-7.929263763252074604e-01
-7.897943650273941962e-01
-7.913390539926123957e-01
-7.922233221184189489e-01
-7.905783143177513850e-01
