-2.657569412247575258e+01
-1.602551934702735537e+01
-3.430344334015435237e+01
-4.582915454295737590e+01
-1.807625176329099759e+01
2.573801818566505162e+01
2.472457819147996716e+01
1.121212425714231387e+01
-1.211215344530070581e+01
-9.155424107991400051e-01
2.341228562572047878e+01
-3.146880934994246459e+01
-9.051778315411427300e+00
5.737473552696861212e+00
1.568374376538491610e+01
-2.159348295982280419e+01
-4.338202436935765149e+01
3.346028711750038465e+00
3.115868088739741637e+01
-2.988981968169582615e+01
2.543545879441440150e+01
-1.866396517708809810e+01
1.976085754969388120e+01
-2.443729453012048936e+01
3.030991315216785154e+01
7.081515746734144301e+00
-1.242130105627108883e+01
3.171873350338930919e+01
-3.594365851088996777e+01
-3.428851911692470367e+01
-5.947058323234985622e+00
4.163700356598410224e+01
1.787325178580218221e+01
3.636924130860579751e+00
1.070331000388854648e+01
3.417964215466751909e+01
2.368553412369558941e+01
2.464501277738541063e+01
3.438256010925628203e+01
-3.609256754652825094e+01
2.847352547460168637e+01
-2.849883855683039702e+00
2.830270003087899511e+01
2.099639141505843298e+01
1.848550286526188025e+00
1.516079737968672703e+01
-5.476530610780921293e+00
3.969606692956396188e+01
1.172148434979107812e+01
-4.941620716246096379e+01
2.072104096300139986e+01
4.802358100235116467e+01
-4.279746093580808974e+01
-2.677503307681184097e+01
2.648186278186337006e+01
3.042115021253662377e+01
3.775141095242678091e+01
-4.626778283562848770e+01
-1.839139221669308810e+01
-2.268202191076717256e+01
3.751100646483882883e+01
7.851110083584767807e+00
1.925458734498648639e+01
-4.202590628167206432e+01
4.896036692122771683e+01
2.462598742521667816e+01
4.058328559189868656e+01
4.402935408307249787e+01
-4.531776344444263316e+01
-1.255087680248458248e+01
1.379564583168199476e+01
-2.566642951718781873e+00
-4.085402205308979262e+01
-3.019223834484065172e+00
2.593049641500065050e+01
-2.964433787782865082e+01
-2.037544806162147992e+01
-1.030851144006947528e+01
4.527688920030031738e+01
-9.829344981439231077e+00
-1.109594642738898784e+01
-1.823921527231102857e+01
-4.877725254072588257e+01
-3.230146923264022973e+01
4.906993754522985540e+01
-9.468888794595697433e+00
-1.701902016143422713e+01
4.844861799766879074e+01
-4.403828673724510168e+01
-7.497385732063640340e+00
1.333280765354282593e+01
4.699657087274447775e+01
2.382349546619333580e+01
2.719425374327232703e+01
2.679241568878322255e+01
1.466586356058084384e+01
4.083566781208782359e+00
-3.092123050609100865e+00
-2.124124366071859882e+01
4.978379704377834258e+01
