-2.875489874555958281e+01
-1.610453025740789457e+01
-3.404751050378452959e+01
-4.558283999043213441e+01
-1.758978294155149058e+01
2.570981032679245715e+01
2.477450083912438572e+01
1.159593202673281986e+01
-1.177198454639767711e+01
-8.677711008799010584e-01
2.330021633328726338e+01
-3.168527833821423911e+01
-9.063479918591623274e+00
5.911681845263474067e+00
1.564454318136769118e+01
-2.174891538230008337e+01
-4.330298608547940376e+01
3.437273316765264042e+00
3.142907775437263496e+01
-2.973632543007377294e+01
2.554235444470868899e+01
-1.871197478357006005e+01
1.937901734799355324e+01
-2.456930736956506678e+01
3.017195022159496531e+01
7.446314273213028301e+00
-1.254728622130956772e+01
3.143823624809574468e+01
-3.639226628295783428e+01
-3.402320116925685056e+01
