-2.887564956696744289e+01
-1.688965379495150998e+01
-3.300008964405546408e+01
-4.568881733731018358e+01
-1.755880599618591020e+01
2.566540608470857876e+01
2.484516309697004743e+01
1.144242516972814983e+01
-1.175644829518853385e+01
-4.339637149881450107e-01
2.332327014813142441e+01
-3.131852663119751767e+01
-8.996619548435207392e+00
5.453359137562913794e+00
1.529925871699698803e+01
-2.189618244186887708e+01
-4.340857855466486370e+01
3.383329882777831532e+00
3.127070153669993857e+01
-2.944094044036224034e+01
2.494550618672287357e+01
-1.847052407956791242e+01
2.067800697863538417e+01
-2.481283718942436778e+01
2.993534493395410578e+01
7.232445700399559030e+00
-1.232071211267604305e+01
3.182739138039253390e+01
-3.615240445934752955e+01
-3.469104645229865724e+01
