-2.304033617390220570e+03 0.000000000000000000e+00
-2.273041288185771919e+03 0.000000000000000000e+00
-2.302295124525116989e+03 0.000000000000000000e+00
-2.286898162743041212e+03 0.000000000000000000e+00
-2.291112556361433690e+03 0.000000000000000000e+00
-2.302641196676523123e+03 0.000000000000000000e+00
-2.294665259287677145e+03 0.000000000000000000e+00
-2.294665259287525714e+03 0.000000000000000000e+00
-2.306705646106463064e+03 0.000000000000000000e+00
-2.294096776788157058e+03 0.000000000000000000e+00
-2.293771591540514237e+03 0.000000000000000000e+00
-2.298961906472915871e+03 0.000000000000000000e+00
-2.299529144510610422e+03 0.000000000000000000e+00
-2.302298102705291967e+03 0.000000000000000000e+00
-2.302789239611954144e+03 0.000000000000000000e+00
-2.299721300217235694e+03 0.000000000000000000e+00
-2.303641318947938089e+03 0.000000000000000000e+00
-2.301532152299937934e+03 0.000000000000000000e+00
-2.298060452929832081e+03 0.000000000000000000e+00
-2.301652063141575582e+03 0.000000000000000000e+00
-2.293102128898571664e+03 0.000000000000000000e+00
-2.291035565324513755e+03 0.000000000000000000e+00
-2.304755613657173399e+03 0.000000000000000000e+00
-2.300892016140862324e+03 0.000000000000000000e+00
-2.307401565750478767e+03 0.000000000000000000e+00
