-2.614404543352645938e+00
7.091505298448696593e+00
6.868929409883850923e+00
-9.631914708801076586e+00
-7.549708079333606214e+00
8.996113664819125333e+00
-9.358560172516813935e+00
-8.235577867155155829e+00
-6.581306354144015103e+00
9.864133935225074978e+00
-1.696333463901426697e+00
-2.555135224963382523e+00
-3.146758139356163664e+00
-6.607458910110669548e-02
6.886909746888088268e-02
9.509987102211466592e+00
-3.292888344265368250e+00
-6.080430335976611644e+00
-8.172014017222192450e+00
-8.085941903213990756e+00
-2.307133250615317266e+00
7.032065580975180863e-01
8.488283508119131682e+00
-5.529230661646542089e+00
-4.489434269833525448e+00
-5.190586722818837373e+00
-5.324674319606769179e-01
9.936647831424898492e-01
3.007378579525915363e+00
-4.648843171880820968e+00
-6.615230369075315586e+00
1.483325669563433369e+00
-3.324975499018975711e+00
-2.251683235078169254e+00
1.858734193119402356e+00
-6.761754328761805155e+00
9.101688064287047908e-01
3.982678786992066122e+00
8.920219737095761436e-01
-3.479753110488412737e+00
-8.639640327603432368e+00
-4.106215282573006498e+00
-5.081119567996148945e+00
1.307857552446957117e+00
9.286814764796661237e+00
7.664131174849424966e+00
-4.527276014802462001e+00
-6.183181465706710789e-01
-4.213447166118054810e+00
3.787006026240302248e+00
