-2.338056201797338929e+01
-3.175684043111081678e+01
-3.450750240788147494e+01
-5.663417971005289075e+01
-2.587260329238340972e+01
2.217658261975333289e+01
2.914340510988606425e+01
1.317408486160633529e+01
-1.480518809345169373e+01
-8.028717825983003209e+00
1.731961364315971252e+01
-3.894007475413037156e+01
-6.661659245674715457e+00
7.347540037005755309e+00
2.461081444734572443e+01
-2.947159270761091676e+01
-4.371206841330951676e+01
-2.099449500519532918e+01
2.430457714800936486e+01
-3.161853828411308598e+01
1.469706490852068725e+01
-9.545914778943339840e+00
3.542310427474789236e+01
-2.973528560997660719e+01
3.172750509430044374e+01
-6.570896023602577962e+00
-1.949618974104561175e+01
2.434597110462822656e+01
-2.111019427050612762e+01
-3.946032858686033507e+01
-2.725166800117198918e+00
4.127135425741425934e+01
2.021483718032283861e+01
2.763390210827894045e+00
1.865296005048375605e+01
5.363911857254900184e+01
2.444669236341774621e+01
1.470266018592220192e+01
3.164185606501600034e+01
-2.218915117566627160e+01
3.126466126697297909e+01
1.261285092477263170e+00
3.077225756049998395e+01
1.823966925850677256e+01
1.111918608910250050e+01
1.328047323751619757e+01
-6.718994520549383509e+00
2.824943366869256067e+01
6.572759324476989740e+00
-6.440608435734608861e+01
6.539416784341735678e+00
4.956840272739536601e+01
-5.426379763397531519e+01
-1.437147334385725728e+01
2.338802416142245022e+01
3.392746802056046107e+01
3.791083895636796086e+01
-5.283374997759674585e+01
-1.174096101481800503e+01
-4.076053253061341763e+01
2.201857486484127691e+01
8.879545685717056713e+00
1.327367182030074488e+01
-4.293377090984764521e+01
4.552639572053448092e+01
4.144559684399898458e+01
5.235313642974919190e+01
4.581854420028030006e+01
-3.745342465549539668e+01
-2.281395472514936529e+01
1.254939152156634741e+01
-1.677068013251288647e+01
-4.791665442562021582e+01
1.733915664139246005e+01
1.330990994078135614e+01
-2.611107679989624231e+01
-1.324471969656098125e+01
-1.052234995824664310e+01
4.909140089199335222e+01
-1.091335953281370763e+01
-1.185509796650378078e+01
-2.705803380887816800e+01
-5.599800796005150971e+01
-5.069461549150562973e+01
5.928365578923180124e+01
4.123635839875394282e+00
-2.137167981512243387e+01
4.737053032666804597e+01
-4.019140873868182950e+01
1.690073524645914205e-01
6.294374460585331121e+00
3.578311096886447729e+01
2.712319261985444285e+01
3.124809585574818271e+01
1.587545475513879900e+01
2.931586250641247560e+01
-5.037641528090189169e+00
-1.317556044064044229e+01
-1.960309166341876619e+01
4.452612799053311932e+01
