-9.629098207170866175e+00
-1.134080169820400208e+01
-3.352969562533562708e+01
-3.624820094738162624e+01
-1.581940155435311368e+01
-3.026347207140638318e-01
2.046062892031111247e+01
2.214560554260354408e+01
-2.339570672336228085e+01
4.908428117270922542e+00
2.992350682750336688e+01
-4.724720070334269906e+01
-1.775583680983805124e+01
-9.931434616609302601e-01
9.369940915922750690e+00
-2.140370334253925222e+01
-5.116517702242094146e+01
-3.451645357466887276e+00
2.935731914360738770e+01
-2.395700532121228576e+01
1.111182885975605572e+01
-9.480280693835814176e+00
1.399196636975361585e+01
-8.901270475864199838e+00
4.259159952016481299e+01
1.180756662034672111e+01
-2.012982025716334533e+01
2.085904770001839381e+01
-5.367786526032168126e+01
-2.729520400129826285e+01
-2.273663482560780125e+01
3.204635646914811531e+01
1.511195666432683993e+01
-6.747481730084592400e-02
1.186208421378076494e+01
4.517444035228022869e+01
2.350458065632393101e+01
2.780644176134261158e+01
3.310838339166933508e+01
-3.384956362568596688e+01
1.603161924874891042e+01
-5.229448680390013315e+00
3.369153006049945986e+01
2.335695578117579529e+01
-7.526663022746423515e+00
1.774159244494583376e+01
1.090215776566351202e+01
4.577309120413898569e+01
2.079441234269125260e+01
-4.455819721819243284e+01
1.304107350771749552e+01
3.514681302826151210e+01
-3.699518458386469177e+01
-2.808040754765611879e+01
3.379568528343914124e+01
3.455461730775017770e+01
3.333328003721378252e+01
-4.229566107198412794e+01
-1.923882854305603374e+01
-2.567195743697537580e+01
3.968270319998627826e+01
-1.171229707974912415e+01
1.507105508603506294e+01
-5.891074570063410221e+01
4.886595711635328598e+01
3.362500093570479720e+01
3.666307407802527507e+00
5.073986826692143381e+01
-2.638554281895565978e+01
-2.565153957147271768e+01
2.385779819022097215e+01
-3.222513788650006816e+00
-5.049005003541213199e+01
7.271017574968247743e+00
2.107766839856511965e+01
-3.248024441372469084e+01
-8.505621339998672426e+00
-9.576296889716493510e+00
3.811008199559860543e+01
-3.124857330343426387e+00
-1.666013252939858091e+01
-1.633679136426544432e+01
-4.224653393733717621e+01
-1.836649686758211075e+01
5.353516996024045227e+01
-7.443019704848926388e+00
-2.526414270877659618e+01
3.988726048527360746e+01
-2.939347883714150100e+01
-7.530152139291598878e+00
6.278296506222240225e+00
6.254717062933463012e+01
1.893944801141907774e+01
2.510498037840828545e+01
3.163959744097603277e+01
1.145525072353766127e+01
-7.828517079838121617e+00
-8.466555781969091754e+00
-3.909367315741853588e+01
5.367196303625632225e+01
