-2.692516907133461501e+01
3.409182813269433510e+00
-2.534475823745974665e+01
-4.782400184436087898e+01
-1.157404905421287644e+01
3.806755604639714363e+01
1.852997571747185646e+01
1.874583417765533255e+01
4.271308654934381721e+00
-3.106582234178234536e+00
2.304498809740021414e+01
-3.351196351795666573e+01
-1.798582923972559655e+01
-1.498127640883879508e+00
2.407970915087493680e+01
-2.566497912758379130e+01
-4.108418146279795735e+01
5.477041378317659692e+00
3.348426958352067118e+01
-2.556352179465669394e+01
2.849598924169997360e+01
-2.528509390648645194e+01
3.437251040768313715e+01
-1.819287264491048717e+01
3.204663629404767988e+01
2.282838396244057577e+01
8.875661189845221344e+00
3.043783980640257880e+01
-3.210641224786147774e+01
-1.997320214952509332e+01
-2.422893116168400862e+00
6.047000691522000437e+01
9.866259721088246337e+00
1.046564700105411916e+01
1.797376173591553083e+01
3.306917565034191142e+01
4.001372183675744765e+01
2.837073727419429048e+01
4.290152857484272175e+01
-5.498570057273388301e+01
1.051393004900702799e+01
5.133889086895287335e+00
2.602028183435534814e+01
2.239492907376831354e+01
4.517026761684325820e+00
1.884605749164426314e+01
-1.025988742093494466e+01
3.735646222153324914e+01
2.223840181580556674e+01
-4.478864865026714170e+01
4.959240734470407475e+00
5.383408962673226483e+01
-4.559959974110284975e+01
-2.224562895886534264e+01
2.328615240685761023e+01
3.414716270955059940e+01
2.229764679631905722e+01
-3.223817913974705363e+01
-1.560487427948223882e+01
-2.543829302760993727e+01
3.852264182510624835e+01
-1.712574621093249316e+00
2.426485228029743979e+01
-3.310517373684047726e+01
8.273504899988155614e+01
2.686373522833863348e+01
4.176793784831117051e+01
3.651991038574986703e+01
-3.987882897539250848e+01
-6.270414405351936615e+00
2.086777638409564517e+01
-5.381216713623082626e+00
-3.722550285473349874e+01
-1.274805190072482830e+01
4.487661350681777606e+01
-3.472634678193361424e+01
-3.531761315460370554e+01
-2.576467178398661773e+01
4.533760251619528248e+01
-6.064971429505490619e+00
-1.269576440672473083e+01
1.220660256619550132e+00
-4.534595229634479807e+01
-4.657987891473664632e+01
3.716494900266251733e+01
-2.542136271233239597e-01
-3.555221256728132317e+01
2.774819106142631142e+01
-3.741776654848347050e+01
1.224722793669343446e+00
2.742435003670616922e+01
4.308265407423854043e+01
7.549442254770283967e+00
2.142109116926447143e+01
2.579632949149267773e+01
1.426457634355780968e+01
5.736655840119777139e+00
-1.096187469347684740e+00
-1.840680221011741224e+01
3.811545552215969224e+01
