-2.520470102821913638e+00
7.252999871609684845e+00
8.195966592547735630e+00
-1.083222738467295621e+01
-8.252065598418745651e+00
1.013195750711631860e+01
-8.816118546809025958e+00
-9.914006535700297107e+00
-7.666334543701947446e+00
1.274759210403393084e+01
-5.162970151944146213e-01
-5.468242342565960534e+00
-2.598479923830121940e+00
2.266013642030189068e+00
1.916533512829934338e-01
1.015159486015870272e+01
-5.246564679503157080e+00
-9.406735355582084068e+00
-8.471335350872148950e+00
-5.729157184029057603e+00
-1.628258013822867722e+00
5.042417478965425248e-01
8.317920760518228818e+00
-6.502941428635248933e+00
-5.904839802288957884e+00
-3.245385145716281894e+00
6.859873953053493567e-01
-1.948962926556226716e+00
2.416491060537466318e+00
-3.029717992535027271e+00
