-2.048932642014267280e+00
6.974566159504647977e+00
7.577979212236616746e+00
-9.629539725150198848e+00
-9.102803216234951478e+00
1.193526821366425139e+01
-7.425336247625752506e+00
-1.178223145975410979e+01
-8.269757063505345229e+00
1.156341613999743601e+01
-1.948099802408751247e+00
-3.207906094959795951e+00
-2.623506844150334416e+00
1.577404252314081434e+00
-2.277554931441346575e+00
7.692961400835963914e+00
6.696621213592512945e-02
-7.036707180317998578e+00
-7.704238672639226237e+00
-6.443798792797581498e+00
-3.065866038047338371e+00
-3.136593000925512964e+00
6.640152159835071899e+00
-3.621208611886761464e+00
-3.896490922426955272e+00
-4.323461783879302800e+00
6.777794379704162875e-01
2.018253413316525524e+00
2.902168959487247069e+00
-5.115063068791831924e+00
