5.341134277285078491e-22 0.000000000000000000e+00
3.534418755012888980e-23 0.000000000000000000e+00
1.177693833808555481e-23 0.000000000000000000e+00
5.807137851919440896e-22 0.000000000000000000e+00
2.389358605413177823e-23 0.000000000000000000e+00
9.343676259667883532e-22 0.000000000000000000e+00
2.168350896635175791e-23 0.000000000000000000e+00
2.222845209026983751e-22 0.000000000000000000e+00
8.124781527207249359e-22 0.000000000000000000e+00
1.359156440541305734e-21 0.000000000000000000e+00
1.958295607643134761e-21 0.000000000000000000e+00
1.019136276405661889e-23 0.000000000000000000e+00
4.825088381751267239e-22 0.000000000000000000e+00
2.268135935718284433e-22 0.000000000000000000e+00
1.561820461253121839e-22 0.000000000000000000e+00
2.686503402285090179e-21 0.000000000000000000e+00
1.014573054724479757e-21 0.000000000000000000e+00
2.637384724267137382e-22 0.000000000000000000e+00
5.995751814079599814e-23 0.000000000000000000e+00
1.583338210427333579e-23 0.000000000000000000e+00
1.329835551696179080e-22 0.000000000000000000e+00
4.394899585005485501e-23 0.000000000000000000e+00
2.327477666189170080e-21 0.000000000000000000e+00
3.358871949451928367e-22 0.000000000000000000e+00
2.297426640156727487e-23 0.000000000000000000e+00
