-8.310327050647481428e+01
-8.493880429944269395e+01
-4.148864124313777069e+01
-8.590870952723257403e+00
-7.253264627845304346e+01
1.067502122349181803e+01
5.961158124054423979e+01
-8.336055817274147728e+01
1.135282762892918740e+01
-8.950325810232847346e+00
-3.263306642774372790e+01
-3.422577836041222099e+01
4.417490731240935276e+01
-9.760825114033463024e+01
8.652193864002035184e+01
3.111245319126618369e+01
-2.374273757081874692e+01
4.650726294193287913e+01
2.322569249598471686e+01
2.303244964980241605e+01
-3.604381118119036387e+01
5.301360718186070642e+01
1.011730414385299071e+01
-4.068982931804326597e+01
6.734705730732542861e+00
-2.010143646313807153e+00
-2.879109977864987968e+01
1.270870719036175700e+01
-5.257105498682103928e+01
6.677619330762709637e+00
-2.158752099252383516e+01
-1.648199445848964473e+01
4.085190317066072652e+01
3.287062819635141153e+01
4.371286248475055913e+01
5.166429941792088698e+00
8.295927672730192626e+01
2.314262999265080012e+01
-6.337337005193674599e+00
-4.059004343277032945e+01
4.355333513425497927e+01
2.769333614239248931e+01
4.429646948856910171e+01
8.482885305142829679e+01
-3.260837224249370081e+01
1.615610806773003105e+01
-1.832719440984056192e+01
1.791000521312274074e+01
-6.156593849857287637e+00
-6.211111097680409898e+01
2.256410497003842508e+01
-3.988417912259686204e+01
-4.765048299568703527e+01
-5.108123467278329599e+01
1.212683471570376526e+01
-4.409108632511520298e+00
5.977309111266361441e+01
1.208598421600594719e+01
2.954575518614305452e+01
7.954996329240910313e+01
5.245951242288771255e+01
-2.651129235341824142e+01
-2.176221838402507558e+01
4.097359292439470835e-01
2.920813861942673029e+01
-5.810704324046191971e+01
2.367262372294646866e+00
9.046097249496048676e+01
1.759844341654186195e+01
-8.232922682722531249e+01
-7.131177416714182016e+01
-2.518695007533111507e+01
4.414494672077422166e+01
-8.369842157030554120e+00
-1.784894042150233417e+01
-3.552241691571146021e+01
1.365915945010258881e+01
-1.296714389291027203e+01
-1.726011802920487526e+01
-1.812965823338814886e+01
2.253579750039845209e+01
-8.203089223335857127e+01
6.685727029512909780e+01
-2.123223814350918204e+01
3.833622633355357578e+01
-2.294309906089452511e+00
4.231517162566304791e+01
6.886356139345051020e+01
1.225000497064729288e+01
-6.685924473694900172e+00
-2.295208573998062107e+00
4.687555971879023531e+01
5.221251444752132542e+00
2.934338232574996397e+01
4.285880651087845905e+01
6.489167423931675671e+01
3.491682752285267810e+00
-5.032840307822363002e+01
-2.574789720366040413e+01
2.555445688734961607e+01
