9.337588724196431045e+00
-3.146857251459729810e+01
-3.937039629662481843e+01
-2.762524222433651033e+01
-6.822190938229357471e+01
7.323826384432426551e+01
2.341312149383653107e+01
-1.073266804803309071e+01
6.329477365758042851e+01
6.516333234040061484e+01
-5.548539830590726751e+00
1.462670581839741857e+00
2.020519484250522879e+01
1.728928342381439620e+01
-2.659136422019409451e+01
-5.457747696333854037e+01
-7.365833862233735374e+01
5.835521283241983781e+01
8.678417320212062691e+00
5.866756015521441725e+01
-7.040367614589996492e+00
-3.821139885685714432e+01
3.467789963317953550e+01
-9.512582479745860553e+01
1.834309512019003208e+01
2.518121125925991066e+01
-6.548429710348493415e+01
5.085928880671417573e+01
-7.206876309388596269e+01
-5.356151849356987782e+01
-8.236242379376542999e+01
-2.862497487733964618e+01
-2.436992907483462290e+01
2.462302195392631532e+01
-5.173591958964911441e+01
-3.573453596759661366e+01
-8.849525763454920479e+01
1.128938485043111939e+01
7.289547772093274602e+01
-1.474969432670354763e+01
-3.099874775347958789e+01
-8.079860235390668777e+00
3.144432882350572811e+01
2.080116468966415511e+01
-3.581122908569841456e+01
-2.234394951415896458e+01
-1.101500580470654000e+01
9.283784031107693124e+01
8.032582960329676780e+00
-1.795584533566007224e+01
2.337651439638552731e+01
1.717202334836663624e+01
6.841053649058963515e-01
-2.088078068864878034e+01
1.966434808635946041e+01
-7.637448964676106300e+01
3.755000927718884896e+01
-8.687321534922007515e+01
-1.570228685834687532e+01
-4.441459542881116818e+01
3.440581783102258129e+01
3.321314550299797475e+01
4.740513487755788447e+01
-2.111732631970362206e+01
2.978309967347428255e+01
-3.193720049001029793e-01
8.764995710203199053e+01
-2.502732771055761418e+00
-8.513308695331545550e+00
1.688862748385427182e+01
6.573971009247291875e+01
-3.728576443399884965e+01
-4.061069645604830214e+01
-3.445945728146942599e+01
4.633164663738372724e+01
-4.376720010947927619e+01
-4.840085877523965507e+01
-7.091286208641866651e+00
3.663264664565528506e+01
-1.378995046438268446e+01
-2.694664987652745225e+01
9.052580290329228774e+01
-7.815704572363418379e+01
1.252406201924991791e+01
-4.767944354161841858e+01
8.484765012977263154e+01
-7.333841058859201212e+01
7.701641737589073955e+01
-4.275497856813117892e+01
-5.152128188266351572e+01
1.196278782510770000e+01
-1.880314378619196702e-01
-1.274168035883887740e+01
7.052886895873635353e+01
2.090700770688363264e+01
-8.264666547805185814e+01
-3.131300042123444527e+01
2.277374281756536689e+01
1.769839637300422908e+01
-1.481262626265948867e+01
