-2.857287676315126035e+01
-1.602069291830449771e+01
-3.426735013475744296e+01
-4.581811210032936543e+01
-1.807978114632906497e+01
2.572567904725805832e+01
2.471656391352889059e+01
1.121571948902901816e+01
-1.213661711174380642e+01
-9.155066607586997973e-01
2.340530968613656171e+01
-3.146470652853886563e+01
-9.066299487815250302e+00
5.735014630266114466e+00
1.568416698398308284e+01
-2.158247350470268699e+01
-4.337023138780223519e+01
3.353632174622262152e+00
3.114533337097102716e+01
-2.990395091092338475e+01
2.543268921804883220e+01
-1.867392971582676253e+01
1.974923094893565079e+01
-2.442752402258275524e+01
3.031123770259045358e+01
7.076420613840221918e+00
-1.241641670326270663e+01
3.172483307930261276e+01
-3.595470423548493244e+01
-3.430051215106046669e+01
-5.950190290758842870e+00
4.163390336725970542e+01
1.788017874492848946e+01
3.647973507857442232e+00
1.070598804396674453e+01
3.417760166879642725e+01
2.369305365981652400e+01
2.464509163358581034e+01
3.438064711067871571e+01
-3.611374658735895338e+01
2.847953609970446109e+01
-2.843728540358884338e+00
2.829985668741171523e+01
2.101032318605159332e+01
1.845463126979086654e+00
1.516357855356023521e+01
-5.468721731861511337e+00
3.968670065571733119e+01
1.171355235472884537e+01
-4.941107406575773098e+01
2.073509620154798228e+01
4.802637624134688110e+01
-4.279755115306564051e+01
-2.678821569754166632e+01
2.648576185617495682e+01
3.041237526554062853e+01
3.774266451770512987e+01
-4.626394065038923031e+01
-1.839456148461074747e+01
-2.268409153518542709e+01
3.751905241902370136e+01
7.855536152792712556e+00
1.926812280529868815e+01
-4.202561085555031895e+01
4.896307472574173403e+01
2.461281095274949493e+01
4.058018495848044438e+01
4.402366852384256646e+01
-4.531879981133334923e+01
-1.255021614310548905e+01
1.379595324144215773e+01
-2.560425303378778494e+00
-4.083788474610187080e+01
-3.029882197141154254e+00
2.590618078253530143e+01
-2.964044709733672534e+01
-2.036560940667143527e+01
-1.032501208332485554e+01
4.527341821163140168e+01
-9.840186296807207356e+00
-1.111151018870871354e+01
-1.823645637882047055e+01
-4.879068420196511369e+01
-3.230855107974468865e+01
4.906478956058715823e+01
-9.465411991770146471e+00
-1.702629695462274029e+01
4.844474694119837466e+01
-4.403309804490595525e+01
-7.477364042115469012e+00
1.331788785443956868e+01
4.697544920077006481e+01
2.382466455370435199e+01
2.720392158023295082e+01
2.677428516527918845e+01
1.466167848939143070e+01
4.063552232966635813e+00
-3.106116726558565411e+00
-2.122634209789292115e+01
4.980461843148211187e+01
