-2.857287676205360683e+01
-1.602069291701029385e+01
-3.426735013501219385e+01
-4.581811210074731378e+01
-1.807978114622599364e+01
2.572567904666249561e+01
2.471656391562968125e+01
1.121571949000670898e+01
-1.213661711367198670e+01
-9.155066600957355583e-01
2.340530968498003261e+01
-3.146470653015739316e+01
-9.066299490745274525e+00
5.735014629884123138e+00
1.568416698418879207e+01
-2.158247350681855536e+01
-4.337023138993060911e+01
3.353632175910374880e+00
3.114533337265713087e+01
-2.990395090904333841e+01
2.543268921874557975e+01
-1.867392971606849272e+01
1.974923095165119236e+01
-2.442752402081983831e+01
3.031123770300707321e+01
7.076420612691767253e+00
-1.241641670334812986e+01
3.172483307846417233e+01
-3.595470423277048866e+01
-3.430051214818353600e+01
-5.950190291051628222e+00
4.163390336928473090e+01
1.788017874562196852e+01
3.647973509776936574e+00
1.070598804427409867e+01
3.417760166962636248e+01
2.369305365959549192e+01
2.464509163382499324e+01
3.438064711164518883e+01
-3.611374658665484105e+01
2.847953610068641339e+01
-2.843728540559143703e+00
2.829985668818035549e+01
2.101032318439284197e+01
1.845463127832459360e+00
1.516357855274947042e+01
-5.468721733790636641e+00
3.968670065652038659e+01
1.171355235285358631e+01
-4.941107406581277672e+01
2.073509620088702121e+01
4.802637624128741578e+01
-4.279755115195558801e+01
-2.678821569662804336e+01
2.648576185601636013e+01
3.041237526428992055e+01
3.774266451780572140e+01
-4.626394065083494667e+01
-1.839456148457853146e+01
-2.268409153365145414e+01
3.751905241896837140e+01
7.855536152111723069e+00
1.926812280443008518e+01
-4.202561085744079605e+01
4.896307472499138669e+01
2.461281095196888202e+01
4.058018495827342065e+01
4.402366852269251041e+01
-4.531879981024651727e+01
-1.255021614396131824e+01
1.379595324322604277e+01
-2.560425303343144332e+00
-4.083788474639403177e+01
-3.029882198093408086e+00
2.590618078250926715e+01
-2.964044709653176568e+01
-2.036560940556523747e+01
-1.032501208546145577e+01
4.527341821315086179e+01
-9.840186298413520660e+00
-1.111151018766703302e+01
-1.823645637936763109e+01
-4.879068420095389058e+01
-3.230855107961593120e+01
4.906478956130484903e+01
-9.465411989974588991e+00
-1.702629695422242406e+01
4.844474694345860399e+01
-4.403309804535332006e+01
-7.477364041422194241e+00
1.331788785676414122e+01
4.697544920173583449e+01
2.382466455331093869e+01
2.720392158078550437e+01
2.677428516695504257e+01
1.466167848699142873e+01
4.063552232722334345e+00
-3.106116725652760646e+00
-2.122634209925756110e+01
4.980461843060945171e+01
