1.087760229777469689e+01
4.770295291072223165e+00
6.963707950601849461e+01
-3.661749016736011697e+01
-5.345540273086150052e+01
-7.095951511521180066e+01
-5.905129539389413651e+01
-7.868257713694134736e+01
3.191629978865557149e+01
5.650615674399944055e+00
5.299364936032758067e+01
6.298218392251955322e+01
7.015840645766530770e+01
-2.086284838682696119e+01
-2.183718403838329891e+01
6.107853661323892425e+01
3.547190960229055179e+01
9.778968077380330470e+00
-3.132651994735719114e+01
-6.343358429175307123e+01
1.966065410217439080e+00
5.220881579316684906e+01
5.487081947450356978e+01
2.581435034013686902e+01
7.670275176217819535e+01
5.700473414810642225e+01
3.371339220894757460e+01
-5.092355925403240491e+01
2.335511258725775008e+01
4.673245968255613292e+01
7.161056193562866667e+01
1.533914431469725059e+01
-3.661133945324695560e+01
-3.073194515199398325e+01
4.060355622986871538e+01
7.525774252508820439e+01
2.853143115762655313e+01
-1.866814496214715291e+00
-2.911358706293853515e+00
1.794978132293340423e+01
2.427382627052241304e+01
4.683333302360246364e+00
-3.294014185003629080e+01
4.104573963675812820e+01
2.241407869708794465e+00
-9.011256639208016850e+01
6.396141134151087471e+01
-5.064782852135351732e+00
-3.023017062295146928e+01
-4.733490023076605269e+01
1.966363171856631453e+01
-7.572835089516297913e+00
-4.532936653630571300e+01
1.761923736190458101e+01
8.667719610472532565e+01
-6.632045084676287061e+00
-5.360654823301361205e+01
-5.167322033784512314e+01
1.931353941312733014e+01
-7.830984764575816826e+01
3.440445041120889869e+01
-1.636181129799857104e+01
5.549500916511124871e+00
7.455011050188483068e+01
-6.782444486899223079e+01
-3.513872739669084311e+00
-7.582709675148230133e+01
-2.981558938749542875e+01
4.028761609976329083e+01
-2.440108594936402397e+01
7.589274617308217330e+01
-3.972828246427241794e+01
5.721497127552019890e+00
-4.574205704747448920e+01
-7.438393227093911264e+00
-1.648136925222442528e+01
-7.199770713865487437e+01
3.716432291527382858e-02
-1.483573913805292932e+01
2.034054950499806580e+01
1.885565078555317697e+01
1.830861671183812689e+01
-4.615966858319222155e+00
9.370069903872456507e+01
-2.899319487963229136e+01
-9.306517678370839519e+01
6.320416627248403074e+01
-3.042423228175887573e+01
-2.073328423940802878e+01
2.649827879948859888e+01
-5.512426080453679589e+01
1.936340218706559568e+01
-1.936496804911032399e+01
-1.501248493741458567e+01
2.857224886995669522e+01
-9.836850336530903860e+01
2.283366636675329175e+01
4.618998112614378471e+01
-4.486320973155677905e+01
-8.774663911250699755e+01
