-7.781330871968319229e+01
3.463711748506015908e+01
1.443998598014112389e+01
-1.795542937996147614e+01
-5.026609572264858627e+01
5.565952581800544863e+00
7.644765170844118529e+01
-6.644842134024781899e+01
7.078464235200107169e+01
-4.561436942159487273e+01
2.523350142402314944e+01
-4.142476756831700868e+01
2.401848509443003721e+01
2.414108802142447274e+01
3.855193612867489605e+01
1.911292740292467940e+01
2.826133204579357283e+01
-4.801976902837903083e+01
1.219729424655399441e+01
7.565216032495264642e+00
1.129920703680233984e+01
1.187601847459571758e+01
1.886417906644788900e+01
7.412357857392079552e+01
7.098373343516588818e+01
6.731211982668315841e+01
-3.479160726944722626e+01
2.251282617661372498e+01
6.953572200425114147e+00
-1.165633338576841993e+01
2.202065732988999258e+01
1.683153306097760904e+01
4.442346514978951433e+01
-6.666673232262596116e+01
3.049844027046625428e+01
1.858517628865502758e+01
3.825574623878956260e+01
4.036891053375173755e+01
2.418567014975808149e+01
4.376069841853171738e+01
5.324433192748033861e+01
-8.592781802015838366e+01
4.858736306196178134e+00
8.621668086290155486e+01
-7.916188597439310115e+01
5.290297950236556801e+01
-1.411642987359463675e+01
3.209737172629360202e+01
-4.113367361564126412e+01
-8.047235723224211768e+01
-3.197941041720876498e+01
-7.528715258885000594e+00
4.925960638421280180e+01
-2.831461507770629638e+01
2.130260875547770993e+01
-3.550576541049921531e+01
-6.231227467283304122e+00
-4.586921875012967575e+01
3.536639940303157914e+01
-4.926857828711328935e+00
2.629377806412949070e+01
2.312548136051268699e+01
-3.611244571852078877e+01
-5.369342472121702059e+01
-6.297554079326844345e+01
5.053922453953472171e-01
5.145883482742377169e+01
-7.819358313388815418e+01
3.715187560774744213e+00
3.440669062194884020e+01
2.228474096524069381e+01
-2.241940066006585397e+01
-3.958043804337954441e+01
-1.698219375642813489e+01
3.013893681038402406e+01
-2.533621384577510405e+00
-1.812856121290609224e+01
-7.474201347821905017e+01
-2.933057308999826418e+01
5.554048865816221792e+01
1.729731366198507203e+01
2.841433926418794087e+01
8.798385322582242907e+01
-2.716407859919045720e+01
3.066358854812372314e+01
-5.360403081883308118e+01
-3.274723572189620313e+01
1.295182195139426895e+01
-3.166954317545521747e+01
-8.350579665724417566e+00
4.087524391769463961e+01
-2.570039868813007189e+01
1.264118914861940368e+01
4.001267421655239076e-01
-2.708351632228602668e+01
-2.382612741238116172e+01
-2.328132586189803988e+01
-6.306235408739021864e+01
3.547185334960762049e+01
-5.492129634146849071e+01
