-4.837691203291740294e+00
-3.295059315217796936e+00
-3.011231715902975026e+01
-1.784309554093153594e+01
-6.767023192724767000e+01
5.152288236927441289e+01
-3.242578033206289945e+01
-6.026090988761110623e+01
8.902704859362859224e+01
-1.810163797393067853e+01
7.238014116119342134e+01
-2.979489760171063750e+01
-4.432423398388272062e+01
8.156590608404295040e+01
2.876201619349523853e+01
6.894830613037893130e+00
-2.534971947604047315e+01
4.245369613965326039e+01
-3.901794132462867992e+01
-1.286265201354837018e-01
8.220646887585934337e+01
4.267074330054455800e+01
-1.158044306827935799e+01
6.631069070782615427e+01
3.422304836013687179e+01
3.929269591898988523e+01
3.802859962510554226e+01
7.695099671413680653e+01
-1.552233462468645087e+01
-5.992093068148434298e+01
-1.812618629592529373e+01
3.380269698206717521e+01
-2.996500749733654700e+01
4.965609174385308222e+01
1.646142827832309408e+01
8.209014712277308945e+01
-2.290330664097943725e+01
5.530661198917383103e+01
1.756415924452426225e+00
5.096123448771354703e+00
1.490345110281804608e+01
1.168021995131087110e+01
-2.454946589112520883e+01
5.767561669318688189e+00
5.003313949628792301e+01
-1.136968830569921707e+01
-5.155180596079446786e+00
-3.104123969552310669e+01
-7.363313880282392176e+01
-4.620781265903289636e+00
-8.514780244367642581e+00
7.825375896325240888e+00
-4.405841736861124502e+01
-3.328037161502186336e+01
2.783114734880038554e+01
-8.160148408455039970e+00
-1.070029919107005867e+01
-1.384124171884437260e+01
7.790050153859036186e+01
-2.634707676185502123e+01
3.414764225476864823e+01
-6.122852474139719448e-01
-1.412033129922306784e+00
-9.274716835461933329e+01
-8.429449220413349053e+01
4.987127397700987075e+01
3.182877736980913852e+01
-5.557591147278856170e+01
4.590152415414567599e+01
-3.438436990834681239e+01
-5.269601309477926065e+01
5.639729847851534572e+01
-8.847304694957024651e+01
-1.472334120077809771e+01
4.488291853662880726e+01
-7.805721154070518253e+00
1.432409366480399626e+00
-6.498560329161435334e+01
9.463767281787347940e+01
2.995203861062525519e+01
-8.511080851612290132e+01
7.931194866138677924e+01
-2.053715556232440775e+01
-5.330135844866294548e+01
8.345127681171105394e+01
-4.547949313604470944e+01
2.133531644853903231e+00
-2.387780504724458552e+01
7.579240385475362274e+00
-2.875306565243271351e+01
6.962919906014124649e+01
2.128722485524981778e+01
-1.105157793875375205e+01
-9.872628718459452557e+00
-2.956006487787760761e+00
-5.893816814777128599e+01
-6.282947042009477912e+01
-2.451481657125720659e+01
6.393929857379542625e+01
-5.865815632477743691e+01
