3.633698913975296563e+01
4.032426436727084962e+01
-4.186330345894245397e+01
3.823448759071047220e+01
1.306253743295531855e+01
-3.937802655211056901e+01
-2.251690743629613678e+01
4.370904488273303024e+00
4.358770684305290644e+01
5.070759715901107967e+01
-3.177442899462077008e+01
4.777345465929523982e+01
4.718826751126443497e+01
-2.578081184529739112e+00
2.992534278162804640e+01
-3.636001518164969326e+01
-1.166815085361726823e+01
4.444994455232460950e+01
2.930849344447425153e+01
4.777481516387429394e+01
1.177402182466707714e+01
-4.550687457845185691e+01
3.423909040210934762e+01
4.041588766825623225e+01
2.136434442460714322e+01
2.530590775004599635e+01
2.143673512142946080e+01
-7.338419845263484120e+00
1.801590412034686750e+01
-2.974562408986072626e+01
1.803506994407640107e+01
-4.698749723452879579e+01
-2.186539767539521506e+01
-4.397759564653083686e+01
-3.783957036698625132e+01
3.128072771533501140e+01
1.556768823413084846e+01
-2.108523433691586746e+01
4.321738655998146328e+01
-4.670902711337089386e+01
-6.186430482999140779e+00
-1.029582963837114207e+01
2.528368354773144233e+01
2.923228919911157675e+01
-2.936757305309385657e+01
-6.323901109468470505e-01
-5.567158070979756346e+00
1.334904544783316105e+01
2.115020015296999389e+01
2.749568982016572249e+01
