3.131946377269878212e+01
4.341569491232137779e+01
-3.873223611447050985e+01
4.352545304125660408e+01
1.344877046192121739e+01
-4.144750722407583510e+01
-2.433488008436062344e+01
6.825954912143163966e-01
4.246062934960433921e+01
5.326540679824204005e+01
-3.486623547744508755e+01
4.484835516442852565e+01
4.547036811516457533e+01
8.997531270478096310e-01
3.144148310148278469e+01
-3.450240120962024548e+01
-1.283800120262777078e+01
4.524783737250287174e+01
3.271877866367479015e+01
4.338512144314858432e+01
1.592170799785517232e+01
-4.482352921729805928e+01
3.315287356945150066e+01
4.595153553388422552e+01
1.989101569199854680e+01
1.744504858477589693e+01
2.341995620038492021e+01
-1.126798889069856102e+01
1.702379370757671850e+01
-3.201306250219657556e+01
1.930387235584080940e+01
-4.301684121286923812e+01
-2.155290551025542811e+01
-4.701029988359026390e+01
-3.987932145612193580e+01
3.118205632667398675e+01
2.198155066241775302e+01
-1.827015674942125401e+01
4.393368415344772870e+01
-4.541458628979671630e+01
-5.009306705129407788e+00
-1.060638516927341435e+01
2.148626560490231441e+01
2.946669810514395493e+01
-3.225975052739928373e+01
-9.386235052172338111e-01
-4.149968796092961654e+00
1.408928517860572427e+01
2.051838257822322475e+01
2.429033574218095382e+01
