2.124576819858795318e+00
-4.282267916069844205e+01
-3.668652646223217317e+01
4.173986348189225737e+01
-1.773654541970356391e+01
1.842968322165773998e+00
-2.939059836982405827e+01
-1.018438254176687963e+01
-1.189221210705985499e+01
6.860009636646125841e+00
9.365824668699398003e+00
-4.203893276550793701e+01
-4.707994894616448533e+01
-1.953658776391178264e+01
-1.812123603939356187e+01
-4.115626488855342302e+01
-3.842846743767542250e+01
-2.839748289285591909e+01
-1.092964349822682735e+01
-4.951164960512176094e+01
-1.546743943220941375e+01
-3.956373591592470973e+01
-1.418067540227441015e+01
-8.053581842551135850e+00
-3.050686297049741569e+01
-2.056712875142046926e+00
-4.267042331144979883e+00
-3.395924131043680205e+01
-4.923923235369714746e+01
-2.189416765626096861e+01
