-9.568619514357038724e+00
-4.388039045054625120e+01
-3.746400595519622811e+01
-1.920168451419348088e+01
-2.183787566579051287e+01
-4.847013986241066164e+01
-3.045415393610091570e+01
-4.619453416540390123e+01
-3.751900893261047543e+01
-4.497592164270086812e+01
-2.609309410559941256e+01
-4.161453564572694219e+00
-3.773031889319775445e+01
-3.210781938470294961e+01
-4.178190875660643400e+01
8.833566399276362446e+00
-2.669300014266955401e+01
-4.124156314325313133e+01
-3.860989355862153616e+01
-3.456204160873051023e+01
-1.257679910399103917e+01
-3.832353168231060181e+01
3.465064997261058721e+01
-4.729559025098201630e+01
-1.829732870754098428e+01
8.148911419482564256e+00
-2.969918377898945394e+01
-4.603021187431433248e+01
-1.984687060370453082e+01
-4.174067679299545830e+01
