-2.857284817217208683e+01
-1.602070421884664242e+01
-3.426751179894337440e+01
-4.581794915704200122e+01
-1.807971512776782319e+01
2.572554843828953253e+01
2.471671088192988464e+01
1.121552729113513891e+01
-1.213643717701054747e+01
-9.155778072798101963e-01
2.340525110556146160e+01
-3.146482165618724025e+01
-9.066169667396120957e+00
5.735165362769049757e+00
1.568417959275762996e+01
-2.158267067804905182e+01
-4.337025019462073772e+01
3.353722519739331887e+00
3.114524079887706876e+01
-2.990378855685251835e+01
2.543268002010745477e+01
-1.867387348962154192e+01
1.974915028791832938e+01
-2.442749705583969444e+01
3.031122310467394243e+01
7.076391700237111948e+00
-1.241630288756278766e+01
3.172469668817433330e+01
-3.595468576090137702e+01
-3.430052473966320292e+01
