-2.857277770043641496e+01
-1.602081540103326063e+01
-3.426730433013473487e+01
-4.581805409061391998e+01
-1.807995949316986639e+01
2.572574853515986959e+01
2.471669189278008361e+01
1.121564244755999695e+01
-1.213665387549473706e+01
-9.153839478454853795e-01
2.340527806918509768e+01
-3.146485228398029932e+01
-9.066308563252714947e+00
5.735088662222300293e+00
1.568413080455358255e+01
-2.158245930560668668e+01
-4.337018194736737087e+01
3.353702877443891506e+00
3.114515264067203049e+01
-2.990390872796363553e+01
2.543264900934488537e+01
-1.867380365633613692e+01
1.974911772553666722e+01
-2.442752804144894085e+01
3.031127687071842658e+01
7.076491487389708901e+00
-1.241644750427645860e+01
3.172467181992356089e+01
-3.595442205669853308e+01
-3.430062344946239250e+01
