-2.864203498594568842e+01
-1.540421106364809845e+01
-3.358953871706076910e+01
-4.622130070088653042e+01
-1.794990404708744691e+01
2.518501028330490499e+01
2.505779559204108153e+01
1.093243789879762851e+01
-1.161560852578290515e+01
-3.782041473579020874e-01
2.419337951837041700e+01
-3.039412209366253137e+01
-8.717278196904024057e+00
5.818177028163242781e+00
1.738088420152053004e+01
-2.196271381801079414e+01
-4.287572869861764246e+01
3.570496365177553866e+00
3.149276382645600947e+01
-2.970121661248550993e+01
2.536298553127949873e+01
-1.891266416717182963e+01
1.973770225860269178e+01
-2.474523208828093246e+01
3.047148394157652973e+01
7.079053931511517739e+00
-1.047111753925985944e+01
3.205880494032728478e+01
-3.504191033596826799e+01
-3.463807551915495253e+01
-5.470613512931106648e+00
4.217071496806274666e+01
1.708726584020317674e+01
3.625842487098463796e+00
1.169966667743127253e+01
3.448248993915542115e+01
2.493483612064361310e+01
2.415790623397872139e+01
3.391570938646064803e+01
-3.751088011015741586e+01
2.857156040965702815e+01
-2.867644817394163326e+00
2.856271851836556763e+01
2.087805405381777035e+01
3.879636585313754882e-01
1.601872296109599247e+01
-5.251723871911583075e+00
3.919050019090865788e+01
1.109194057414977586e+01
-4.742302514980043071e+01
2.102931521113807634e+01
4.787518082411943965e+01
-4.312730465690596304e+01
-2.729284438111630706e+01
2.710594028924811383e+01
3.033862243184406537e+01
3.673315518100677934e+01
-4.490001726626056922e+01
-1.771943444277070157e+01
-2.312253771414370007e+01
3.699486626000407341e+01
7.417632355463400273e+00
1.915280583452821972e+01
-4.262451837808202271e+01
4.880862762933333698e+01
2.539344318133059275e+01
4.039128773404347328e+01
4.432251178279739889e+01
-4.553248146626560100e+01
-1.277123490574319575e+01
1.424193740419216425e+01
-2.385930031771946958e+00
-3.985742524567104539e+01
-3.562833424021338402e+00
2.678047378856711447e+01
-2.912161586765650156e+01
-2.098219946393617619e+01
-1.008637607823901838e+01
4.397730466381868553e+01
-9.673236738351034703e+00
-1.074649766716574817e+01
-1.773976695982289797e+01
-4.874314904030322992e+01
-3.127064757740461332e+01
5.013125233703103589e+01
-9.518077134351543123e+00
-1.717691956170006762e+01
4.788590017534819765e+01
-4.316031522072796633e+01
-7.137120205085564884e+00
1.217463667210343914e+01
4.429838090031919506e+01
2.357732286721087078e+01
2.761933973929845720e+01
2.589035452110976365e+01
1.420859718492504520e+01
2.815717228490488999e+00
-3.606931953463259788e+00
-2.095005547239448873e+01
5.173243581670175217e+01
