-2.860441612043564419e+01
-1.596924329160558287e+01
-3.420374799696597279e+01
-4.583919529532421677e+01
-1.804761133851721411e+01
2.555896993760007518e+01
2.484905454919154266e+01
1.115183067456385757e+01
-1.216881776692465067e+01
-1.019949482807638530e+00
2.345125534867017691e+01
-3.156410393117254642e+01
-9.261556811528585342e+00
5.702850656622270975e+00
1.550163916732277691e+01
-2.143132705319234432e+01
-4.325055519200273579e+01
3.518547487900525184e+00
3.123217797604148771e+01
-2.989752514949543993e+01
2.545830725162529973e+01
-1.859200079078344459e+01
1.984981731153571971e+01
-2.440083776384478398e+01
3.025517748541707874e+01
6.955289291683749653e+00
-1.243518434405573281e+01
3.171717666331197449e+01
-3.585274135208798896e+01
-3.421140071635855406e+01
-6.021129403746336095e+00
4.163449101562371624e+01
1.783361316441258282e+01
3.535787810189840119e+00
1.077228423105774269e+01
3.432174645532103341e+01
2.380091192114624477e+01
2.463676393728202285e+01
3.443391389461915253e+01
-3.603190720621959287e+01
2.852657709269637820e+01
-2.952650877909788196e+00
2.835891985687151617e+01
2.097132565407380866e+01
1.946868799757976998e+00
1.527252263896378892e+01
-5.511891628788759157e+00
3.967925087207072465e+01
1.172427682805434124e+01
-4.960548216219721240e+01
2.074733372610874227e+01
4.806601620248036966e+01
-4.280161006524097900e+01
-2.679311998082108559e+01
2.669372846734808746e+01
3.036257710817894662e+01
3.773351363356206889e+01
-4.618159843668433950e+01
-1.841056221096732415e+01
-2.269845557272687486e+01
3.747493199648916118e+01
7.803819406133970737e+00
1.941610824297750781e+01
-4.205534371953342543e+01
4.892979967024328403e+01
2.451491081283608864e+01
4.072009683845020334e+01
4.401652177396945120e+01
-4.535994151339003366e+01
-1.247431621222283127e+01
1.380664937772120560e+01
-2.688372388106290867e+00
-4.089057543573203191e+01
-3.060989756200233725e+00
2.600108653875492948e+01
-2.966179532030285770e+01
-2.039878108031482995e+01
-1.031330059633563145e+01
4.526332416546706838e+01
-9.873223333166869509e+00
-1.118518783928153582e+01
-1.814931133995760959e+01
-4.882390763462286287e+01
-3.234005363280777345e+01
4.912773182484777834e+01
-9.551049357090059644e+00
-1.699317164281785963e+01
4.861698106087018090e+01
-4.393596539566535597e+01
-7.423754000259035202e+00
1.315183181450244909e+01
4.697324614635662243e+01
2.388174671670728344e+01
2.721403963272626214e+01
2.670964630652827410e+01
1.468650591016821494e+01
4.090340428173619536e+00
-2.963974818049889492e+00
-2.115868392552092914e+01
4.971281134152297199e+01
