-2.851065431604484246e+01
-1.607054088503302935e+01
-3.417772519273636789e+01
-4.591934644891512818e+01
-1.806952424465081108e+01
2.566749347737213682e+01
2.462337918053140484e+01
1.113487996539836544e+01
-1.211495811480740592e+01
-9.475667103718981021e-01
2.355960292947965229e+01
-3.164951536082542560e+01
-9.029827529953170284e+00
5.769119986385616627e+00
1.564144996114130493e+01
-2.149498337616597610e+01
-4.327252078528690049e+01
3.539953412102284869e+00
3.121874760896544032e+01
-2.994889930271878598e+01
2.532907843198609754e+01
-1.860786767269208752e+01
1.969697466637910210e+01
-2.458148437571669120e+01
3.026894587989060526e+01
6.989214853292738283e+00
-1.235141862753536124e+01
3.163558055706586458e+01
-3.584148363432165496e+01
-3.413782888825792838e+01
-5.820186050736657180e+00
4.167394146849770209e+01
1.811203164655913156e+01
3.632893477077342670e+00
1.071021360473883988e+01
3.410764427325413806e+01
2.376481251296872088e+01
2.476634247310139969e+01
3.423142862521804375e+01
-3.604331740220522562e+01
2.834552886482571310e+01
-2.879028450798930550e+00
2.832266958967341708e+01
2.074730209750692111e+01
1.791484873540675204e+00
1.509507470922272176e+01
-5.187057148550442420e+00
3.956899922633621713e+01
1.154128121456488998e+01
-4.929282914512081248e+01
2.057314620983139974e+01
4.789333508957642493e+01
-4.280529127702126146e+01
-2.686124526467933293e+01
2.640040830381723680e+01
3.038466482525879186e+01
3.786826784942153523e+01
-4.638841742763447229e+01
-1.841620895645734635e+01
-2.291041063520393095e+01
3.749469254434086452e+01
7.844332641604324863e+00
1.940383931100075898e+01
-4.193863921572636144e+01
4.897727076507631949e+01
2.452947553553055116e+01
4.054830324966045652e+01
4.406093593242103168e+01
-4.515689412176713802e+01
-1.278909809679612586e+01
1.369518003213720547e+01
-2.365002997960358400e+00
-4.069827682328318730e+01
-2.794388456277946631e+00
2.618079351806473909e+01
-2.955436717483979336e+01
-2.016420292011159887e+01
-1.017704771339313297e+01
4.535175134897172455e+01
-9.940547753676261422e+00
-1.093668068777395064e+01
-1.831792932558800047e+01
-4.868369834562648180e+01
-3.212102432574336319e+01
4.903005675436661193e+01
-9.267052203259249055e+00
-1.710382832401779041e+01
4.860557588500537918e+01
-4.387361673451152200e+01
-7.370354561939523208e+00
1.340478142492682423e+01
4.691182994045415455e+01
2.369079052808190511e+01
2.718554180292992584e+01
2.675707347599166397e+01
1.467620732913125892e+01
4.167926451044450253e+00
-3.299235794906685282e+00
-2.122481673038612016e+01
4.974326509235526572e+01
