-6.437833800245037708e+00
-9.600885373672756629e+00
-8.253890163481596431e+00
-9.732679333591962134e+00
-4.301098397122758321e+00
6.070849619448456025e+00
-8.122161162796487588e+00
2.645753418294849446e-02
-3.378853028925488555e+00
3.043957166751087406e+00
-9.592150125749434153e+00
-3.926886763949373638e+00
-7.716260136336465791e+00
5.643020598151896827e+00
-4.315101192735766311e-01
-5.021261167085665278e+00
-5.466252692536842872e+00
-6.713070023909617490e+00
-4.221748394505745239e+00
-8.838633861437823924e+00
4.399914855687443449e+00
-8.517158484340137115e-01
-7.748487186895602896e+00
3.319716258081817362e+00
-9.409183677806693069e+00
1.285633602105839213e+00
-2.854070030877346564e+00
-8.353596894343173762e-01
-6.427088676037034931e-02
7.668069160640574866e-01
-9.901118532132835881e+00
-7.957993058672955478e+00
-6.341318814598537301e+00
4.927548652310981936e+00
-5.293146638944365989e+00
5.936101120945183496e+00
-9.969490835256538119e+00
-1.530285195877202131e+00
-9.999053846864875084e+00
-6.819684445388274341e+00
-7.358560866803407485e+00
-2.768094829261858347e+00
-4.896655074519630446e+00
-3.862232740629906180e-01
-5.632092634359882055e+00
3.162544269131338570e+00
-8.336198425294105263e+00
-4.845541452020770912e+00
1.540648994368371660e+00
-9.836643840511065662e+00
-9.721175901779238515e+00
-7.787171337144155103e+00
-9.005118025660998171e+00
4.029378169950486921e+00
-3.310288333966819430e+00
-7.653374339571464624e+00
-5.476338320619966282e+00
-7.323531739416972108e+00
-2.033703020697675612e+00
-7.961147248812842747e+00
-5.552272115598214874e+00
-4.714962716953090549e+00
-6.760457621507841353e+00
3.870558444434301748e+00
-8.119634091141419319e+00
-3.498367170244713886e+00
3.191270920586584126e+00
-1.607338961919278386e+00
-9.482377701834767691e+00
-3.884296413855694574e+00
-8.025062928582947563e+00
-9.039449905416693909e+00
-9.122008136743694706e+00
-5.782745443003615982e-02
-9.745043133853121375e+00
-3.157847655701462863e-01
-5.197902288855337893e+00
1.697327782550644093e+00
-2.806316324692688102e+00
4.668168018090532279e+00
-6.455921663163307400e+00
-8.382267978410650855e+00
-9.749795877961888735e+00
5.130601766812721287e+00
-5.313034342512356289e+00
-5.531022721365657091e+00
-8.934426573298122065e+00
-2.422524462539060508e+00
-1.888301434198419226e+00
-5.925461051235056509e+00
-4.539651417217352325e+00
-9.415150805814908708e+00
-2.585870318334495543e+00
9.022735912979976902e+00
-5.665025099998363345e+00
-5.279941227973859341e+00
-7.748040185106417788e+00
-3.746044700729016519e+00
-7.508179686895205762e+00
-9.024340438443372747e+00
