-7.372800955278596469e+00
-9.386533112980675497e+00
-7.869689630600078090e+00
-9.506308000841993788e+00
-8.658219593310326090e+00
5.467683373599986574e+00
-8.294082889614458054e+00
1.477037613733509502e+00
-3.888473020788064893e+00
3.714434121927954635e+00
-9.732322407568728906e+00
-4.013518221933066954e+00
-7.236262205943925885e+00
5.526706193120238808e+00
1.218842334607155964e+00
-1.992076686086755144e+00
-6.830505200824082301e+00
-8.317698792749082415e+00
-9.588720274351841155e+00
-9.637632126073292227e+00
-8.435155122879598011e+00
-1.640690462675028050e+00
-7.636599485815011690e+00
5.160692944760804757e+00
-9.086981005145597479e+00
3.436354423460075580e+00
-3.627758563606621411e+00
2.009280644525184734e+00
1.514163303360707147e-01
-4.184681617423100519e-01
-5.594742176202077921e+00
-8.439687016689704890e+00
-7.200120828798731942e+00
4.952120048301572375e+00
8.484185696504702889e+00
7.378203060020243065e+00
-9.940715131433959684e+00
-3.184648580298849563e+00
-9.815978196912498177e+00
-7.821555805511813730e+00
-5.240580910313228813e+00
-9.155723019671694329e-01
-6.971153359632479507e+00
5.465870408749806675e-02
-3.048937263538328502e+00
3.924938807025156073e+00
-7.405626057611004676e+00
-5.370799319145755923e+00
2.829600923333460916e+00
-9.951595691615526817e+00
-9.443155617666002755e+00
-7.618439206458909929e+00
-9.180521815260481944e+00
6.224545712625078941e+00
-4.172757474952733858e+00
-8.761896026543309901e+00
-6.645299742978758140e+00
-7.349828709962124229e+00
-7.274353754765424007e+00
-7.917611638398454055e+00
-6.599048355923271103e+00
-1.253208369715243187e+00
4.690627618458487191e-01
4.675063923261786769e+00
-9.473249136593189235e+00
-3.502608023074330390e+00
5.810101641567890773e+00
-4.479321569191750285e+00
-8.771992199142832902e+00
-5.594609188597442717e+00
-3.188766254704493264e+00
-9.455688864762629819e+00
-7.877113492999586741e-01
-4.909695877295876532e-01
-9.809613562140690135e+00
-1.302583656312886085e+00
-6.377862745296305036e+00
-5.213956128691719094e-01
-6.611435887903364339e+00
6.064147529931311453e+00
-3.541934465151846290e+00
-9.414529373652513300e+00
-6.969238568419395818e+00
4.244651378166957478e+00
-7.363028594890255185e+00
-6.282788917685305563e+00
-7.327216851393796304e+00
-2.608248249691964116e+00
-6.908856550923260009e+00
-7.688868436056175426e+00
-4.891458789513806416e+00
-9.465381946213776487e+00
4.783385164871345463e-01
5.581940717295466925e+00
-1.972147499613442712e+00
-7.051914682404910373e+00
-7.224141522106080515e+00
-2.285955973860410495e+00
-3.216578294254104353e+00
-7.655011732008678571e+00
