1.935269559487097979e+01
-1.252311788036634077e+01
-1.509783847735815066e+01
-1.276622450992913471e+01
1.213452943257753347e+01
9.460277265874683650e+00
5.775133967775730071e+00
5.443584654494821429e+00
-1.768224859809404137e+00
1.431694927454879718e+01
-1.279288837095665698e+01
1.026612726610963477e+00
-1.772632329845054500e+01
-5.756250891069198516e+00
1.366291622240104431e+01
2.013055684410696600e+00
-1.034479582546889631e+01
8.145574738682057614e+00
1.808615126830429887e+01
-2.141330322505005768e+00
-7.439855144925999753e+00
-2.127564481425756604e-01
1.746238679460769561e+01
-2.553726510924640980e+00
2.513743983937374082e+00
1.302529526922397807e+01
-2.801089283549309528e+00
7.861729222072902701e+00
1.194337928773806112e+01
-7.494263986803312960e+00
1.225039275811504957e+01
2.438852350066464947e+00
6.935764061178524287e+00
4.419359981869504850e+00
-1.283368675656148916e+01
1.639964141803386610e+01
-2.117930815385978605e+00
1.172328713622741603e+01
-1.263366227877933845e+01
-2.249909925298733349e+00
2.793140017908988249e+00
4.066773681652348316e+00
-7.319663915806792431e+00
-3.993378691542389447e+00
-1.841639712376551330e+00
1.940854020623035225e+01
1.719453675100905343e+01
1.475421126846016051e+01
-1.531793648343292702e+01
3.696103541538191095e+00
