-2.857287676284359179e+01
-1.602069291761032588e+01
-3.426735013531116181e+01
-4.581811210019824898e+01
-1.807978114677523962e+01
2.572567904804333594e+01
2.471656391468658498e+01
1.121571948912948358e+01
-1.213661711250474262e+01
-9.155066608648431137e-01
2.340530968566636716e+01
-3.146470652849852101e+01
-9.066299489076893536e+00
5.735014631024716536e+00
1.568416698502235462e+01
-2.158247350619379290e+01
-4.337023138836762115e+01
3.353632175083136158e+00
3.114533337227581811e+01
-2.990395091006271144e+01
2.543268921867141330e+01
-1.867392971714501115e+01
1.974923095020089647e+01
-2.442752402154222580e+01
3.031123770199400269e+01
7.076420612654922060e+00
-1.241641670287944166e+01
3.172483307982038525e+01
-3.595470423385468450e+01
-3.430051214977380880e+01
