1.466052821566396176e+02 0.000000000000000000e+00
1.469421308768697259e+02 0.000000000000000000e+00
3.389273498317936628e+01 0.000000000000000000e+00
1.475603993287114690e+02 0.000000000000000000e+00
1.478327410958506505e+02 0.000000000000000000e+00
3.386376841060990017e+01 0.000000000000000000e+00
3.384469795489783195e+01 0.000000000000000000e+00
4.045877197462098707e+01 0.000000000000000000e+00
1.478767746909630318e+02 0.000000000000000000e+00
1.475938737402090339e+02 0.000000000000000000e+00
1.229023496069294907e+02 0.000000000000000000e+00
3.385860602595703028e+01 0.000000000000000000e+00
3.384970184884286226e+01 0.000000000000000000e+00
1.475718812138258613e+02 0.000000000000000000e+00
3.385911916426597656e+01 0.000000000000000000e+00
3.386070643325798102e+01 0.000000000000000000e+00
3.385635171922816511e+01 0.000000000000000000e+00
1.443276680654200561e+02 0.000000000000000000e+00
1.477437783233985158e+02 0.000000000000000000e+00
3.386150914147491164e+01 0.000000000000000000e+00
3.375181243534078135e+01 0.000000000000000000e+00
1.468268046450264706e+02 0.000000000000000000e+00
3.517777814194043629e+01 0.000000000000000000e+00
1.478426869465558866e+02 0.000000000000000000e+00
1.470056222368586418e+02 0.000000000000000000e+00
