-2.843401348761912573e+01
-1.598568254243440556e+01
-3.424674684267329638e+01
-4.579783208384338167e+01
-1.805826293608124189e+01
2.574693268132775614e+01
2.473612031959185842e+01
1.122644795222838887e+01
-1.212640746421766202e+01
-9.052981992049349280e-01
2.341551810822497615e+01
-3.145449810442909211e+01
-9.056091056687629148e+00
5.745223057138619360e+00
1.569437540575957613e+01
-2.157226508107583740e+01
-4.336002295725302247e+01
3.363840595989298521e+00
3.115554178600896051e+01
-2.989374249663758576e+01
2.544289765189682129e+01
-1.866372113336998240e+01
1.975944740261740762e+01
-2.441692708035617443e+01
3.033156526392525265e+01
7.101463085934996755e+00
-1.232646480135296585e+01
3.218606549715906340e+01
-3.526082916786964461e+01
-3.353226389736131097e+01
-5.218154725724644116e+00
4.222127493484136096e+01
1.821818081754596008e+01
3.767510167676765942e+00
1.074060396634626890e+01
3.419720824001070980e+01
2.371652455583877028e+01
2.465759898790467020e+01
3.439087868789032143e+01
-3.610353763179573860e+01
2.848974472074174358e+01
-2.833519949729493614e+00
2.831006510900870410e+01
2.102053160684833344e+01
1.855671540769391115e+00
1.517378698334183085e+01
-5.458513307978831719e+00
3.969690907989436823e+01
1.172376077945055783e+01
-4.940086563894937655e+01
2.074530462146882215e+01
4.803658466146548278e+01
-4.278734273447485492e+01
-2.677800727105390521e+01
2.649597028258938636e+01
3.042258369332082069e+01
3.775287294046206199e+01
-4.625373222256037309e+01
-1.838435305480571103e+01
-2.267388310622335723e+01
3.752926084283030406e+01
7.865744580094439442e+00
1.927833123805783799e+01
-4.201540242929721103e+01
4.897328315067100846e+01
2.462301937465228718e+01
4.059039338595989932e+01
4.403387694710496447e+01
-4.530859138920759221e+01
-1.254000772176816803e+01
1.380616166952415824e+01
-2.550216872730898920e+00
-4.082767632193900909e+01
-3.019673773631040614e+00
2.591638921013310082e+01
-2.963023867324518079e+01
-2.035540098747006965e+01
-1.031480366731812026e+01
4.528362663535246213e+01
-9.829977874142619143e+00
-1.110130176360557108e+01
-1.822624795590322577e+01
-4.878047577307312821e+01
-3.229834265856608511e+01
4.907499798486369258e+01
-9.455203562952016583e+00
-1.701608852543674644e+01
4.845495536575712237e+01
-4.402288961382338073e+01
-7.467155618352092183e+00
1.332809627437593747e+01
4.698565762679989177e+01
2.383487298015936418e+01
2.721412999706831570e+01
2.678449358695051785e+01
1.467188690603555123e+01
4.073760563670212775e+00
-3.095912523046933096e+00
-2.121633801762785509e+01
4.980471852136705024e+01
