-2.757339582843606252e+01
-1.502152258453814682e+01
-3.326848849169511624e+01
-4.481937729280917893e+01
-1.708116219541404845e+01
2.672421857248761512e+01
2.571504669738682836e+01
1.221410590158196463e+01
-1.113815585914869999e+01
8.305617125979936066e-02
2.440391103491955604e+01
-3.046605490781349701e+01
-8.067618549817144213e+00
6.733753293450418731e+00
1.668297734752487926e+01
-2.058380910377990602e+01
-4.237186739239259481e+01
4.351761127136594354e+00
3.214351843229736971e+01
-2.890546953204652425e+01
2.643115998266636169e+01
-1.767550972482822402e+01
2.074800636815918509e+01
-2.342853181931718254e+01
3.131042513892185042e+01
8.075728607690598082e+00
-1.141709429880856241e+01
3.272413435492664036e+01
-3.495539099040282593e+01
-3.330116955980492577e+01
-4.950796350771581977e+00
4.263331834936536779e+01
1.887959279545295033e+01
4.647395259863776218e+00
1.170535554861568883e+01
3.517697692831600875e+01
2.469241389534430198e+01
2.564442258551881437e+01
3.537985771248052203e+01
-3.511460189372321850e+01
2.947871387574701174e+01
-1.844525584667119356e+00
2.929906850047087374e+01
2.200952508984855527e+01
2.844619095027548727e+00
1.616267952755536186e+01
-4.469694974121640740e+00
4.068559504805610061e+01
1.271251564934510903e+01
-4.841209193234038111e+01
2.173400936664264549e+01
4.902517232535989677e+01
-4.179877922782817734e+01
-2.578943658496000069e+01
2.748445882007538899e+01
3.141093630094673728e+01
3.874127310997047147e+01
-4.526542913983681160e+01
-1.739617071960389438e+01
-2.168603699896034342e+01
3.851605498517333359e+01
8.851029702559330303e+00
2.025959501302009258e+01
-4.104321335822711347e+01
4.992375872178112672e+01
2.551699093310914179e+01
4.134386697732234950e+01
4.448160545730695503e+01
-4.520800501735234889e+01
-1.253872467931780221e+01
1.380156866957497463e+01
-2.554704750147624548e+00
-4.083203416159305021e+01
-3.024398636787285710e+00
2.591188547678851606e+01
-2.963461727100225929e+01
-2.035977882330140787e+01
-1.031904170915517938e+01
4.527913545000224360e+01
-9.834612408819902285e+00
-1.110578494147521411e+01
-1.823039500049332418e+01
-4.878471928052806561e+01
-3.230280539639355908e+01
4.907080204090735975e+01
-9.459473880392245349e+00
-1.702026249756024256e+01
4.845090260269245874e+01
-4.402295667723892336e+01
-7.467156992999194998e+00
1.332809624725708986e+01
4.698565762898891052e+01
2.383487297602131250e+01
2.721413000418318617e+01
2.678449359233679417e+01
1.467188690994559863e+01
4.073760570174406404e+00
-3.095912512701626262e+00
-2.121633801530926888e+01
4.980471851746032996e+01
