-2.757287676333423931e+01
-1.502069291826962782e+01
-3.326735013549674136e+01
-4.481811210150379310e+01
-1.707978114531013603e+01
2.672567904821595164e+01
2.571656391548100373e+01
1.221571948962804299e+01
-1.113661711237295826e+01
8.449333945963408143e-02
2.440530968606653417e+01
-3.046470652603160190e+01
-8.066299487245032651e+00
6.735014631031133625e+00
1.668416698470941384e+01
-2.058247350619766536e+01
-4.237023138897333752e+01
4.353632174484432404e+00
3.214533337019785364e+01
-2.890395092790209119e+01
2.643268917836519805e+01
-1.767392987908249324e+01
2.074923058479243920e+01
-2.342752510694341339e+01
3.131123282907016048e+01
8.076409429522403371e+00
-1.141643994021234931e+01
3.272477412384795770e+01
-3.495487174677991504e+01
-3.330084266054902997e+01
-4.950601949080553510e+00
4.263345744998034093e+01
1.887968627512096376e+01
4.647493341105709774e+00
1.170561324301701056e+01
3.517741492181029628e+01
2.469263302893490675e+01
2.564449568858240980e+01
3.538000426257056574e+01
-3.511445387973595444e+01
2.947898296068461832e+01
-1.844369307127271984e+00
2.929919714495379068e+01
2.200961872164083388e+01
2.844721110702234768e+00
1.616279787175245275e+01
-4.469559529707879619e+00
4.068575418189956139e+01
1.271240725036544461e+01
-4.841272864156123035e+01
2.173244011232494444e+01
4.902154771163650793e+01
-4.180698740371488498e+01
-2.580762671806603592e+01
2.744439530358967261e+01
3.132394743806828430e+01
3.855519239496023687e+01
-4.563072101316821261e+01
-1.804706179866011695e+01
-2.258489763945038931e+01
3.753408554471430847e+01
7.863430178006527882e+00
1.927592959156323005e+01
-4.201775603127809688e+01
4.897107686723872888e+01
2.462073230890301545e+01
4.058813797685842673e+01
4.403145804064141799e+01
-4.531091474036983868e+01
-1.254231645033828357e+01
1.380368382132246552e+01
-2.552659911087465261e+00
-4.082999370690139784e+01
-3.022025786455888596e+00
2.591634600452432124e+01
-2.963023951685635637e+01
-2.035540100148476839e+01
-1.031480365799194310e+01
4.528362663584918835e+01
-9.829977872732509780e+00
-1.110130176398693891e+01
-1.822624795176321300e+01
-4.878047577909987353e+01
-3.229834265743526345e+01
4.907499798527975088e+01
-9.455203566811960059e+00
-1.701608852833845020e+01
4.845495536612990861e+01
-4.402288962065885158e+01
-7.467155618291858588e+00
1.332809627882461712e+01
4.698565762569286619e+01
2.383487297549747552e+01
2.721413000222083767e+01
2.678449359177561462e+01
1.467188691195956096e+01
4.073760569554467637e+00
-3.095912515699549949e+00
-2.121633801347538295e+01
4.980471851728648858e+01
