-2.841177455195811064e+01
-1.597563787953938430e+01
-3.424133747428673047e+01
-4.579284694102933884e+01
-1.805609358282701393e+01
2.574989770088030028e+01
2.472728149668522946e+01
1.122593862585685720e+01
-1.212640846979905973e+01
-9.052982210261378837e-01
2.341551804599720299e+01
-3.145449810830854176e+01
-9.056054355993417460e+00
5.745223055397316259e+00
1.569437541476064979e+01
-2.157226508217601335e+01
-4.336001670283315690e+01
3.363840593326822948e+00
3.115554179814910185e+01
-2.989374248813997426e+01
2.544289764290705946e+01
-1.866372129082062159e+01
1.975943937186109878e+01
-2.441731559720321343e+01
3.032144612853820220e+01
7.086629036131198767e+00
-1.240620827871132903e+01
3.173504150418361647e+01
-3.594449581202756860e+01
-3.429030372857005915e+01
-5.939981864622143171e+00
4.164411179355833781e+01
1.789038716962200937e+01
3.658181930913242841e+00
1.071619646925177705e+01
3.418781009572661134e+01
2.370326208121398537e+01
2.465530005977756645e+01
3.439085553676903828e+01
-3.610353816381199010e+01
2.848974452489443721e+01
-2.833520119582449315e+00
2.831006510987313618e+01
2.102053160846100965e+01
1.855671551460855939e+00
1.517378697146664912e+01
-5.458513305074560229e+00
3.969690908287700637e+01
1.172376077853119369e+01
-4.940086564435564753e+01
2.074530462221156313e+01
4.803658466031654939e+01
-4.278734272448497933e+01
-2.677800727148042270e+01
2.649597027686695583e+01
3.042258368825355674e+01
3.775287293636156960e+01
-4.625373222121537253e+01
-1.838435305911044537e+01
-2.267388311168831905e+01
3.752926084158168152e+01
7.865744591013156040e+00
1.927833123999503329e+01
-4.201540243281552733e+01
4.897328314673760019e+01
2.462301936558321813e+01
4.059039339368665367e+01
4.403387705336795221e+01
-4.530858596915404490e+01
-1.253693946994138919e+01
1.381571719800541054e+01
-2.534236164933818980e+00
-4.074071366881766210e+01
-2.553593100913106984e+00
2.660488651097294266e+01
-2.886769109119608956e+01
-1.963833131964897660e+01
-9.759104926534686086e+00
4.558516210438634886e+01
-9.736552959886788372e+00
-1.108034707674858588e+01
-1.821485668119252566e+01
-4.876904749366244829e+01
-3.229773535512401850e+01
4.907500992971640841e+01
-9.455203323196716525e+00
-1.701608851846034298e+01
4.845495535956635536e+01
-4.402288960652850136e+01
-7.467155610958789325e+00
1.332809629835915999e+01
4.698565764090145080e+01
2.383487298033917057e+01
2.721412999610889116e+01
2.678449358903752398e+01
1.467188690922556660e+01
4.073760578827162249e+00
-3.095912516140849835e+00
-2.121633800818786852e+01
4.980471851833527097e+01
