-2.857215440728117173e+01
-1.502503614416013455e+01
-3.426804197897531168e+01
-4.581876779229965990e+01
-1.807914494164050012e+01
2.572631876898443437e+01
2.571218390177399726e+01
1.121504944817480265e+01
-1.213730696290981470e+01
-9.149118507347779872e-01
2.340596706717107622e+01
-3.146404229556423715e+01
-9.066972638851016342e+00
5.734380696259091081e+00
1.568350461323882605e+01
-2.158174665059804198e+01
-4.337093049259194544e+01
4.349260909455141544e+00
3.114467621874850423e+01
-2.990465129813754075e+01
2.543196833374079091e+01
-1.867328607253461215e+01
1.974856991550606722e+01
-2.442816593606088205e+01
3.130686054892607473e+01
7.075789111197635428e+00
-1.241707822724954546e+01
3.172415786561663964e+01
-3.595543493725466533e+01
-3.430124229466837704e+01
