-2.874274952753456347e+01
-1.727922283339600185e+01
-3.236812984827675876e+01
-4.654920701391971249e+01
-1.635867018320699628e+01
2.584017447065623685e+01
2.535786927148043191e+01
1.201211353245844826e+01
-1.304228540889126897e+01
-2.261415598554617379e+00
2.516780229152946191e+01
-3.100993774031936567e+01
-8.530324557488064841e+00
7.020778787794581532e+00
1.524668227250566943e+01
-1.968806200371282245e+01
-4.446227658672410854e+01
3.841962319328116049e+00
3.031422258765573474e+01
-2.894143533227390108e+01
2.585210590095741878e+01
-1.784001887214916238e+01
1.851923572564620102e+01
-2.590609512150867033e+01
3.114215713912306782e+01
6.624678575118098323e+00
-1.300156328085077284e+01
3.348606621288985252e+01
-3.484024786754654457e+01
-3.442169297909025261e+01
-6.363918375555985385e+00
4.190508040987390359e+01
1.672484423465447279e+01
3.866363429812377461e+00
8.349861456748417510e+00
3.221790106580741053e+01
2.225286600351367028e+01
2.357621455934044974e+01
3.410053357802245699e+01
-3.579056998077669505e+01
2.826735550403586217e+01
-4.171057648894399783e+00
2.632336493525151866e+01
2.210198191406301049e+01
3.720727096175199033e+00
1.338651262605361048e+01
-7.122619562249031588e+00
3.784084708803937502e+01
1.086135858720291303e+01
-4.826938500955026257e+01
