-5.731824058265638122e+00
-9.036124726350042380e+00
-6.431143553431876825e+00
-9.393493758286986406e+00
4.382864989818085810e+00
8.433422191110002686e+00
-7.907532694897186687e+00
2.928300627783221088e+00
-8.816894011668029441e-01
4.477354337918590055e+00
-9.276573955688554918e+00
-2.636473146794625855e+00
3.869733283776458865e+00
7.630120880424572150e+00
2.961397455188712335e+00
-1.338111806436432571e+00
-1.638824394237453408e+00
-4.068325875162334349e+00
2.245463553009114044e+00
-8.788660502866139979e+00
-2.202678081764814166e+00
-2.256546841298944783e-01
-8.297037104190952306e+00
6.384152243354148659e+00
-9.094463518464449336e+00
4.321655824977043814e+00
-5.482720106719567887e+00
2.271044933727181192e+00
4.542772528538354671e+00
4.183422088912009507e+00
