-6.046693541890103774e+00
-9.036124726348194969e+00
-4.515625496633857594e+00
-9.393493758286979300e+00
8.834482519131752198e-01
8.433422191110006239e+00
-7.781985495276233067e+00
2.928300627783217980e+00
-8.105241167278064651e+00
4.477354337918583838e+00
-9.721961990344542670e+00
-2.636473146794622302e+00
3.629610613509229644e+00
7.630120880424569485e+00
-7.807430686156895394e-01
-1.338111806436427909e+00
-1.330798124473525190e+00
-4.068325875162339678e+00
-7.759976331280699080e-01
-8.788660502866145308e+00
-6.697357843862457472e+00
-2.256546841298939510e-01
-8.955107821256437006e+00
6.384152243354143330e+00
-8.973853422963358639e+00
4.321655824977038485e+00
-6.655003429687333494e+00
2.271044933727176307e+00
-2.863032565982094102e+00
4.183422088912004178e+00
