-4.819275826810353891e+01
-3.401497663543224803e+01
-9.349189318600288345e+00
-3.365170852777828969e+01
-3.271170289505005258e+01
-3.776696745409639533e+01
-4.198588960731176201e+01
-4.691400733009326274e+01
-4.537238591409682442e+01
-5.503843534445158170e+00
-2.936113083302309690e+01
-2.924560266775407413e+01
1.281353407016732149e+01
-2.029310684335756321e+01
-4.219301971850622124e+01
-3.974338868035488304e+01
-3.777102452899946883e+01
-1.965284646535095092e+01
-3.665387569166387038e+01
-1.279783906505720381e+01
-1.229936877106158200e+01
-2.739797495017173290e+01
-2.926685114201827531e+01
-3.385225268564180112e+01
-2.864328448807192729e+01
-2.775693049989516936e+01
-1.657081166172345377e+01
-4.636294766747903395e+01
-6.527278364376112307e+00
1.677883158044625134e+01
