-4.949303814589467976e+01
-3.060646760113221987e+01
-2.398851272215123842e+01
-7.515377293727198094e+00
4.495388880297301171e+01
-4.693878187602111041e+01
6.522607513582542538e+00
-3.359884403249185425e+01
-2.300589779877716978e+01
-4.258595996462722155e+01
-2.851827873561180127e+01
-2.837758579548425075e+01
-4.824689176874266394e+01
-1.970807651376977176e+01
-7.292764756117342984e+00
-2.923669514550642390e+00
-3.716841897064397671e+01
-4.630352983368653952e+01
-3.843979589372219863e+01
1.294896398178941865e+01
-1.700780883181529646e+01
-4.091868543472854469e+01
8.003099527048185280e+00
-3.217056202829193268e+01
-1.884654558395770252e+01
-3.782361475801751283e+01
2.061857844698099029e+01
-3.508183721292435564e+01
-3.103270133655608376e+01
-3.896325826256398273e+01
