-2.844557684928292218e+01
-1.619870001308289886e+01
-3.437962257960550971e+01
-4.562836915648055935e+01
-1.819915597197790902e+01
2.577806196588754162e+01
2.487376079052233990e+01
1.120062901222261154e+01
-1.198571410822911254e+01
-9.343132892947326740e-01
2.314613769889547612e+01
-3.138205023293941309e+01
-8.664991670488298325e+00
5.674410091395706957e+00
1.567484256805057719e+01
-2.166498517366776611e+01
-4.352296870862075906e+01
3.583329710286909719e+00
3.116908841395932583e+01
-2.971810247198988364e+01
2.555880236328989952e+01
-1.869993297467544124e+01
1.960163082720876560e+01
-2.463664291516632332e+01
3.011943931260870144e+01
6.708608032447044955e+00
-1.244307631483260934e+01
3.185253011595461103e+01
-3.612087624504999184e+01
-3.440846985717216455e+01
-6.037467625184879338e+00
4.172954697440750493e+01
1.813286508523075113e+01
3.782025585140792234e+00
1.063329301912458646e+01
3.416173661964631947e+01
2.381707451943366749e+01
2.484564723721107526e+01
3.446751582907214129e+01
-3.627138571447778759e+01
2.858939991290437632e+01
-2.699829893486116017e+00
2.840631516586734406e+01
2.072826272014878413e+01
1.997127715579288143e+00
1.548044959574648161e+01
-5.592422793374290713e+00
3.986864235969743220e+01
1.160456633160068485e+01
-4.951134927048149592e+01
