-2.879225089503959722e+01
-1.723072356770694213e+01
-3.480573685696305830e+01
-4.671415486408598383e+01
-1.770965883071990632e+01
2.370282370895011681e+01
2.514120806906071337e+01
1.165996479572608280e+01
-1.117364430439925194e+01
-1.791901085193545295e+00
2.484256661693218859e+01
-3.225671624838359719e+01
-7.464581074211039002e+00
6.302483296005553903e+00
1.522195299350535080e+01
-2.224934077822956269e+01
-4.206121189843355523e+01
2.273140051472929635e+00
3.296501804449753337e+01
-3.024174533696240275e+01
2.582149810809117696e+01
-2.076696246927297196e+01
1.949775638973357061e+01
-2.325791213317376460e+01
2.983085611709317320e+01
6.920450338850950622e+00
-1.292402687080967993e+01
3.227066809040766771e+01
-3.678379499032586608e+01
-3.664105165282092003e+01
-4.908543330903016866e+00
3.943854783316174917e+01
1.735807788122642492e+01
3.632029173353902962e+00
1.117575035183185683e+01
3.310255012069990954e+01
2.513518167698119399e+01
2.469352203503932230e+01
3.194311790377090432e+01
-3.549756451125353607e+01
2.829414751983015464e+01
-2.119550650814126413e+00
2.734049274317538192e+01
1.928155621395603703e+01
2.165239365281399486e+00
1.554429780439619613e+01
-5.123938781127443498e+00
3.992883093152761376e+01
1.258738320802055988e+01
-4.934417620205856281e+01
