-2.840366784226812769e+01
-1.480031410893732868e+01
-3.487451048150832378e+01
-4.733454860831796651e+01
-1.826336561781251433e+01
2.585167456025805421e+01
2.465468373991875239e+01
1.041777571609348918e+01
-1.273986763790717802e+01
-1.658395516683561777e+00
2.393700811591403621e+01
-3.239435590479553184e+01
-7.642054652332187281e+00
6.022612085064594112e+00
1.613661449882653542e+01
-2.275918336640883410e+01
-4.293948833371295848e+01
5.328974135419992209e+00
3.032402730596189500e+01
-3.066420603113137489e+01
2.855976439983270154e+01
-1.855985812988798855e+01
1.920630573878077740e+01
-2.490228833200941949e+01
2.914378146070858122e+01
5.830557192385695586e+00
-1.482834223074447344e+01
3.099249479885581593e+01
-3.673117490001085628e+01
-3.599442034138940016e+01
-5.711529615140250371e+00
4.320696444750102216e+01
1.549290696708965953e+01
4.458743169962121833e+00
1.156413602002160879e+01
3.546636034577942809e+01
2.407692475543540667e+01
2.383162258929858623e+01
3.401769610158339674e+01
-3.486763153263305526e+01
2.864907533705731879e+01
-1.173939266604853149e+00
2.989303616785415585e+01
2.096984537060405174e+01
1.223950636344698140e+00
1.474323580090207031e+01
-6.584671239247999353e+00
3.982015640614419283e+01
1.096941461501651993e+01
-5.183082221509081933e+01
