2.459634720169991851e+03 0.000000000000000000e+00
1.329437342083191879e+03 0.000000000000000000e+00
1.911904419169727817e+03 0.000000000000000000e+00
2.275161623300733481e+03 0.000000000000000000e+00
1.030035726180945176e+03 0.000000000000000000e+00
1.226191943508714985e+03 0.000000000000000000e+00
2.037533023476768449e+03 0.000000000000000000e+00
1.314889389978570080e+03 0.000000000000000000e+00
1.261015711168994358e+03 0.000000000000000000e+00
8.641480153297269453e+02 0.000000000000000000e+00
1.001860150268897428e+03 0.000000000000000000e+00
1.115672136439892483e+03 0.000000000000000000e+00
1.900960497409701247e+03 0.000000000000000000e+00
2.041183036902639742e+03 0.000000000000000000e+00
1.088359669612727657e+03 0.000000000000000000e+00
1.299403261619448131e+03 0.000000000000000000e+00
1.673568179706833916e+03 0.000000000000000000e+00
1.281613693410394262e+03 0.000000000000000000e+00
1.142278945960392093e+03 0.000000000000000000e+00
1.004576489764755820e+03 0.000000000000000000e+00
3.516772721992234892e+03 0.000000000000000000e+00
1.529247802804105504e+03 0.000000000000000000e+00
1.641307655928767190e+03 0.000000000000000000e+00
2.591587998504127427e+03 0.000000000000000000e+00
1.025253117764242688e+03 0.000000000000000000e+00
