-1.272599674551713989e+01
-1.992674815541434796e+01
1.922819421083127622e+01
-3.150146799712891266e+01
-4.112871312057992412e+01
-1.414921541378713954e+01
4.641045647407086960e+01
-1.735541572209922379e+01
-1.323936584526224536e+01
-9.290465966101566053e+00
4.249632002477918036e+01
-9.229928106786198683e+00
3.387610481112871241e+01
-2.918800046365033651e+01
5.558798268311003454e+01
1.101605644319615251e+01
2.267155554742819845e+01
1.305345478858271946e+01
-1.392982708708958128e+01
-1.671599841066923275e+01
3.047682446921588095e+01
3.530139578200380157e+01
4.076892744262533341e+01
3.630814808123056281e+01
5.159710737871344577e+01
1.810465646761342740e+01
4.972888000172469702e+01
2.496511727059856867e+01
4.736084946859941169e+01
-3.725509430544531853e+01
