-1.430978050406681845e+01
-2.052834737441041923e+01
3.055084743837814898e+01
-4.179551104637127423e+01
-5.153895514845591919e+01
2.324676772978257588e+00
4.331270455475195291e+01
-1.286927997098508136e+01
-2.796495670599171035e+01
2.005274533008838844e+00
3.689208301214077323e+01
-5.215123784788852745e+00
3.383979446274732084e+01
-3.036885077901226992e+01
5.700465367851253973e+01
3.909649804651944116e+00
7.292016264615517329e+00
4.394879848554599278e+01
-3.729377722317948951e+01
-2.290450890913850657e+01
6.197524696573844949e+01
2.498295233815553473e+01
4.567421415736635026e+01
2.881656743041693503e+01
4.771121089604171317e+01
1.384418579906298596e+01
5.619774290851407983e+01
3.465058613231007456e+01
4.105422241678459727e+01
-3.406985355482275679e+01
