-2.857287676557961831e+01
-1.602069291637544879e+01
-3.426735007682570000e+01
-4.581811221184246818e+01
-1.807978109445750547e+01
2.572567907885237304e+01
2.471656385627487396e+01
1.121571951762835972e+01
-1.213661710882715639e+01
-9.155066715100799168e-01
2.340530968303993120e+01
-3.146470649623887184e+01
-9.066299525799587755e+00
5.735014657474217792e+00
1.568416697887297850e+01
-2.158247350927366881e+01
-4.337023138092472152e+01
3.353631975208102300e+00
3.114533374782109831e+01
-2.990395109160716203e+01
2.543268922254810960e+01
-1.867392972226790704e+01
1.974923094851884997e+01
-2.442752396655350466e+01
3.031123759311339327e+01
7.076420676404628018e+00
-1.241641671776847744e+01
3.172483308876275743e+01
-3.595470423484506028e+01
-3.430051215440382606e+01
-5.950190304933097529e+00
4.163390340875854179e+01
1.788017869376426461e+01
3.647973560151565042e+00
1.070598803170667601e+01
3.417760165935039396e+01
2.369305365640713390e+01
2.464509164147553832e+01
3.438064710715440953e+01
-3.611374661401132613e+01
2.847953615415511663e+01
-2.843728573262175985e+00
2.829985669470054077e+01
2.101032316692329616e+01
1.845463153888588170e+00
1.516357852914631721e+01
-5.468721684036131236e+00
3.968670059336510292e+01
1.171355237797112991e+01
-4.941107406290348081e+01
2.073509619926767655e+01
4.802637622576338572e+01
-4.279755111864066208e+01
-2.678821573833969438e+01
2.648576190185935175e+01
3.041237522035683938e+01
3.774266455996930603e+01
-4.626394067005018229e+01
-1.839456149543341468e+01
-2.268409151520265610e+01
3.751905240308646938e+01
7.855535996628675299e+00
1.926812312269295902e+01
-4.202561102329936205e+01
4.896307472438468977e+01
2.461281095727406409e+01
4.058018495189737251e+01
4.402366853024116722e+01
-4.531879981424702208e+01
-1.255021614676141795e+01
1.379595323518186945e+01
-2.560425257839117119e+00
-4.083788479507710889e+01
-3.029882126153393251e+00
2.590618067972657457e+01
-2.964044705438765703e+01
-2.036560940204931214e+01
-1.032501208581403240e+01
4.527341821627818774e+01
-9.840186302276723751e+00
-1.111151018500209808e+01
-1.823645637883704040e+01
-4.879068420170651166e+01
-3.230855106829122292e+01
4.906478953918116304e+01
-9.465411980120357782e+00
-1.702629695356435491e+01
4.844474694354238409e+01
-4.403309804369862235e+01
-7.477364042677110412e+00
1.331788785564601341e+01
4.697544920289795556e+01
2.382466455222187918e+01
2.720392157740335293e+01
2.677428516788224755e+01
1.466167848796424522e+01
4.063552233513085810e+00
-3.106116726792559124e+00
-2.122634209812085260e+01
4.980461843144465917e+01
