-2.814502961615336929e+01
-1.613951288765386849e+01
-3.372089976778825360e+01
-4.566871485684069398e+01
-1.778376674918841616e+01
2.577014299244534712e+01
2.429908160260704264e+01
1.149096184112330121e+01
-1.172544181186022882e+01
-7.054444937385553338e-01
2.356604606426213877e+01
-3.181231983363820603e+01
-8.928468748077026618e+00
5.267933327028559098e+00
1.595480745253156130e+01
-2.220926096804464223e+01
-4.323709881027788526e+01
3.428565357110640921e+00
3.086378156672482120e+01
-2.945412148045445022e+01
2.564805394305569308e+01
-1.821774175692473108e+01
2.001091433841929046e+01
-2.458959664276524393e+01
3.006270978916906245e+01
7.686988964965049576e+00
-1.287360170191601583e+01
3.170286550115583779e+01
-3.638038114166484860e+01
-3.422976934346720412e+01
