-3.057147513030817620e+01
-1.602062762839394594e+01
-3.426729686618279658e+01
-4.581836620749446354e+01
-1.808361984802258959e+01
2.572017295858547214e+01
2.471659401210366269e+01
1.121286440204472612e+01
-1.215066618923456865e+01
-9.148248661916271729e-01
2.341307645217604261e+01
-3.146484236443227189e+01
-9.068705333733639407e+00
5.723227448857354460e+00
1.569142079858832162e+01
-2.157493547585126947e+01
-4.337391898416736780e+01
3.351998988746537123e+00
3.114641825230604866e+01
-2.990772096181902739e+01
2.543274824687205182e+01
-1.867901942981626817e+01
1.973562202921110398e+01
-2.440389713548091422e+01
3.031252679777290027e+01
7.071679819449363968e+00
-1.241652133482745235e+01
3.172155342509027065e+01
-3.594686199488391054e+01
-3.430249843889776429e+01
-5.942694100679036140e+00
4.162549479625578641e+01
1.787299841838698811e+01
3.637568432601999469e+00
1.070178693732887254e+01
3.416637322400827514e+01
2.368868140009039536e+01
2.464914890337405851e+01
3.438532684987053756e+01
-3.610858301072209997e+01
2.847747858895159112e+01
-2.845211778216154563e+00
2.829674731567288859e+01
2.100987399380820264e+01
1.845407252980578283e+00
1.516253320403301430e+01
-5.469242792601407999e+00
3.969193937508369174e+01
1.171238699465264332e+01
-4.941761271902991126e+01
2.074031935222446421e+01
4.802091658024666998e+01
-4.280027797348796526e+01
-2.678694116453046803e+01
2.648365321618759083e+01
3.041768481488288955e+01
3.774671477024408972e+01
-4.624168561516929543e+01
-1.840913628757296649e+01
-2.268106612978223424e+01
3.753185410237792041e+01
7.861006520224813165e+00
1.925696000506587424e+01
-4.202553531083184879e+01
4.897126857266326283e+01
2.461382657147755992e+01
4.057004521819654741e+01
4.401815594906792484e+01
-4.532070361665532232e+01
-1.254456701772648586e+01
1.381153442086074890e+01
-2.570191073342447119e+00
-4.084320285158893427e+01
-3.041559829366611289e+00
2.590779657620472776e+01
-2.963337396382177857e+01
-2.036801823821262758e+01
-1.033637986789284646e+01
4.527649253040307542e+01
-9.840045532366833214e+00
-1.111731463199135561e+01
-1.822479183930392210e+01
-4.880821846586972157e+01
-3.231495473437600197e+01
4.907326108332166115e+01
-9.475986451026258806e+00
-1.701885195178796195e+01
4.843608086535477497e+01
-4.403224878767812811e+01
-7.488074817123864690e+00
1.331839798077984405e+01
4.697356731201389124e+01
2.380975295855085250e+01
2.720540982708365974e+01
2.677708732005734049e+01
1.466345694991287019e+01
4.070984671468210969e+00
-3.096056159807939245e+00
-2.122465460901097600e+01
4.980465627044463162e+01
