-2.857401661648756885e+01
-1.641346728883447881e+01
-3.396335224218351811e+01
-4.555301081905657412e+01
-1.793362043295812214e+01
2.589007387376206282e+01
2.515830535606905372e+01
1.117689405289376303e+01
-1.199136159432319459e+01
-9.469147125190481296e-01
2.367976803897175841e+01
-3.182992761957175887e+01
-8.982357133235982616e+00
5.449348258810088552e+00
1.546040672370739166e+01
-2.148240733539704550e+01
-4.362981402004020737e+01
3.575051529202148082e+00
3.133489936619385929e+01
-3.032839781835550141e+01
2.500055598634319054e+01
-1.881743181114726582e+01
1.958964445887790617e+01
-2.412297468641219211e+01
2.970480547837610885e+01
6.709070397578640765e+00
-1.210963182903885915e+01
3.203643832679514958e+01
-3.577340816329829210e+01
-3.563396819007984107e+01
-6.025034607149894583e+00
4.118221121636211990e+01
1.753373497033931017e+01
3.258935208926107663e+00
1.067805027463753298e+01
3.356730674905685419e+01
2.336524945019884214e+01
2.503801431746469675e+01
3.457613466187429196e+01
-3.646052111241556304e+01
2.804862819922522377e+01
-2.873025417391291469e+00
2.837243139116648294e+01
2.139228228505236018e+01
1.828675968430278242e+00
1.514937907886417534e+01
-5.585649503605861099e+00
4.008903781472599803e+01
1.218807303292944866e+01
-4.954918126508967191e+01
2.044650401877915868e+01
4.826721583207998378e+01
-4.275523813275252394e+01
-2.699516508405739046e+01
2.649023211319792281e+01
3.067680140062928373e+01
3.820223087113963345e+01
-4.641857493660892686e+01
-1.860715163905995695e+01
-2.260128148713226182e+01
3.751354202755926082e+01
7.596559106458133037e+00
1.897122378776020923e+01
-4.205034921246176083e+01
4.903591075357900309e+01
2.464048533545877362e+01
3.999653219565031037e+01
4.448431300541108868e+01
-4.548594493237253289e+01
-1.338237714898673048e+01
1.447492897009545310e+01
-2.587540552634212343e+00
-4.110457746945901647e+01
-2.300513163860102850e+00
2.603095514183811332e+01
-2.950572258172255857e+01
-2.015075306947448297e+01
-1.015893402356846131e+01
4.547959544783071806e+01
-9.623852723493570238e+00
-1.151042118341272769e+01
-1.873796820356674075e+01
-4.902376283940119350e+01
-3.218157300513487939e+01
4.878897315511392918e+01
-9.792291445884170997e+00
-1.705185449806499776e+01
4.842556096786878328e+01
-4.347709406435529189e+01
-7.731548571560007410e+00
1.367477102358821384e+01
4.681348011363279937e+01
2.370739737732498753e+01
2.722161049893812645e+01
2.634080012225087586e+01
1.452299308019579982e+01
3.691883729968364669e+00
-3.164634044324236672e+00
-2.102341613609603499e+01
5.000363032733890378e+01
