-2.078755021957572069e+01
-1.681980810317199726e+01
-3.380378374779071748e+01
-4.873788003565347537e+01
-7.669915073824943974e+00
2.858151494324315678e+01
2.519738600721873922e+01
6.070261182077675954e+00
-3.095971282175803196e+00
5.603828255615057596e-01
2.603839839591489635e+01
-2.660947851892866112e+01
-6.327991522164753135e+00
3.459602299635625045e+00
1.713470234477599519e+01
-2.371449587562113592e+01
-4.418676298116986345e+01
8.895449722950017346e+00
2.451653903357051689e+01
-2.599585038035562334e+01
3.026749637547526106e+01
-2.549975457688030644e+01
2.054071668886218305e+01
-1.291646222744737038e+01
1.727724216598202034e+01
1.559556744023687536e+01
-2.067870802484113568e+01
2.369743633312835129e+01
-3.164178923246472053e+01
-2.636754663335750237e+01
-7.127696059529036177e-01
4.743328066559072909e+01
1.226089517309299382e+01
-1.409354260180606389e+00
6.911138126254990688e+00
2.515645353823004982e+01
2.442019948112405814e+01
3.255706886239440934e+01
2.616739871522749183e+01
-3.336728023079157168e+01
3.027611907159096916e+01
-6.122936871150345794e+00
4.354129162841032041e+01
3.239861041299176492e+01
1.487812065096600467e+00
1.708394631031001509e+01
-4.439632338253911570e-01
3.630770309271768781e+01
4.972164287782909753e+00
-4.839429163528274103e+01
1.371203291695146476e+01
4.332593904640284421e+01
-3.297522951358359933e+01
-3.120626312784163758e+01
1.789311020156279852e+01
3.512834623201153050e+01
3.647808910892882750e+01
-6.387005111919744138e+01
-2.499331140437369925e+01
-2.956441251188492458e+01
4.058852649922991418e+01
2.874115798330887372e+00
2.408963093833308022e+01
-4.507060757992513800e+01
5.384114218487000869e+01
4.020026773860671199e+01
5.084857578288785618e+01
4.541056419946132650e+01
-4.026935828764415959e+01
-7.848761146510632614e+00
2.055113073002044288e+01
5.195339702569234497e+00
-4.317771592730693442e+01
9.235365430117417063e+00
2.734152944227726678e+01
-3.623818235079839667e+01
-1.417281432193322921e+01
-1.324231266426357045e+01
5.578497165172085204e+01
-8.598364204117221021e+00
-9.069280982687974557e+00
-1.495852466693447447e+01
-4.930903526823797733e+01
-4.183837971629297670e+01
5.406543234373086904e+01
-1.104242272608271058e+01
-1.836915287836753663e+01
3.428982612841662103e+01
-3.190524643739098565e+01
-2.267175582046466964e+00
1.622566426670429252e+01
5.277997860943422381e+01
2.338012277004477113e+01
2.582680993742643949e+01
2.428628822368710871e+01
1.414789941370602833e+01
4.064277508845335340e+00
-1.056774863145755106e+01
-2.286494677036807133e+01
4.369300190808503714e+01
