-2.295388112742038089e+01
-2.123609360698468151e+01
-3.691857309638275808e+01
-3.956426141842167965e+01
-1.902176308867367283e+01
2.894854665887368128e+01
4.134490488992810242e+00
1.124273219783684041e+01
-8.822382681758526246e+00
1.452352576740869372e+00
3.149119226500609159e+01
-2.698671879099630644e+01
2.250970758662989013e+00
2.726972873337600412e+00
1.908667336356048594e+01
-1.887037130265430918e+01
-4.290645484086051908e+01
6.931394382840948332e+00
3.150532122393705592e+01
-2.356351056154465340e+01
1.104223593135957593e+01
-2.455050604627083288e+01
2.978583667359894704e+01
-1.158157025769453874e+01
4.064799009201425406e+01
5.433460145920341766e+00
-4.057185031731197711e+00
3.427401162822313552e+01
-3.998048779975414391e+01
-3.758782231411371555e+01
-1.787785582217802371e+00
3.389294734439873480e+01
1.575342790684058691e+01
1.001811338054371348e+01
-7.849591902985775249e+00
3.170009782625524863e+01
6.956812465535969991e+00
9.536469108227077385e+00
3.392033350898950061e+01
-3.345222064074989987e+01
2.578271956974493406e+01
-1.028399830620375877e+00
2.882306604268827499e+01
1.082463110653413096e+01
1.847619662527129059e+00
1.592093599729142106e+01
-8.923922376130269285e+00
4.382742860644493987e+01
1.761401730052108405e+01
-4.547829967200303258e+01
1.140837977604040709e+01
5.136231994162734082e+01
-3.879505207748987772e+01
-2.714159752630690292e+01
1.747724422242763254e+01
2.851609263881413270e+01
4.835892153811510497e+01
-3.847865227375388741e+01
-2.686176307173803224e+01
-2.389153766583691763e+01
4.608362839993510107e+01
4.608916269290279644e+00
1.937265531245524741e+01
-4.954059912276990474e+01
5.173812362686061306e+01
2.161214349013868485e+01
2.893176258932315292e+01
4.545877186950909277e+01
-4.788419424189086726e+01
-2.598581253515597211e+01
1.369655843945275109e+01
-2.357023881365108764e+00
-4.620399192304832781e+01
-1.070389321446406861e+00
1.953190143808509660e+01
-3.432062124010843007e+01
-1.882541213828424986e+01
-9.556854439125775258e+00
3.577361296300293958e+01
-2.176190889522527527e+01
-1.096124367496901897e+01
-1.740557777193661337e+01
-5.335341073278066659e+01
-3.237109015028833170e+01
4.057446044239281946e+01
-6.256300711605417675e+00
-8.826502190796240654e+00
4.974928934524238144e+01
-4.848400143526568939e+01
-6.966327978208820326e+00
2.036247471563364186e+01
4.328529760111722879e+01
2.433003848367789601e+01
2.986909526597308684e+01
2.982798739416032419e+01
2.413782563228688360e+01
4.919793702483168829e+00
-3.270595811177864132e+00
-1.722420806635235735e+01
6.033319532473313984e+01
