-2.839960549337218509e+01
-1.597038475564231241e+01
-3.424109483785449015e+01
-4.579392491472884785e+01
-1.805561952268570280e+01
2.575000171411732097e+01
2.474113280367306800e+01
1.124020398844996294e+01
-1.211254663908900753e+01
-8.913937510017374555e-01
2.342975179231494209e+01
-3.144049028772864673e+01
-9.041915174324142157e+00
5.759394390987925938e+00
1.570848126959486812e+01
-2.155800032928497600e+01
-4.334573798108966969e+01
3.377815519714132630e+00
3.116969660076030024e+01
-2.988021915481273538e+01
2.545730868564733029e+01
-1.864164561648624385e+01
1.990764364014007270e+01
-2.388739113796762226e+01
3.104992040740754078e+01
7.884604216226735574e+00
-1.163447442405955634e+01
3.238260702801195379e+01
-3.552686260725385381e+01
-3.413310994870516879e+01
