-2.843469612152961545e+01
-1.598392092075027016e+01
-3.424737704783423453e+01
-4.579844113860862365e+01
-1.806041796828440127e+01
2.574517060914475408e+01
2.473604964386722926e+01
1.123524821463251655e+01
-1.211709007676863692e+01
-8.961826453955997751e-01
2.342474445374136138e+01
-3.144518022108394462e+01
-9.046634034792218060e+00
5.754469761711976439e+00
1.570405709807013039e+01
-2.156303494776912189e+01
-4.335057859316130902e+01
3.375293022947132293e+00
3.122975343260342029e+01
-2.943086746395797704e+01
2.613708896761272626e+01
-1.787258509431095632e+01
2.055267462669533174e+01
-2.371226676741598993e+01
3.083710236361870116e+01
7.342177511765616060e+00
-1.233716843791635220e+01
3.175018651441440909e+01
-3.593396005682701855e+01
-3.428946683999224376e+01
