-2.496454254210390644e+01
-1.954212802949808037e+01
-3.057270966474451868e+01
-3.162010844950198418e+01
-1.046571357497332322e+01
2.574683856308970320e+01
3.568095435570729990e+01
1.904776045093070636e+00
-7.576868065840829836e+00
8.626116483269070656e-01
1.772188069705505598e+01
-3.534616699835795828e+01
1.714336974932814783e+00
3.366458922343244353e+01
1.095372157947322833e+01
-2.804951578628547892e+01
-3.562104589764620499e+01
3.745561381150218416e+00
2.456397944841052805e+01
-2.696113198988106774e+01
1.679788500587756772e+01
-1.080403714150869376e+01
1.732447534364057518e+01
-2.132667749286543568e+01
2.767907158562205794e+01
2.734103054607981775e+01
2.846300166384683195e+00
3.546625532032429362e+01
-5.156143335841911579e+01
-3.460044535793231546e+01
1.010947842497402149e+01
4.957001470252009057e+01
3.145566236217296918e+01
1.851501522141190037e+01
1.672321792678483376e+01
4.562613282452318231e+01
1.010573391102714425e+01
1.307093249634024090e+01
3.003502012778918839e+01
-3.740775087811282162e+01
3.161433007691188024e+01
-6.413360437609263442e-01
1.646554219739726577e+01
2.317137319476853463e+01
2.918287055682641906e+00
6.383019649188114819e+00
5.561339451125791200e+00
3.840656796532260842e+01
1.882755922871087506e+01
-5.302406477571739174e+01
2.512068473045623307e+01
4.849208433331563128e+01
-3.997136489438578622e+01
-3.558888570001177243e+01
1.143902251260846015e+01
4.624631411616631027e+01
4.188672340970187236e+01
-6.006542094756687789e+01
2.775296056255973642e+00
-1.292278042504518076e+01
1.644186734731093935e+01
-7.942257962523040504e-01
8.659219189171482256e+00
-4.911546653188383260e+01
3.575056320255063724e+01
3.210786590311106181e+01
3.010643209280263122e+01
3.909645573897742565e+01
-4.278698319009463091e+01
-5.413566354138785286e+00
6.064111448142888605e+00
6.756856984303032831e+00
-2.437059515541434251e+01
-4.237549986827746196e+00
1.384321486316727601e+01
-3.668091072932124774e+01
-2.695756844324886714e+01
-9.728273552324910867e+00
5.219395784885513478e+01
4.443031214948240049e+00
-1.801665789305381082e+01
-2.003646729124260517e+01
-1.939698417652319762e+01
-3.214712020987834507e+01
5.737700909853782605e+01
1.626233702142625503e+01
-1.596181134875622654e+01
3.470173101807577609e+01
-4.216402502742467107e+01
-8.025056142111960611e+00
-3.168425322198129557e+00
3.385445590368735225e+01
1.565804709220512692e+01
2.819440315785873707e+01
3.896477728400915908e+01
1.202603115383610977e+00
-1.576673613545274755e+01
-1.325314409616787970e+01
-1.897441484989677463e+01
4.357168998077349897e+01
