-2.719601443708612720e+01
-1.371025583697883299e+01
-1.914287415661055647e+01
-4.754149073070437481e+01
-1.395922897080123448e+01
3.743945738974991855e+01
2.450108633268038716e+01
1.305057110667735110e+01
-9.596680875161348823e+00
2.300616471325598766e+00
2.345424769618790606e+01
-3.323576313307489727e+01
-9.987361885271663908e+00
1.231808706157442224e+01
7.984867521370524024e+00
-1.284724615053562857e+01
-3.644045914704457800e+01
1.386073436992336561e+01
3.959275094404313222e+01
-3.555218361862659293e+01
2.376811645485281232e+01
-2.363282858003530862e+01
2.671889739204682712e+01
-2.221218413329625463e+01
3.082964017577269189e+01
2.030584373176125723e+01
-8.223657304045339345e+00
3.115045596133331429e+01
-2.471923570466140774e+01
-4.236349014572692084e+01
2.339352620856373743e+00
4.014906971368690591e+01
2.509239230198322446e+01
-1.598328030768649599e+00
8.043763625500650605e+00
3.170806359066855862e+01
1.941584854076510425e+01
2.488650497416051266e+01
3.657679985294563352e+01
-4.044197719924773793e+01
2.185155817405640732e+01
-6.701856674110574730e+00
3.645283071463330060e+01
1.493821633120799497e+01
3.895618022179160533e+00
1.753113578797133343e+01
-1.881482972399389553e+00
3.990861728258096264e+01
1.324955512135648839e+01
-5.958112157750814220e+01
2.146575417812740838e+01
4.737523401453918837e+01
-4.395296188293240647e+01
-2.091407176799761913e+01
2.689363406556688929e+01
2.006136503932631854e+01
3.944190711236468871e+01
-4.550393412598137388e+01
-2.195265551124281345e+01
-1.226395914135179588e+01
2.807419654137834897e+01
7.912280979403794490e+00
2.621580280882220393e+01
-4.777453698769339496e+01
4.537989815717613595e+01
2.678599545981439078e+01
3.936362419452579786e+01
4.418983421102916509e+01
-4.189314472665479627e+01
-7.183779865100319739e+00
1.408872519316057925e+01
-4.292119688391032639e+00
-3.818877883813637197e+01
-8.837538325085782631e+00
3.645276855388771509e+01
-2.729139646556255272e+01
-1.674836976771267416e+01
-1.567177628970362591e+01
4.213610295414878237e+01
-3.200924270932431170e+01
-8.033776829673598741e+00
-2.234944626041556148e+01
-4.375352585402778516e+01
-3.499231847115709826e+01
5.620110130546661509e+01
-1.405548192949621722e+01
-1.781574154845850089e+01
4.307834091269429422e+01
-3.482106254370047793e+01
-3.633705996486376044e-01
4.627578359441386624e+00
4.794833346725313561e+01
3.513316584737350468e+01
2.798942552436934506e+01
1.425017771485136286e+01
1.701056509996039878e+01
5.004075184535565768e+00
-5.395179582831906018e-01
-3.219119670652954568e+01
4.725128688410532618e+01
