-1.801433706639167553e+01
-2.941610441155493305e+01
-3.503467062325158565e+01
-4.456002173292559121e+01
-3.378631918591025141e+01
3.050570194230999732e+01
3.463594949794617150e+01
1.686625480432929436e+01
-1.457079572577495519e+01
-5.708559294134317952e+00
2.467623917663197020e+01
-1.780540976701636424e+01
8.090528955010274359e-01
7.243520735692557722e+00
1.249872871954853437e+01
-2.425895174787598307e+01
-4.554709608124365161e+01
1.667439269888049580e+01
4.201035319799272827e+01
-2.464131279373498984e+01
2.742020565559152345e+01
-1.575041851751269206e+01
1.947332927243789769e+01
-2.047194241982791851e+01
3.552801399839945873e+01
1.586044339735863673e-01
-1.814069873566597124e+01
4.175770716084959133e+01
-3.673141697182830256e+01
-2.911889855083489209e+01
-1.122290067165164729e+01
3.678390946779592952e+01
1.720733234809696555e+01
-2.806920794920830353e+00
2.266163798289601772e+01
2.805947621338809483e+01
2.510386953447998337e+01
3.303432034658631977e+01
3.615467760106888306e+01
-4.370923498726734380e+01
3.673037560149789726e+01
-2.498017199049629600e+00
2.920534966004911936e+01
2.996351543985876020e+01
4.586568826703993906e-01
1.422167400451193409e+01
4.887145260869294461e+00
4.254836477789839222e+01
-5.551597430256753896e+00
-4.357569538465518377e+01
7.914848263632713099e+00
3.660826417424318180e+01
-3.511156756232102794e+01
-2.415581695805978057e+01
1.816647791485813812e+01
2.729720022156185522e+01
3.701107500311682230e+01
-5.227141591677591492e+01
-1.887279857704367458e+01
-1.905619219435896738e+01
3.372700098123149814e+01
8.415808733405548026e+00
1.959749231124233049e+01
-4.563604075554621886e+01
4.802459417357697902e+01
3.169363350828848525e+01
5.620412986448293680e+01
4.483106904621352840e+01
-4.146626035574981017e+01
-1.330098775911191211e+01
1.904193170225593335e+01
-3.159987873973384431e+00
-3.502841968791899774e+01
5.937808111742796768e+00
2.404255920836992289e+01
-2.428916511843433312e+01
-2.163324720954593516e+01
-1.484582770542766106e+01
4.566904731465871237e+01
-1.129935213007654404e+01
-1.543838971371054924e+01
-9.633007336800632814e+00
-4.819118536299617972e+01
-3.661457927786442212e+01
5.383802864527552146e+01
-1.013363383126881700e+01
-1.541246825190438230e+01
3.892122352204901858e+01
-4.441202542400515796e+01
-1.387370107524620977e+01
2.073031760845771032e+01
4.531403998320381987e+01
2.824541056510482662e+01
2.203061136770503481e+01
3.416049427188109178e+01
1.667516091632361963e+01
8.524306528294973262e+00
-2.566050124276411548e+00
-2.614434441170854484e+01
3.801924121551601843e+01
