-2.867963132543005500e+01
-1.603566197404847316e+01
-3.493325531264459727e+01
-4.704050418329434535e+01
-1.861132515472507265e+01
2.722189682788851073e+01
2.505247769697741944e+01
1.193006655058946919e+01
-1.205905147041982772e+01
-1.400028463241609344e-03
2.280142498005590213e+01
-3.254433989999529331e+01
-8.735989519726127028e+00
6.285017466324827495e+00
1.664305846419953028e+01
-2.280395905268496293e+01
-4.356967355395650543e+01
3.527445334710817448e+00
2.981241000676089570e+01
-2.847758117278446832e+01
2.514154975956672189e+01
-1.774639082269793988e+01
2.169608024851745753e+01
-2.240204649348811472e+01
3.169718503071268856e+01
8.813248858254064899e+00
-1.262337279085365260e+01
3.088279196428094053e+01
-3.550061429397810997e+01
-3.160454790692593008e+01
-7.601451692876062260e+00
4.125548364538452262e+01
1.717208850229649642e+01
5.713661662938983810e+00
1.082192751569196432e+01
3.463390749430399040e+01
2.409017067832956371e+01
2.279640617812325942e+01
3.530717086837744034e+01
-3.613475166710924924e+01
2.845511372427338515e+01
-3.772208943881657728e+00
2.874201484760784453e+01
2.044559869863406476e+01
-8.801577272920935169e-02
1.503213070607662338e+01
-5.764476628612259290e+00
3.839916011054511102e+01
1.224061788082056701e+01
-4.981615400099863677e+01
