-2.674336497205628760e+01
-1.596894415837423864e+01
-3.436370447476694068e+01
-4.567102869329240633e+01
-1.783875189238179360e+01
2.558149898339024375e+01
2.462869312867051264e+01
1.152752131262635160e+01
-1.215251356868114208e+01
-9.932185012777715594e-01
2.324738897154531259e+01
-3.148527987319167920e+01
-9.045274186472605393e+00
5.869968232493176785e+00
1.569125122812264905e+01
-2.153573121916237554e+01
-4.350004232492426581e+01
3.388087828900531395e+00
3.114053199908708436e+01
-2.987143033416941407e+01
2.540604834509485244e+01
-1.858370177295745052e+01
1.976209173667400876e+01
-2.446621753070697380e+01
3.028011484965103151e+01
7.174459858027596226e+00
-1.246308741565169420e+01
3.177457427227099984e+01
-3.597180385966711214e+01
-3.430021404851257927e+01
-5.977757418629583874e+00
4.155135149209698397e+01
1.784012132209760182e+01
3.659190449111999310e+00
1.074540714634992611e+01
3.425763824454378437e+01
2.374585099428540858e+01
2.462895806798558596e+01
3.438326095122857140e+01
-3.599093894113075720e+01
2.837610469850276473e+01
-2.870250938012014252e+00
2.827300744363550677e+01
2.099610558823489725e+01
1.760337805132190292e+00
1.511658303022450589e+01
-5.391826298892629765e+00
3.967434679825500154e+01
1.175881977461738614e+01
-4.958694493534492409e+01
2.076235410493443112e+01
4.802935296829730305e+01
-4.278109019220664777e+01
-2.671258363938697400e+01
2.643261867580577729e+01
3.049991408115761971e+01
3.776834926327457254e+01
-4.626436664552761613e+01
-1.842681042031783178e+01
-2.259527055960979780e+01
3.752499579417077769e+01
7.926285503810889033e+00
1.916400450036889325e+01
-4.195737401680680989e+01
4.894837854413795952e+01
2.451548473030339892e+01
4.059150000570014782e+01
4.410573962920177848e+01
-4.534112013781886219e+01
-1.256907638646197611e+01
1.375961212120912869e+01
-2.531804417316162681e+00
-4.078604232312316924e+01
-2.989671420984951755e+00
2.585315114718908802e+01
-2.966061683064123855e+01
-2.037328795895257016e+01
-1.027576806311151714e+01
4.523923506351241741e+01
-9.882709775286322440e+00
-1.107426795460677837e+01
-1.826546629845920577e+01
-4.879418614799077147e+01
-3.224300214419972832e+01
4.907822820563387012e+01
-9.366521072813217330e+00
-1.712674400479160752e+01
4.844079374225745482e+01
-4.387262958613860775e+01
-7.563346753773313225e+00
1.319363379225321964e+01
4.702372486715081124e+01
2.382287200543312977e+01
2.738729562581773180e+01
2.679782258693413155e+01
1.474729119398187116e+01
3.947358312546517034e+00
-3.140423738764603456e+00
-2.118437302724660398e+01
4.964294856002275935e+01
