-3.890989707675185372e+01
3.326041907019442334e+01
-5.459892865536683360e+01
-7.748210968541076227e+01
5.740900676258803514e+01
-5.421498736107762539e+01
-5.086307296714177539e+01
1.077710755132431331e+01
1.289485196111093046e+01
9.992763890225120349e-01
6.730292300899176894e+01
-3.531202204790717758e+01
-8.545192731830546506e-01
1.224152062565764254e+00
-2.791343896988803408e+01
-1.572550909873203295e+01
-2.869767810550258957e+01
3.757963289265180151e+01
4.688496871952095546e+01
-8.435863338611247286e+01
8.916236708113499887e+00
-4.155451717971395453e+01
-2.829064727023362025e+01
3.793438664030399110e+01
2.126596579833666567e+01
-1.310629823683673578e+01
3.327974195469874985e+01
1.067241142326177084e+01
-4.248368437278029575e+01
-1.013328219564643362e+01
-3.094753338155997824e+01
-2.209150730187887657e+00
-7.028804222657882406e+00
1.407302327646950069e+00
3.259129035905300498e+01
3.139154394749146348e+01
1.895225228447923627e+00
2.192058477859922050e+01
-2.793083934525952827e-01
-3.437755106676632266e+01
-5.038330463747576005e+01
-3.430244332090555304e+01
2.602491147935737814e+01
-6.994467940886920587e+00
-5.779918750101315794e+01
1.869223356555685811e+01
-2.685621624339678704e+01
1.654380282072971653e+01
-4.253249218188411618e+01
-2.492976160927107188e+01
-1.964797176397987499e+01
3.014241680842743420e+01
-3.050340857956120288e+01
-2.931592378147610134e+01
5.777378098874496004e+01
-4.171693888777244297e+01
3.561722426373921735e+01
-3.078231677794133958e+01
-1.680194566224598418e+01
-3.948827851957141810e+00
3.615277455045244892e+01
3.271446847340827446e+01
2.297440664946476119e+01
-5.753032310395370530e+01
1.443515983899450816e+01
8.424142074285190063e+01
3.888387157716013576e+01
3.356232624988933821e+00
-6.210119493659177436e+01
4.143198842946753757e+01
-2.408260224130643579e+01
-6.391485290041866563e+01
-2.737166726194312361e+01
7.115509642292920489e+01
1.184098670107885454e+01
6.016484882257898903e+01
-4.450713161412423347e+00
-7.736397496496925896e+01
1.123079045835060796e+01
-5.892246615596832271e+01
4.158993423239434151e+01
-9.587137003505880273e+00
-1.886850101827968018e+01
1.929050448080037938e+01
7.852109492919367995e+01
2.308511824967608561e+01
-2.940867766276297601e+01
1.255138429469135275e+01
-7.502582377894418642e+01
-2.873633470620584518e+01
-3.886366039005490336e+01
-3.015385999697350883e+00
1.986941732769754054e+01
-6.983774667183338636e+01
5.340494992333234592e+01
3.141701404607924530e+01
-4.321827797262815096e+01
-4.422475231530358286e+01
7.746012813990029500e+00
3.088701575367214502e+01
