3.983680219202737760e+01
-2.698811580693411116e+01
1.581575309856873446e+00
-5.677760751115940252e+00
7.069710121559575100e+01
4.505964055376807664e+01
7.454282687225577320e+01
4.927721574810371408e+01
3.759690613674921877e+01
-7.350569919348799885e+00
5.089790984759832781e+01
3.102917457562185177e+00
1.774880566022273953e+01
2.181784516836538046e+01
-4.501018926971281076e+01
-9.394889355558944999e+01
6.620827435956201157e+00
-2.850965390630165786e+01
-3.344374564380431991e+01
1.471486537435436759e+01
-4.686068090696981159e+01
1.863992359642440277e+01
-9.661661147346740108e+01
7.148215797760357759e+01
-1.651665602631753416e+01
-2.444356038853516466e+01
-4.281919258410784579e+01
2.394107343531340604e+01
-2.239157576830771745e+01
-2.773778040059823979e+00
-2.592449739698043487e+01
-1.100623566844213741e+01
2.593518147869875179e+01
8.684327558746133491e+00
4.489636202058294856e+01
-8.350027219843894954e+01
4.294300232868811662e+01
8.593862850216295257e+00
3.438102891910826742e+01
-7.049187552200609730e+01
3.232711864727325946e+01
1.572772494282977362e+01
-8.871612018817316425e-01
-3.015650026705927189e+00
-4.753060872480183718e+00
5.235490484213462281e+01
-2.881266705850212162e+01
3.019466240806909241e+01
-4.296362953342175217e+00
1.136232230214304195e+01
-1.200935901603808276e+01
-1.266359082695555571e+01
-5.798204842191479713e+01
-3.208979740475163211e+00
5.192480371529721594e+01
1.853213371851541069e+01
-5.595512646676790069e+01
-3.803443273856284179e+01
6.935139422727613123e+01
3.210758139173329084e+01
1.335163666667907734e+01
5.168298690320453659e+01
2.346984807173674170e+01
-4.634134233282675552e+01
2.071707655738278930e+01
2.257268601986120160e+01
5.619962827649424497e+01
-2.349840123549896731e+01
-3.129104836738325091e+01
6.116448619496210171e+01
9.916965740487080438e+01
1.733745143423914215e+01
-5.086499910360231524e+00
1.655234718800637594e+01
-4.393994116551454709e+01
-1.391066187139159638e+00
9.160153077107231923e+00
-5.503942871492893829e+01
1.070205999876061753e+01
-6.148228022943509785e+00
-4.870745757623373606e+01
1.012500797511188466e+01
-4.844438838728962082e+01
-1.649662399932942947e+01
-6.620671803554509438e+01
5.739096335953085770e+00
1.012108033967885490e+01
3.300601465021458125e+01
-4.194309424728239577e+01
-4.815685695570162750e+01
5.260590424146226951e+01
-9.643990521357793000e+00
2.340045481517765324e+01
-8.339438673651784484e-01
2.260041824460461157e+01
-1.652205920313036813e+01
2.957512344535096105e+01
2.024287783977249688e+01
-5.377216913449760938e+00
-5.910691966776083461e+01
