-4.671220835951280037e+01
-4.215171676746590634e+01
-4.868451861683255544e+01
4.225724665182112716e+01
-4.191168850218922159e+01
-4.673727636533153884e+01
-4.091119921675890225e+01
3.959412737032554475e+01
-4.718060294551207789e+01
-4.315621076092033803e+01
4.592822023655510577e+01
-3.924992221846248697e+01
-4.667084142147677994e+01
-4.250718540956684421e+01
-4.134991864639856374e+01
-3.851335663972486856e+01
-4.972793126573373712e+01
-4.340852169207421696e+01
-4.835903795239455150e+01
-4.842453846260039541e+01
4.624665440897511104e+01
-3.913481703626270303e+01
4.599113773284864948e+01
4.013546723445501385e+01
-4.229581183872902272e+01
-3.828633829867158767e+01
-3.991700371740494546e+01
-4.461035340008329086e+01
-4.341870044096926762e+01
-4.285018964807868969e+01
