-1.024841720607128082e-04 0.000000000000000000e+00
-1.026488529827229712e-04 0.000000000000000000e+00
-1.025813641390982411e-04 0.000000000000000000e+00
-1.026440599147804278e-04 0.000000000000000000e+00
-1.027799915576110834e-04 0.000000000000000000e+00
-1.027992544067046765e-04 0.000000000000000000e+00
-1.025703889183660067e-04 0.000000000000000000e+00
-1.023761081526686212e-04 0.000000000000000000e+00
-1.026055145239013200e-04 0.000000000000000000e+00
-1.027667641935181564e-04 0.000000000000000000e+00
-1.024582489581593592e-04 0.000000000000000000e+00
-1.027060538092428033e-04 0.000000000000000000e+00
-1.024348902305405318e-04 0.000000000000000000e+00
-1.025655587056917284e-04 0.000000000000000000e+00
-1.023518633473941009e-04 0.000000000000000000e+00
-1.027883970934340141e-04 0.000000000000000000e+00
-1.023901411585370624e-04 0.000000000000000000e+00
-1.027568671432277370e-04 0.000000000000000000e+00
-1.027729602043336854e-04 0.000000000000000000e+00
-1.027103562307729590e-04 0.000000000000000000e+00
-1.023158482738040220e-04 0.000000000000000000e+00
-1.022362127542919552e-04 0.000000000000000000e+00
-1.026452764314456090e-04 0.000000000000000000e+00
-1.026753310284789222e-04 0.000000000000000000e+00
-1.026775492576348370e-04 0.000000000000000000e+00
