3.147226612817096125e+01
4.057909119656567043e+01
-3.730142087548498608e+01
4.133748303137279834e+01
1.323582191803567731e+01
-4.024606196576051076e+01
-2.215028067608912110e+01
4.688049485585708887e+00
4.575058096215544623e+01
4.648875094476331071e+01
-3.423879430931270207e+01
4.705917545589728235e+01
4.571659238940433312e+01
-1.462537921366992899e+00
3.002794441668966030e+01
-3.581146865995337691e+01
-7.823975796788392501e+00
4.157344762967049689e+01
2.922063052106520686e+01
4.594913996384533306e+01
1.557396747193978293e+01
-4.642893472589640425e+01
3.491282684283724080e+01
4.339922141794347255e+01
1.787341303517998270e+01
2.577390995883951064e+01
2.431314424093615045e+01
-1.077740054696208460e+01
1.554768570692641738e+01
-3.288143444311844377e+01
