-2.913322454786162652e+01
-1.570693018913328309e+01
-3.416894842744817851e+01
-4.580810350746309467e+01
-1.807984351909584220e+01
2.572566837857195310e+01
2.471658724349748937e+01
1.121553033055751314e+01
-1.213655864730692535e+01
-9.153129956423270430e-01
2.340595991617868776e+01
-3.146476772072483996e+01
-9.066256414949483755e+00
5.734793399352456689e+00
1.568356510571491391e+01
-2.158187783360405376e+01
-4.337010081786466742e+01
3.353545283354970596e+00
3.114487670171468636e+01
-2.990455991922134160e+01
2.543187055702789223e+01
-1.867424363528769504e+01
1.974877323850703448e+01
-2.442651281882438141e+01
3.031149157887611878e+01
7.076595199998939378e+00
-1.241696972214517380e+01
3.172432177810796716e+01
-3.595541505015614092e+01
-3.430000010423410828e+01
-5.950047693933623094e+00
4.163474118769605781e+01
1.788078105416871111e+01
3.647385199311838022e+00
1.070568680105102466e+01
3.417846289921256897e+01
2.369355160732677845e+01
2.464598329368426732e+01
3.438082816469226088e+01
-3.611299833734818066e+01
2.847964684601362961e+01
-2.843333078869647146e+00
2.830014056463897631e+01
2.101060518652767328e+01
1.845499181203062111e+00
1.516427351866791362e+01
-5.468965722675871888e+00
3.968625684066294923e+01
1.171269932532996449e+01
-4.941045773981323208e+01
