3.147235946063764089e+01
4.057917928685328235e+01
-3.730132859826971981e+01
4.133757296503222989e+01
1.323589677474481974e+01
-4.024597138639850868e+01
-2.215018604721216278e+01
4.688143986743608771e+00
4.575067421165383053e+01
4.648884412913832165e+01
-3.423871262128699300e+01
4.705926306340642640e+01
4.571668701033667048e+01
-1.462447635812723856e+00
3.002803815394720033e+01
-3.581137617847253551e+01
-7.823879752567288293e+00
4.157351607495026968e+01
2.922072511993047428e+01
4.594923483176339118e+01
1.557406162961116536e+01
-4.642884302089073145e+01
3.491292100389797781e+01
4.339930800343994832e+01
1.787350582194417825e+01
2.577400246462272193e+01
2.431323886739304996e+01
-1.077731053375381265e+01
1.554778075672071402e+01
-3.288134972452512272e+01
2.060459712651881503e+01
-4.681672957020793291e+01
-2.230770936349206579e+01
-4.538288869258433067e+01
-4.028683017609537131e+01
3.234576845304460591e+01
1.948282127234366712e+01
-1.829006095997577930e+01
4.502219707626635170e+01
-4.655539977991256251e+01
-6.125571844856033010e+00
-1.184416354652755210e+01
2.655167098549608085e+01
2.951998118465877852e+01
-3.131275751803205054e+01
-1.023569792007497981e+00
-5.441388160323922030e+00
1.463128407931648667e+01
2.093647341927689354e+01
2.546866039073939092e+01
-2.239750011149885367e+01
1.797025983955731832e+01
1.550979207199556420e+01
-3.373883428815843644e+01
-3.810024220072624246e+01
-1.636067841197166861e-01
4.597438798172039043e+01
-1.596143681620227817e+01
8.526765375763201149e+00
-2.761881473430052480e+01
2.512669187718585206e+01
-2.449051165615993142e+01
5.956898027562184117e-01
1.990765548108485916e+01
3.909031585561719879e+01
4.592910568696110829e+01
4.721543048190597780e+00
-3.613757585985409548e+01
-3.507061418012388287e+01
-2.424919486368378330e+01
3.407171302926090561e+01
-2.457180428667021488e+01
3.142845371897836770e+01
-2.564751575157263019e+01
4.292634188997343614e+01
-1.500163532256414456e+01
-3.034048568107573729e+01
-2.489165114168280724e+01
1.160444704554494066e+01
-2.671148122334773056e+00
-1.483407861478093537e+01
3.308280770962986850e+01
8.526385909527444795e+00
4.972329696254319309e+00
4.171923731616568176e+01
-2.141617405902005444e+01
2.571998670966956979e+01
2.537288347494079943e+01
-1.195547579751080214e+01
6.782037559395345916e+00
-4.241461482821729589e+01
-4.460501103822236502e+01
3.079625964385442671e+00
2.791659900653444026e+01
4.340096959916571251e+01
-3.700946852405096621e+01
6.882192182062620844e+00
-3.061010690986367688e+00
-4.880986152240802056e+01
-1.628779025507160583e+01
