-1.304485117973735564e+00
-1.087024113904974776e+00
5.331641847127460032e+00
5.509428073967790773e+00
2.922272459796399491e-01
-3.674236338636436727e+00
-2.878273108834231486e+00
-1.793803848867112194e+00
2.450692644624446803e+00
2.770668999201409299e+00
5.265969784940162768e+00
-1.659455043654803230e+00
-2.357169940904585648e+00
2.853465146240872219e+00
5.388036993802276520e+00
4.227211689353503665e+00
-3.456861421353484509e+00
1.340037133542397063e+00
2.033170561286767875e+00
2.997877445547968644e+00
4.779629695888566232e+00
-2.696893577056083569e+00
-7.291211931913839095e-01
-4.062914189273302945e+00
1.264332424226937701e-01
-2.271560133610630097e-03
-4.760680754850304730e+00
-1.395012409008112853e+00
-9.127737638864483194e-02
-1.054621236290243180e+00
3.071550230794287906e+00
-1.137355982436394353e+00
-4.904062853581030446e+00
2.992681095040375716e+00
-9.105015032972970657e-01
3.238274062343834636e+00
1.582407914747284261e+00
-4.699803050453676079e+00
-1.482728175526733416e+00
9.211272441981095405e-01
-2.202396586218875019e+00
3.235721932039961612e-01
-3.572677251638429752e+00
2.540454465998572164e+00
7.285761242311199481e-01
7.597419695009889340e-01
2.529493515284185090e+00
-1.665568343359050463e+00
-2.936896847565519497e+00
-2.514904324440474959e+00
-9.282957068753349139e-01
-8.820107728689315918e-01
4.446851098728584972e+00
-2.910786762999944877e+00
4.025916010411780377e+00
4.225975092009488066e+00
-2.284900497259163554e+00
4.444087966197537654e+00
-4.846049870813043725e+00
7.044231361727124052e-02
4.653376436743591249e+00
3.281833515784876365e+00
1.598451223247676412e+00
1.336378071466743922e+00
1.764434768686852451e+00
1.848014367594542628e-01
-4.671115426836943030e+00
-2.209499834557164366e+00
-2.726797652734497923e+00
-2.784743356146787956e-03
4.046431607079779447e+00
3.400260723301156141e+00
3.172385330087181821e+00
-3.824801857931322546e-01
7.748198817520155490e-01
1.704554662643511076e+00
1.105261373305872707e+00
-3.928580294209077284e+00
-1.578112421304119328e+00
-4.907167134795851204e+00
-3.830571119728122031e+00
4.905896315269962393e+00
2.740828759903077394e+00
2.769371795450335405e+00
-2.712033108657455838e+00
2.149986073576083179e+00
-4.228227913067668098e+00
4.312775008487321760e-01
1.330238033900655870e+00
4.108649766337238773e+00
-9.341770441725287810e-01
1.957695898975660320e+00
1.403113890455747859e+00
1.031015938056565773e+00
-2.027120380698052282e-01
-4.372567602214644467e+00
4.368271626968479593e-01
3.821810031432436805e+00
-1.269657035230284947e-01
-2.994792802907268910e-03
