-1.304670201639691163e+00
-1.085850699068438008e+00
5.328160823982085681e+00
5.508682736166595539e+00
2.966621532207224798e-01
-3.669588069841190237e+00
-2.871580280074984781e+00
-1.777098511772557288e+00
2.451175365595722688e+00
2.781528982857405463e+00
5.301099872929493806e+00
-1.615541700085785237e+00
-2.265021272106144679e+00
3.033965864523664901e+00
5.741313562951542160e+00
4.662370671357616736e+00
-3.061066065464947528e+00
1.542296792600926780e+00
2.096183619353170435e+00
2.994199786385382200e+00
4.788214637863193346e+00
-2.691323292949058477e+00
-7.362572870459866969e-01
-4.063567496899515241e+00
1.248643148187343482e-01
-5.349683268143530859e-03
-4.758758312360814813e+00
-1.393713689242773501e+00
-9.003799102300430457e-02
-1.056472270585842255e+00
3.071580582074403321e+00
-1.137905887527973725e+00
-4.904043291722026687e+00
2.993096116062591072e+00
-9.102020015784835216e-01
3.238361270773610467e+00
1.582312002609068458e+00
-4.700018423432062775e+00
-1.483775853652674392e+00
9.209467483084257111e-01
-2.202266890926548815e+00
3.240171694153742843e-01
-3.573018744271196478e+00
2.540593844766260379e+00
7.288178609435335131e-01
7.599092176969842738e-01
2.529838173426617320e+00
-1.665662205741712532e+00
-2.936895357009472018e+00
-2.514944323075996024e+00
-9.283288329996209898e-01
-8.820195629613466481e-01
4.446969270442940214e+00
-2.910861331869531554e+00
4.025968938918059514e+00
4.225963968351010180e+00
-2.285017755046313770e+00
4.444017609699244531e+00
-4.845846338351369020e+00
7.007450183790481235e-02
4.653456732658845851e+00
3.281586591899092298e+00
1.598042889336634964e+00
1.336110556159628926e+00
1.763838769063903467e+00
1.848517155631219377e-01
-4.671526367794656132e+00
-2.209211101669371402e+00
-2.726635854304743312e+00
-2.959914796041028355e-03
4.046227504986250167e+00
3.400095966665060310e+00
3.172789094184433001e+00
-3.823041877961738666e-01
7.748560386527763022e-01
1.704406651805010275e+00
1.105137830969385115e+00
-3.928235233307702856e+00
-1.577540353967993303e+00
-4.908036428979553278e+00
-3.831015686421090027e+00
4.905791566085100364e+00
2.740970086256504512e+00
2.769409970742510385e+00
-2.713831503835800074e+00
2.149268525731425239e+00
-4.227664068819960264e+00
4.313455816668058107e-01
1.331795185399603954e+00
4.108950648436130670e+00
-9.339124829121712157e-01
1.955889133766498311e+00
1.403844472640165986e+00
1.030904042279203514e+00
-2.015665577966696820e-01
-4.371066763024895607e+00
4.418212892057127861e-01
3.821270248776846401e+00
-1.320982443313361565e-01
2.807495016136206216e-03
