-3.558984057394974343e+01
-1.270037335587525718e+01
-3.656681756042248566e+01
-4.940786365576797579e+01
-2.288441261382399361e+01
2.780522959240834879e+01
2.423887322195910343e+01
7.698144674033916779e+00
-3.530156908224894696e+00
-6.677302475082277589e+00
2.214314590967684637e+01
-2.372468846088742822e+01
-6.093173614686172357e+00
7.271831230668745150e+00
2.245482471188859108e+01
-2.056235099717130410e+01
-3.899717481590872836e+01
1.261039846655780927e+01
2.408502767801778788e+01
-3.915063838008639863e+01
2.443107742645968017e+01
-2.044981769628909873e+01
2.309561017435152763e+01
-2.583934347083527783e+01
3.678927873682358296e+01
7.162363530713063753e+00
-1.777914304586222904e+00
3.827056039820578093e+01
-3.075963459047507342e+01
-4.313105751500872032e+01
-5.462115355632029434e+00
4.095969234069905696e+01
2.674310379897489298e+01
-1.022091295690764179e+00
7.612455575793399376e+00
4.077266430066897129e+01
2.314939376416118222e+01
1.286409505764394012e+01
3.632547798837558162e+01
-3.184514059326205881e+01
3.185250152041383132e+01
-4.260963862822173098e+00
3.562707221210511221e+01
2.751190883290869138e+01
-5.376869039250413707e-01
1.381156253278560087e+01
-1.616691292344672704e+01
3.890640173472974794e+01
7.112738471623525349e+00
-4.943906555888339938e+01
1.129423031938749489e+01
4.314897637708493505e+01
-4.749582238662513589e+01
-3.400542335103985181e+01
2.534407697489297817e+01
3.047487242331722257e+01
3.901032345239430299e+01
-4.687708349313138712e+01
-1.920162778847268470e+01
-2.592122476014130683e+01
3.954808088109784592e+01
2.002063642586616510e+00
1.644646092148449057e+01
-4.190067725657078768e+01
4.217526964237661247e+01
3.342284195986474060e+01
3.681215386844688453e+01
4.737787427248024130e+01
-3.993164363535947814e+01
-2.014798358838827852e+01
1.260806038168080789e+01
-1.338799268603999160e+01
-4.157379643741315078e+01
1.010567754745772096e+00
2.334369698455868658e+01
-3.078111353196848654e+01
-1.578445891969242254e+01
-1.611271974606743029e+01
5.167978154354408815e+01
-8.838940942202928142e+00
-1.343314598654379211e+01
-1.910806430418554669e+01
-4.318797333996424470e+01
-3.216099347148588095e+01
4.620149898904413277e+01
-9.145652436851621658e+00
-1.732267879474134986e+01
4.533477159163032155e+01
-4.247299604727442102e+01
-1.777053486757444745e+01
1.646160095674971657e+01
5.029545312678124702e+01
1.837186159839046695e+01
3.476283247392539977e+01
2.025688556253505368e+01
1.202803844266667710e+01
1.690570635701703406e+00
9.483878565310943642e-01
-2.027439803170117472e+01
5.358703704508791787e+01
