-2.866773013676252546e+01
-1.604939927547065182e+01
-3.422564411320087885e+01
-4.557796073523185498e+01
-1.795760881492727279e+01
2.577478642717484192e+01
2.438801225421872942e+01
1.107963830710171038e+01
-1.168981931703197930e+01
-9.453654459452901504e-01
2.332819191092962896e+01
-3.130926763347503439e+01
-9.056619407461958815e+00
5.864501366257804271e+00
1.536235698962634366e+01
-2.187164713723706910e+01
-4.324862003034241553e+01
3.736804074392415576e+00
3.140861737811070853e+01
-2.964854725243707634e+01
2.533805438376124641e+01
-1.839322902422099659e+01
1.980079143304600819e+01
-2.444765336841499703e+01
3.058838122122361014e+01
7.138149100962141169e+00
-1.235483092749947076e+01
3.166217497284480586e+01
-3.610141941752664252e+01
-3.457567437310475356e+01
