-2.849100937112842757e+01
-1.586449035007958841e+01
-3.423543135488773004e+01
-4.603826113526693575e+01
-1.821556197735844407e+01
2.583002418175767900e+01
2.507671805129733755e+01
1.146195432408870829e+01
-1.238492550273885229e+01
-8.792482093179435632e-01
2.342661691548575931e+01
-3.159288297262016698e+01
-9.111050927455410786e+00
5.781376862734679989e+00
1.599120237149969448e+01
-2.156461393900861268e+01
-4.345176719784886643e+01
3.162247805377559562e+00
3.098261262200661648e+01
-3.010641532049633540e+01
2.555891013274187173e+01
-1.916086019828053466e+01
1.966475407133067677e+01
-2.438413390336703657e+01
3.012151784021579459e+01
6.915666847296392028e+00
-1.242808703303873408e+01
3.157261973604318328e+01
-3.573009727092919974e+01
-3.395333588256919199e+01
