-2.861749746058390542e+01
-1.616461496549630894e+01
-3.428483153846580223e+01
-4.561842445873534757e+01
-1.810727737568034357e+01
2.576221998046209904e+01
2.455142791904994581e+01
1.091629640006855340e+01
-1.192415593941822038e+01
-1.036995031126141775e+00
2.331934919441698995e+01
-3.133606936340001425e+01
-8.957422442264224571e+00
5.950578204536708604e+00
1.537464900601828965e+01
-2.178116182636779286e+01
-4.357760915710932181e+01
3.635770154943781307e+00
3.136129862636701304e+01
-2.964563474292562617e+01
2.530721291926175454e+01
-1.849926122977820953e+01
1.995083417764017142e+01
-2.449502495441493366e+01
3.049332023045777973e+01
7.058501402189804708e+00
-1.238972539146248941e+01
3.191396430996705291e+01
-3.620629114877886678e+01
-3.460809755526622666e+01
