-2.867999569772181445e+01
-1.620979682823232793e+01
-3.405771658461896578e+01
-4.563161097716709236e+01
-1.801816253362981612e+01
2.579370101655121061e+01
2.448929753581079538e+01
1.118517432838729952e+01
-1.153321827475713235e+01
-7.996347229805824686e-01
2.340709998924494784e+01
-3.155872332160166494e+01
-9.041663964997592728e+00
5.814476818787597701e+00
1.541738638523491467e+01
-2.193166184845200206e+01
-4.339887602862300042e+01
3.549394796171573940e+00
3.132869343289933184e+01
-2.954994266265898517e+01
2.536725616993564358e+01
-1.850730406020996455e+01
1.981334987577364970e+01
-2.462286068671145856e+01
3.052899093497233096e+01
7.094475226932496881e+00
-1.239878076297524423e+01
3.175453204844729882e+01
-3.618940916112613593e+01
-3.471497293468205214e+01
