-2.757287685378646103e+01
-1.502069267359711802e+01
-3.326735038524986265e+01
-4.481811250832682703e+01
-1.707978132891511791e+01
2.672567917426358264e+01
2.571656363031255665e+01
1.221571951870333272e+01
-1.113661727001438884e+01
8.449338339159487288e-02
2.440531000241196224e+01
-3.046470623937052125e+01
-8.066299415337100598e+00
6.735014895354193065e+00
1.668416723368569521e+01
-2.058247387652323468e+01
-4.237023155367544547e+01
4.353631920136489697e+00
3.214533288798472910e+01
-2.890395112361152385e+01
2.643268962044131953e+01
-1.767392967183833008e+01
2.074923135484418424e+01
-2.342752343672581716e+01
3.131123781578821053e+01
8.076421659429556144e+00
-1.141641610692746056e+01
3.272483287003453256e+01
-3.495470399126600114e+01
-3.330051208996660250e+01
-4.950191643796300056e+00
4.263390236987180515e+01
1.888017812334113898e+01
4.647971013847681299e+00
1.170598741471193271e+01
3.517759962088473458e+01
2.469305057548432458e+01
2.564508703132775835e+01
3.538064210491128847e+01
-3.511374495350820268e+01
2.947954141936682149e+01
-1.843725256734275453e+00
2.929986146344317177e+01
2.201032587598752954e+01
2.845456601730593782e+00
1.616357521552298238e+01
-4.468716866554990119e+00
4.068670103409105110e+01
1.271355735340754123e+01
-4.841106494230454871e+01
2.173500817717869893e+01
4.902625987894952431e+01
-4.179764113791244284e+01
-2.578846145562534886e+01
2.748545209045283855e+01
3.141020254193346872e+01
3.873926089809594231e+01
-4.526698716463851468e+01
-1.739642150666489684e+01
-2.168729565516487412e+01
3.851426523441666205e+01
8.845591352910687988e+00
2.024611962310360269e+01
-4.107371630896472681e+01
4.984908718539804084e+01
2.534017968462054071e+01
4.097753704096646743e+01
4.411894474424383361e+01
-4.531039649680791115e+01
-1.254373342320278262e+01
1.380307996142206406e+01
-2.551705099846466762e+00
-4.083217592874471791e+01
-3.022515513773215368e+00
2.591147958893990122e+01
-2.963156072965974275e+01
-2.035804057790476307e+01
-1.031924854473822961e+01
4.528292710590707770e+01
-9.830270876005991809e+00
-1.110212524175199356e+01
-1.822652505108645471e+01
-4.878051148213373978e+01
-3.229833819348387181e+01
4.907498284119843390e+01
-9.455222517498794943e+00
-1.701609795351267707e+01
4.845496354512043524e+01
-4.402289704972244522e+01
-7.467152253005119533e+00
1.332809811204120010e+01
4.698565736744818366e+01
2.383487569969488362e+01
2.721412864019908540e+01
2.678449261981637619e+01
1.467188801024518874e+01
4.073759632432982336e+00
-3.095912197001527311e+00
-2.121633730108059268e+01
4.980471841618883388e+01
