-2.837429589477281411e+01
-1.595413354578165865e+01
-3.423187079254142873e+01
-4.578167912057581646e+01
-1.804436486548646812e+01
2.576184207559530392e+01
2.475242966129438216e+01
1.124771114962355689e+01
-1.212503417527460314e+01
-9.052735356416792278e-01
2.341551858948966469e+01
-3.145449809838684985e+01
-9.056091068800204980e+00
5.745223060871666121e+00
1.569437540751193794e+01
-2.157226509619721355e+01
-4.336002296462302752e+01
3.363840600209054177e+00
3.115554180746196877e+01
-2.989374248823719427e+01
2.544289764064182080e+01
-1.866372128507502737e+01
1.975943937356712965e+01
-2.441731560380464572e+01
3.032144611708113402e+01
7.086629043792282090e+00
-1.240620828229634398e+01
3.173504150558408554e+01
-3.594449581019949846e+01
-3.429030372343095223e+01
-5.939981865027601948e+00
4.164411179183696987e+01
1.789038716216615654e+01
3.658181936259070621e+00
1.071619647048830437e+01
3.418781008612590000e+01
2.370326207770643023e+01
2.465530005582784057e+01
3.439085553718307864e+01
-3.610353816339219435e+01
2.848974452397256485e+01
-2.833520115568822551e+00
2.831006511617997745e+01
2.102053161300444373e+01
1.855671552017984505e+00
1.517378697434700641e+01
-5.458513310133652929e+00
3.969690908063484613e+01
1.172376077361077762e+01
-4.940086563515971818e+01
2.074530462398743680e+01
4.803658467265384502e+01
-4.278734272566523344e+01
-2.677800727791772673e+01
2.649597028322346759e+01
3.042258368902556143e+01
3.775287294108096603e+01
-4.625373223447314075e+01
-1.838435305788108920e+01
-2.267388311255403011e+01
3.752926084671837970e+01
7.865744577732147746e+00
1.927833123128653270e+01
-4.201540243424547327e+01
4.897328314811492334e+01
2.462301938361300202e+01
4.059039337853014473e+01
4.403387694717398659e+01
-4.530859139061914931e+01
-1.254000772520455698e+01
1.380616167285636742e+01
-2.550216649223552956e+00
-4.082766576725169472e+01
-3.019161259852904511e+00
2.594012383457323168e+01
-2.960473067911912182e+01
-2.033133079803565479e+01
-1.029170759622768117e+01
4.530911651292529285e+01
-9.804364037803470211e+00
-1.107757457534580681e+01
-1.820083451301701416e+01
-4.875523718439490040e+01
-3.227558145989847560e+01
4.909887537081143449e+01
-9.429429524691908426e+00
-1.699201825777215902e+01
4.848012215007092607e+01
-4.399930226100354247e+01
-7.444992339103805534e+00
1.335122740254699458e+01
4.700670478247143080e+01
2.386401781265230682e+01
2.724613340674775941e+01
2.689987308885108774e+01
1.515080940350198802e+01
4.751789991184619311e+00
-2.371797544688150516e+00
-2.056702893366890450e+01
5.025716178698823455e+01
