-2.029600600680192457e+01
-2.592254536052587000e+01
-4.132171874398382272e+01
-5.220972443726065393e+01
-2.146546316679383892e+00
2.512338155381264571e+01
1.413492342203599605e+01
3.923444870955735553e+01
-2.962431007615491652e+01
-5.064598402236519803e-01
2.009246066541938802e+01
-3.225160930318506303e+01
-4.442966730799717823e+00
-1.256881485427214784e-01
3.557849516177893179e+01
-3.355121047072003648e+01
-5.748585263598651807e+01
1.235690843309303233e+01
4.193392847771500698e+01
-3.703544675126266839e+01
6.291416808267864980e+00
-3.043381534036402769e+01
4.572375935891116683e+01
-2.782480952975237898e+01
3.590654760436494541e+01
2.052055018660955810e+01
-1.749442135988770275e+01
2.896898266491723462e+01
-3.360344286397445046e+01
-3.835796788425687254e+01
-1.351342677539654602e+01
5.897341825909610691e+01
1.204577910545561892e+01
4.715854985765755458e+00
-4.244004133154470004e+00
3.575617452102581240e+01
2.655101163154732546e+01
3.131760810983295329e+01
3.604471026589495608e+01
-4.325056122299291417e+01
3.848419099616180006e+01
-1.317613734641903456e+01
2.710899808770867381e+01
1.953608577512766686e+01
9.130638628488760844e+00
1.930746351642714131e+01
-4.628520828859393532e+00
2.717849379728405523e+01
5.778936604547983080e+00
-3.785503652218191206e+01
