-2.790478274612840437e+01
-2.057425209476891226e+01
-3.899890732150748107e+01
-3.456972525111040540e+01
-2.229898026901838293e+01
2.745455842186340689e+01
1.534391980930960386e+01
2.939074947086221457e+01
-1.704561261512213832e+01
-1.375936116690176547e+01
1.219014582410681946e+01
-2.972850858081547898e+01
7.193081523129046140e+00
2.348019688317356568e+01
4.240746431645948888e+00
-2.109762092637058117e+01
-3.471024589644775915e+01
-2.198960043418085064e+01
4.832032225371990819e+01
-2.852058231400400246e+01
2.359342725808886598e+01
-3.929679049410891878e+01
2.978968450916292809e+01
8.816046153045816069e+00
5.431400489516297725e+00
-1.264075532133452207e+01
-9.546784092138551614e-01
3.909023649947901191e+01
-5.094672941414349054e+01
-2.479865592351821846e+01
1.368637206803443185e+01
1.304157866065942883e+01
2.224967893419950116e+01
1.507798666385913400e+01
4.871175211978101771e+00
4.145042928763723467e+01
2.858479114901590279e+01
1.440058715652225629e+01
3.644392024563772736e+01
-2.169953497029762346e+01
1.535714274992589168e+01
2.482251978476677667e+00
1.206578036477892191e+01
3.452656317569991984e+01
1.221768888015086851e+01
-6.261539389111337783e+00
-5.174317612053235926e+00
4.979713500972454909e+01
-9.048652898701208258e-01
-4.203212641116176229e+01
