2.638960735251212242e+01
-4.212816582609075766e+01
2.454922212902722833e+00
-1.910052530107485325e+01
-1.713553450123033173e+01
4.365272151511675247e+00
-4.232039594508914604e+01
-4.775640300867518562e+01
-1.374659607471102163e+00
-3.226428519628771596e+01
-2.535473444253307918e+01
-1.621372311252705956e+01
-3.619364159456655727e+01
-5.614964477268999943e+00
2.004100581817738913e+01
1.023401818851630729e+01
-4.997391367510322624e+01
-3.428135572392883290e+01
-2.335162427160133802e+01
-1.174037142788527532e+01
-2.590608041245016224e+01
-2.705785055184682619e+01
-4.163949847820796890e+01
-2.138204649150144121e+01
-2.024429764217265060e+01
-1.284107006343855062e+01
-3.787742462645589825e+01
-3.225535881860692200e+01
-5.586951180985771259e+00
-3.243608095483456566e+01
-8.844651242567280747e+00
-2.654153604358302943e+01
-9.582702340227445603e+00
-4.811881695961434957e+01
-3.197484652092421697e+01
-3.145245247893390683e+01
-3.035973150280214483e+01
-2.603803355107482531e+01
-4.852254367168387006e+01
-2.242200411845707464e+01
3.144148766744899604e+01
-3.648386960777475707e+01
1.089847251578772536e+01
-3.091417123889972984e+01
-3.942999842058569016e+01
-3.841667400743645544e+01
-4.320361069920217290e+01
-1.238673474610143899e+01
-4.558643081804062547e+01
-4.288656847407673922e+01
-4.961714506719970785e+01
-3.130734970988381960e+01
-4.025771507534903293e+01
-3.329946858331071979e+01
-2.258041873365514363e+01
-3.182165554332392432e+01
-4.007963345971636215e+01
-2.066406417648618188e+01
7.313138970493305635e+00
-4.371362301195590305e+01
-1.128050138385177803e+01
-4.815586904234724841e+01
-1.880545589943470830e+01
-4.139482212281334483e+01
-4.696837426350172962e+01
-4.230131465786956824e+01
-3.801602332770954717e+01
-9.364843534770685096e+00
-3.588132752189547148e+01
-3.934950970074611831e+01
-4.524692402382960665e+01
9.549064223234537963e-02
-4.391786339135354922e+01
-1.765402354514262129e+01
4.448725790484041909e+01
3.020114619061477157e+01
-2.130268044765640312e+01
-4.198165941273454393e+01
-1.333294597179860119e+01
-3.442168858659248087e+01
4.191990736988361732e+01
-4.022318232768795099e+01
-4.352494004291891372e+01
-2.259253226255236413e+01
-4.381534667161545826e+01
-4.587612207082432292e+01
-1.755242487319314648e+01
-3.015713753857053092e+01
-4.448160238384343756e+01
6.556845366524585828e+00
-4.487902712143045392e+01
4.066143205483362522e+01
-2.408166670323419112e+01
-2.943957069479966293e+01
-5.753925849274079241e+00
-1.950759086947503818e+01
-3.467044030926969356e+01
-1.706909975923841927e+01
-9.959560560824515463e+00
-2.867137614128352396e+01
