-2.829625602305354803e+01
-1.620980563857940737e+01
-3.440141568933736949e+01
-4.562918551605577733e+01
-1.800017999441973870e+01
2.550822231647186555e+01
2.466682770658765023e+01
1.119567198438002897e+01
-1.227899352072449624e+01
-1.143062604480441724e+00
2.355785171720197368e+01
-3.168342436095323578e+01
-9.001365604376321272e+00
5.752270182764491757e+00
1.593506833014513546e+01
-2.162281135185643066e+01
-4.330845950623483986e+01
3.267935999073722453e+00
3.114032929562660001e+01
-3.002696161753239323e+01
2.539500128602344375e+01
-1.904126310085000284e+01
1.925448540171932521e+01
-2.437413959570754685e+01
3.021959181151727947e+01
7.175132971862536735e+00
-1.250070687938282354e+01
3.163765949290216994e+01
-3.612543983267568848e+01
-3.402110083235679383e+01
-6.007241597727818849e+00
4.157538841683753361e+01
1.781475572770414217e+01
3.404878113604095979e+00
1.071733300364244634e+01
3.410993267033752829e+01
2.373589836726562652e+01
2.472606972484376797e+01
3.418051511740164727e+01
-3.622764122429127553e+01
2.818860579058663518e+01
-3.068055717401714677e+00
2.826158906435337315e+01
2.087762252258154660e+01
2.070380411195816173e+00
1.521084130258700817e+01
-5.504337296597835660e+00
3.973714380783199829e+01
1.175250279678114040e+01
-4.931925061664779975e+01
