-2.862931293187137527e+01
-1.617631491113203523e+01
-3.446963830903296611e+01
-4.606116794438062811e+01
-1.804785062672209506e+01
2.563716871078294801e+01
2.490603224281011308e+01
1.109612568249474762e+01
-1.202773451225882795e+01
-9.765074794308432615e-01
2.365119815963936745e+01
-3.146364119029584927e+01
-9.139842832399473593e+00
5.699970671594964955e+00
1.586154965577177123e+01
-2.143546387039703305e+01
-4.320600338269036911e+01
3.416606202844428175e+00
3.105028272884129237e+01
-2.988209032754846106e+01
2.524445440982681532e+01
-1.887749958086651603e+01
1.973526762937196821e+01
-2.467459617116172410e+01
3.023291807461990643e+01
7.251110454934707406e+00
-1.242209678049598232e+01
3.167338930031932875e+01
-3.605021720186819323e+01
-3.431435515758515464e+01
-5.856548283105673214e+00
4.153996724752871472e+01
1.795709129117307157e+01
3.685455452845629143e+00
1.061395501932162411e+01
3.393099355228292069e+01
2.371439369859622914e+01
2.483978214440185184e+01
3.423071800567431922e+01
-3.601333451294035370e+01
2.830666526534343674e+01
-2.755093245202518304e+00
2.829149943067580253e+01
2.088257000096534099e+01
1.908770364120546459e+00
1.512927395476795667e+01
-5.235264371899354785e+00
3.993537493034981622e+01
1.171602907970651586e+01
-4.926013083476530596e+01
