-3.371454414934108001e+01
-3.184608560084435602e+00
-4.307070021157981188e+01
-5.910001040364792857e+01
-1.427266875506389532e+01
2.815809542017966294e+01
3.210316994190321793e+01
4.258591076729655533e+00
2.596886044394412174e+00
-1.036594619843403642e+01
2.589462691865513833e+01
-1.712983436131148451e+01
-1.969281936335848116e+01
7.139866967974155543e-01
1.249760245255514235e+01
-3.288082749657444737e+01
-3.399021784517933042e+01
4.423263677319116738e+00
3.782669802654577751e+01
-3.428899867838542548e+01
3.630601025026834350e+01
-2.819621398115037891e+01
1.894705445949551859e+01
-3.304380933801252240e+01
4.326683404151260248e+01
7.239843135375689798e-01
-9.335216585511361131e-01
2.765005439733411663e+01
-3.659305142628753771e+01
-3.983034115918149354e+01
1.266742084312895145e-01
4.847541697596892618e+01
1.780417077751530286e+01
-1.042448909887014175e+01
2.117874461536840158e+01
2.991440592470449644e+01
2.751007267729488248e+01
3.025018217101714413e+01
2.573117696777758212e+01
-4.285338508047991724e+01
3.480455354199293794e+01
-8.001471760522852250e+00
2.916554063845456568e+01
3.119226586611830143e+01
2.412538208911080506e+00
7.309862754164361931e+00
1.047772697010464604e+00
3.222239476785134116e+01
6.019262126814129310e+00
-4.269495003302940006e+01
