-3.625347877532161789e+01
-2.535844530295855215e+00
-4.342323375614147096e+01
-4.513619373418448077e+01
-7.540493723569336559e+00
2.404350771964029576e+01
2.461743438557790853e+01
-6.399647200952138348e+00
-2.135878445088138733e+01
3.514274135430476065e+01
9.505488517154370598e+00
-3.090880920997278736e+01
-1.599469821608630937e+01
-3.844524621354580063e+00
2.177848145481377529e+01
-1.147141402516308872e+01
-5.091493348680074149e+01
-7.605345492504948623e+00
4.349838909162178879e+01
-3.709665221965281745e+01
3.995685411178176594e+01
-3.528193776227089984e+01
3.346637943985356145e+01
-1.765247653238168724e+01
1.603075925770192356e+01
5.728467427252869726e+00
9.763234501619342254e+00
1.611639994693770817e+01
-4.241159649035845547e+01
-2.610978004361450999e+01
-5.007535532285016799e+00
4.241795862452822519e+01
2.154214112393651703e+01
-3.510225480654711738e+00
2.219239946673925346e+01
2.195816768111269113e+01
3.498620248842705394e+01
1.220699414314867326e+01
5.205891143141599997e+01
-4.710095568380963726e+01
2.761695450004735264e+01
-5.918731266654712719e+00
3.049191824533151518e+01
2.562236944069861266e+01
6.403129494265099808e+00
1.164120603359049788e+01
-6.077654896484236069e+00
2.776544390788423655e+01
1.147292637470246390e+01
-4.720944147133741353e+01
