2.038389467837138369e+01 0.000000000000000000e+00
2.047708960826038904e+01 0.000000000000000000e+00
1.979186249568012812e+01 0.000000000000000000e+00
1.965070686245789489e+01 0.000000000000000000e+00
1.974716111233073335e+01 0.000000000000000000e+00
2.013124700980050363e+01 0.000000000000000000e+00
2.080947443897769134e+01 0.000000000000000000e+00
1.848676596350061274e+01 0.000000000000000000e+00
1.861403942099769893e+01 0.000000000000000000e+00
1.999897996351218055e+01 0.000000000000000000e+00
1.852962266763755039e+01 0.000000000000000000e+00
2.176306052064843044e+01 0.000000000000000000e+00
1.968326498767055810e+01 0.000000000000000000e+00
1.834542677483340256e+01 0.000000000000000000e+00
1.902755700339037759e+01 0.000000000000000000e+00
1.942373903757500386e+01 0.000000000000000000e+00
1.888354337172740571e+01 0.000000000000000000e+00
2.158698814269109079e+01 0.000000000000000000e+00
2.053576679270217653e+01 0.000000000000000000e+00
1.985681325739212610e+01 0.000000000000000000e+00
1.986422667131570918e+01 0.000000000000000000e+00
1.915792972246886450e+01 0.000000000000000000e+00
1.926703102930769873e+01 0.000000000000000000e+00
1.970660933766140843e+01 0.000000000000000000e+00
1.992104230413978172e+01 0.000000000000000000e+00
