-1.309502829432291904e+00
-1.090450527145236714e+00
5.319262766342167659e+00
5.489209529692104184e+00
2.731556703339030334e-01
-3.718679815348708839e+00
-2.948506163926606138e+00
-1.909886120431559364e+00
2.229060013557809583e+00
2.377580918576083668e+00
4.648967464539269123e+00
-2.452645434246569778e+00
-3.173522711391342899e+00
2.133134028596011866e+00
4.915937158998683998e+00
3.997734611115467906e+00
-3.490209677375354591e+00
1.365961335991325187e+00
2.073157017126395552e+00
2.992608787244290802e+00
4.788935824427070109e+00
-2.707017934759622602e+00
-7.392600387415348973e-01
-4.069852894344742289e+00
1.239849060924764490e-01
-7.064558705582263051e-03
-4.763318381422658732e+00
-1.399594263514093218e+00
-8.674641567412134935e-02
-1.067221530446706090e+00
