-2.667763751632046976e+01
-2.765977351169471632e+01
-1.824965642748567873e+01
-5.049389357932216171e+01
-1.608739689651158500e+01
3.684224994299722056e+01
1.394055008997292866e+01
1.712646435068425887e+01
-2.722664024192100740e+00
1.224839008281823993e+01
4.196917105930788594e+00
-2.689807900356846915e+01
-3.258100095951396469e+01
2.127810267812368750e+01
7.460966573199375063e+00
-2.473737664775650913e+01
-3.975981586980093141e+01
1.903359194022254286e+00
3.503953531749048267e+01
-1.751025781687513927e+01
2.521122118862864525e+01
-1.805130071305124417e+01
1.781004903735560418e+00
-3.390961207760079787e+01
1.725423211288740077e+01
3.985289545290200408e+00
-1.120493568778419657e+01
2.983755492458931968e+01
-4.302282807486994898e+01
-5.154354465157906162e+01
-1.163016337222083862e+01
4.386649741645036471e+01
4.222774444385700576e+01
8.373028579616262235e+00
1.648621501337694895e+01
3.917225013059577776e+01
2.189981841238612859e+01
2.572402139587747172e+01
3.285918749433252373e+01
-3.590966771140242031e+01
2.585903309656570315e+01
5.049948125218803874e+00
2.899558256353574848e+01
2.044084677403284189e+01
1.984220865186973271e+01
2.257805180930396460e+01
-6.874045954936820024e+00
3.599191382751530455e+01
1.385497782213227325e+01
-4.229192831524572682e+01
1.850348022111231927e+01
4.030797649228029655e+01
-4.872448008377429574e+01
-3.710302017749160086e+01
3.461911914046014260e+01
3.716096006711485700e+01
4.258144922055798531e+01
-6.092200792140542376e+01
2.203893161975837955e+00
-1.864231400886755452e+01
3.676060946060580648e+01
6.751890263985357521e+00
1.038654358551701762e+01
-4.028333380848545175e+01
5.775753054684003729e+01
2.789853504526170624e+01
5.556907433748826719e+01
2.243823702349076044e+01
-4.601912417503651653e+01
-4.005523073088568253e+00
2.734136984440745621e+01
-9.896994464974710581e+00
-3.901432102637204480e+01
-9.695399908679558365e+00
2.062543386755018560e+01
-3.095499622216696878e+01
-8.858113116712040380e+00
-2.790567543852315424e+01
5.666153813534005934e+01
-5.362814375812963164e+00
4.917881262678360343e+00
-2.907172401312793397e+01
-4.823632058613775797e+01
-3.428656661906210701e+01
4.741800012294903155e+01
-2.800986752783745004e+01
-2.311188904639514163e+01
4.988162871410694521e+01
-3.268053150421159359e+01
-2.531705659794290142e+01
1.936780700258966448e+01
4.529963069620418992e+01
3.470210747645283789e+01
2.306247023439148336e+01
1.988977941431835461e+01
2.825434402309125126e+00
1.261693196248925197e+01
4.245058868118998241e+00
-1.870582082015218361e+00
6.604629911024279920e+01
