-3.661195868755813621e+01
-3.661757740672757677e+01
-3.660840402882624289e+01
-1.003772943595548568e+05
-3.661653896644062911e+01
-1.002373656780745659e+05
-3.661932645775521422e+01
-3.662297436528951522e+01
-3.661875369950654857e+01
-1.002375862774096022e+05
-3.661910525570486641e+01
-3.662510063467914989e+01
-3.662404488198021113e+01
-3.663943375357133192e+01
-3.661908169256108181e+01
-3.661138923705425441e+01
-3.661603030623641075e+01
-3.660979187943467394e+01
-3.683196665989335372e+01
-3.662243781569378598e+01
-3.662212564820343630e+01
-3.662258750144130914e+01
-3.662726930863823327e+01
-3.668711269118471563e+01
-3.664570990844335796e+01
