-1.306479381774571236e+00
-1.088503478571198668e+00
5.327910236690742707e+00
5.508406567746969351e+00
2.973724188535108448e-01
-3.671801290475850799e+00
-2.867766900521929507e+00
-1.776333695542805735e+00
2.459990909575946461e+00
2.798689941715122309e+00
5.319473984976401226e+00
-1.585801942242677232e+00
-2.211889228405451657e+00
3.120474387617232725e+00
5.897831882650375945e+00
4.977044106445011273e+00
-2.510214569133276896e+00
2.348290194368115813e+00
3.045728504736671560e+00
3.982950979752180931e+00
5.778456009366916390e+00
-1.711418357178068117e+00
2.535343378538389980e-01
-3.074240907341775575e+00
1.115057667436255118e+00
9.871109908877485628e-01
-3.770522631248086398e+00
-4.058029773311316868e-01
8.989990645361305432e-01
-6.586786024802229744e-02
4.060573682159003717e+00
-1.478850005939506829e-01
-3.914271083159189146e+00
3.982640202841006172e+00
7.946128780336125796e-02
4.228007578230551289e+00
2.572382154929725662e+00
-3.710346278363755523e+00
-4.934488707691456755e-01
1.910750144770474668e+00
-1.213019444648672174e+00
1.313843562111085772e+00
-2.582789199860556550e+00
3.530288822933027149e+00
1.718505162419595944e+00
1.749549758267128885e+00
3.519416338981654846e+00
-6.758628875831488303e-01
-1.947055678662960032e+00
-1.525075224266803753e+00
