-1.306479381774689363e+00
-1.088503478571273053e+00
5.327910236690754253e+00
5.508406567746970239e+00
2.973724188535122881e-01
-3.671801290475799284e+00
-2.867766900521825590e+00
-1.776333695542751334e+00
2.459990909576072138e+00
2.798689941715147622e+00
5.319473984976416325e+00
-1.585801942242691887e+00
-2.211889228405489849e+00
3.120474387617214518e+00
5.897831882650368840e+00
4.977044106444990845e+00
-2.510214569133292439e+00
2.348290194368116257e+00
3.045728504736692877e+00
3.982950979752160503e+00
5.778456009366930601e+00
-1.711418357178071448e+00
2.535343378538645331e-01
-3.074240907341762252e+00
1.115057667436265332e+00
9.871109908877430117e-01
-3.770522631248060197e+00
-4.058029773311214727e-01
8.989990645361248811e-01
-6.586786024804945627e-02
4.060573682159001940e+00
-1.478850005939130741e-01
-3.914271083159194919e+00
3.982640202840963095e+00
7.946128780338673758e-02
4.228007578230525532e+00
2.572382154929747422e+00
-3.710346278363762629e+00
-4.934488707691361831e-01
1.910750144770449355e+00
-1.213019444648598011e+00
1.313843562111121077e+00
-2.582789199860514806e+00
3.530288822933000059e+00
1.718505162419470045e+00
1.749549758267001209e+00
3.519416338981400827e+00
-6.758628875836243388e-01
-1.947055678663984324e+00
-1.525075224268852336e+00
