-2.845759618981754002e+01
-1.593771126923922843e+01
-3.432447092430152935e+01
-4.595545968066242892e+01
-1.820125507644948470e+01
2.565602968856429200e+01
2.451284422145670305e+01
1.091453464324456846e+01
-1.222272409774504354e+01
-7.356485769544329756e-01
2.358183469984949099e+01
-3.175863672984735331e+01
-9.373949977727374261e+00
5.316065948459373303e+00
1.553269515246256383e+01
-2.149276960197853370e+01
-4.329119675870195749e+01
3.518121403330521701e+00
3.104237225912287812e+01
-2.982380559601175207e+01
2.536550464407389072e+01
-1.865763602906173446e+01
1.975168321035749130e+01
-2.438315990601207517e+01
3.029580482783433482e+01
6.762404369740018240e+00
-1.252309052008275714e+01
3.199819795391185551e+01
-3.567731335914817947e+01
-3.465886197351491660e+01
