-2.857287676210911442e+01
-1.602069291683105234e+01
-3.426735013393133755e+01
-4.581811210096049791e+01
-1.807978114653935720e+01
2.572567904756711954e+01
2.471656391419655208e+01
1.121571948765566873e+01
-1.213661711224662021e+01
-9.155066616150719927e-01
2.340530968678244506e+01
-3.146470652707662197e+01
-9.066299489073179174e+00
5.735014630955977744e+00
1.568416698579613211e+01
-2.158247350519708974e+01
-4.337023138756796925e+01
3.353632175445793173e+00
3.114533337189935125e+01
-2.990395090971032488e+01
2.543268921960184770e+01
-1.867392971671634427e+01
1.974923095187246957e+01
-2.442752402217331564e+01
3.031123770154658459e+01
7.076420613947172811e+00
-1.241641670294129796e+01
3.172483308034212968e+01
-3.595470423494973033e+01
-3.430051214890335842e+01
