-7.422576640724337649e-01
5.887665822658235015e+00
6.496398706081508045e+00
9.126616647520659598e+00
9.309076385658210384e+00
7.074102408438486478e+00
-9.490703898693940488e+00
-4.284320254687724372e+00
-4.293456408448081518e+00
-8.677432158133472129e+00
2.631893558035198755e+00
-2.064172319435786829e+00
6.382968240950924077e+00
-8.095076451838890463e+00
-6.197830492972803640e+00
-9.494215372985131296e+00
-9.798883543934955753e+00
-9.732980627928462525e+00
-4.074142907912552403e+00
-7.743062500108713664e+00
-8.655134218222021447e-01
2.346826177036638039e-01
-4.214347510515461526e-01
-4.020309697550596972e+00
-9.332491089199697498e+00
5.739061430728115809e+00
9.197163583817303589e+00
5.150629675981052813e+00
4.124207650983887419e+00
-4.180300501387283596e+00
3.924075611145054765e+00
1.723505619190869309e+00
-3.181712796839453183e+00
1.296357346442438052e+00
-7.851551637750178614e+00
9.202867393133917773e+00
3.382669221344138055e+00
3.949771406720650635e+00
-7.005475430585009988e+00
-5.937088914815901397e+00
1.852039541306902543e-02
2.590127902743089017e+00
9.268698913484389124e+00
9.976011563962559947e+00
-5.025932676102278229e+00
2.606007433730891609e+00
-9.531035321127648174e+00
-3.713022050502689630e+00
5.486376679695303515e+00
5.411369800343432068e+00
3.534397242392297134e+00
-8.662733720957959349e+00
-4.131144923248369905e-02
4.091046795997230312e+00
-8.495640437594427219e-01
4.139488786446523960e+00
2.409864268127905440e+00
4.106246226236383912e+00
3.762896581813711006e+00
2.855085629430688776e+00
-9.292154127079021109e+00
-2.971391043722162006e+00
-5.122716122940159877e+00
-2.144229152063252375e+00
-9.005677281448186022e+00
-3.138749665190667226e+00
-3.466312070728144068e+00
-1.124407823092703707e+00
-7.542077011672050801e+00
5.952719863121409993e+00
-3.753819281896130899e+00
7.877476659204092790e+00
-1.472751952789779661e+00
-2.552475193663851893e+00
7.898116152034132753e+00
8.061200773932696961e+00
-1.346556686557581095e+00
9.852094154754578170e+00
2.707303217173974708e-01
3.989979594749770264e+00
2.970346227528024574e-01
-6.254589805212039444e+00
-7.275071453503132446e+00
-9.204078505498864970e-01
4.624423214542352056e+00
-2.743346873781310258e+00
9.774829003524555304e+00
9.085736804154553425e+00
5.279884167477357337e+00
5.792369544653706848e-02
6.692089988221594510e+00
-5.756793923936172952e+00
8.930376305095510503e+00
7.540570232599089984e+00
-1.885304370306683186e+00
-1.258898436478160132e+00
-9.164378840535354342e+00
6.404997026557607498e+00
-2.485506675245015451e+00
4.642017372763612038e+00
