-7.420293783258409270e-01
5.887126585400238810e+00
6.497280922098068068e+00
9.126368530732845485e+00
9.308754742047733899e+00
7.074241009520120471e+00
-9.490077624029632730e+00
-4.284572286223741422e+00
-4.293187227699169384e+00
-8.677063161974986727e+00
2.631690716064621238e+00
-2.064896455110828200e+00
6.382695826942656581e+00
-8.094455255754164469e+00
-6.198234514578402354e+00
-9.495020598207851492e+00
-9.798615580539051351e+00
-9.732637235717890078e+00
-4.074049412753927513e+00
-7.743390610090293613e+00
-8.656811865342188828e-01
2.346655641913503176e-01
-4.215843276714236199e-01
-4.020874770625390227e+00
-9.332892642590534749e+00
5.739252306825323835e+00
9.196373257089547337e+00
5.150818851148622812e+00
4.123574888839284469e+00
-4.180552886367958187e+00
3.923879169895020613e+00
1.723128911486951909e+00
-3.182087796658289669e+00
1.296173028760325252e+00
-7.850750327071879475e+00
9.203284344201938083e+00
3.382790541999577183e+00
3.950525127396601111e+00
-7.006112436124751319e+00
-5.937523185271405879e+00
1.752996792995912753e-02
2.588810499151897648e+00
9.269022881005012593e+00
9.975959407228826237e+00
-5.025377332689723531e+00
2.606114369472363634e+00
-9.530730178238332684e+00
-3.713361890219020189e+00
5.486472766171258009e+00
5.410918366198540497e+00
3.534458291633002069e+00
-8.663352875947035514e+00
-4.182699015623877331e-02
4.092067977972326354e+00
-8.494863702114887616e-01
4.138785175877095490e+00
2.410468785357437582e+00
4.107300306717027283e+00
3.763383202733218802e+00
2.855122187574864245e+00
-9.292227000662713010e+00
-2.971026575582075946e+00
-5.121876443749896701e+00
-2.143339227796807300e+00
-9.004760419585569053e+00
-3.138348403478421922e+00
-3.466653725961430954e+00
-1.124349196729863332e+00
-7.541345769793716514e+00
5.953537852524669383e+00
-3.753971468056061855e+00
7.877102411416824879e+00
-1.471625809163106258e+00
-2.552615819868638614e+00
7.898747600457003415e+00
8.060981510548081985e+00
-1.347507915022384317e+00
9.851917174425148360e+00
2.706196310439050179e-01
3.989134814073568513e+00
2.974836972608499441e-01
-6.254184603996983505e+00
-7.274682510193746232e+00
-9.198236036612710276e-01
4.623945044850046315e+00
-2.744087179114875319e+00
9.775506250643347883e+00
9.085520108706152342e+00
5.279903488661113364e+00
5.792396609036620098e-02
6.692046176899395959e+00
-5.756831872798152006e+00
8.929697436459843374e+00
7.540421979283331133e+00
-1.885383418880409501e+00
-1.259148471721823981e+00
-9.164942104236059706e+00
6.405246852088655629e+00
-2.485295156933673866e+00
4.642033295044119434e+00
