-1.306479381774470427e+00
-1.088503478571029026e+00
5.327910236690814649e+00
5.508406567747109683e+00
2.973724188535020185e-01
-3.671801290476029322e+00
-2.867766900522110696e+00
-1.776333695543008906e+00
2.459990909575896723e+00
2.798689941715060581e+00
5.319473984976371028e+00
-1.585801942242719642e+00
-2.211889228405454322e+00
3.120474387617062195e+00
5.897831882650399926e+00
4.977044106444926896e+00
-2.510214569133351059e+00
2.348290194368062522e+00
3.045728504736572528e+00
3.982950979752227116e+00
5.778456009366924384e+00
-1.711418357177960869e+00
2.535343378538603698e-01
-3.074240907341659668e+00
1.115057667436329059e+00
9.871109908878125117e-01
-3.770522631248007794e+00
-4.058029773310972699e-01
8.989990645361897181e-01
-6.586786024795750205e-02
4.060573682158973519e+00
-1.478850005939826850e-01
-3.914271083159166498e+00
3.982640202841072785e+00
7.946128780341749076e-02
4.228007578230507768e+00
2.572382154929708342e+00
-3.710346278363820804e+00
-4.934488707691710996e-01
1.910750144770475112e+00
-1.213019444648612888e+00
1.313843562111122409e+00
-2.582789199860608509e+00
3.530288822932956094e+00
1.718505162419577736e+00
1.749549758267145982e+00
3.519416338981711245e+00
-6.758628875831993454e-01
-1.947055678662752864e+00
-1.525075224266688956e+00
6.162863639869751997e-02
1.078853380296145859e-01
5.436840751728898802e+00
-1.921134022374365813e+00
5.015802690906800088e+00
5.215784957525346321e+00
-1.295315387495307391e+00
5.433905010085219089e+00
-3.856191289283744883e+00
1.060027054828167392e+00
5.643153088011542806e+00
4.271386658524875202e+00
2.587973918489316461e+00
2.326092984434116495e+00
2.753826694060568681e+00
1.174592240909489771e+00
-3.681458679583963001e+00
-1.219473613562780834e+00
-1.736837528327908053e+00
9.867294125879970679e-01
5.036272677225241523e+00
4.389892447653519270e+00
4.162500219165022664e+00
6.074666095413040479e-01
1.764813810312532594e+00
2.694133166591901496e+00
2.094846383223982311e+00
-2.938587565153236270e+00
-5.880355435419321042e-01
-3.917884185854105361e+00
-2.840856768840961166e+00
5.895566472373446665e+00
3.730268794144789624e+00
3.758310500352351369e+00
-1.723239016534582335e+00
3.139078169165813392e+00
-3.238447945750760670e+00
1.421146417730386746e+00
2.320543512037117395e+00
5.098819663693501703e+00
5.657113362607266854e-02
2.945930908944037085e+00
2.393696557645088152e+00
2.021760823979831923e+00
7.876923075864258328e-01
-3.382872497560589942e+00
1.428850266517536216e+00
4.807645114684570231e+00
8.579874312467462572e-01
9.997133015024404212e-01
