-1.306479381774215520e+00
-1.088503478570919558e+00
5.327910236690430068e+00
5.508406567747052840e+00
2.973724188534781487e-01
-3.671801290475880997e+00
-2.867766900522153328e+00
-1.776333695542458235e+00
2.459990909575949569e+00
2.798689941715152507e+00
5.319473984976651693e+00
-1.585801942242694107e+00
-2.211889228405592434e+00
3.120474387617074186e+00
5.897831882650220514e+00
4.977044106444802551e+00
-2.510214569133301765e+00
2.348290194367893768e+00
3.045728504736653797e+00
3.982950979752311049e+00
5.778456009366720991e+00
-1.711418357178121630e+00
2.535343378537995851e-01
-3.074240907341718732e+00
1.115057667436353039e+00
9.871109908877485628e-01
-3.770522631248018897e+00
-4.058029773312346045e-01
8.989990645362337940e-01
-6.586786024798788053e-02
4.060573682159078324e+00
-1.478850005939459922e-01
-3.914271083159079012e+00
3.982640202841067900e+00
7.946128780323580276e-02
4.228007578230731589e+00
2.572382154929869547e+00
-3.710346278363834571e+00
-4.934488707692777920e-01
1.910750144770394732e+00
-1.213019444648871570e+00
1.313843562110899255e+00
-2.582789199860812790e+00
3.530288822932988513e+00
1.718505162419446064e+00
1.749549758267002986e+00
3.519416338981548265e+00
-6.758628875832697336e-01
-1.947055678663150990e+00
-1.525075224266938090e+00
6.162863639847716846e-02
1.078853380294502451e-01
5.436840751728820642e+00
-1.921134022374336503e+00
5.015802690907009698e+00
5.215784957525367638e+00
-1.295315387495405091e+00
5.433905010085219089e+00
-3.856191289283699586e+00
1.060027054828313942e+00
5.643153088011540142e+00
4.271386658525105240e+00
2.587973918489570924e+00
2.326092984434187549e+00
2.753826694060676594e+00
1.174592240909446472e+00
-3.681458679583820004e+00
-1.219473613562671810e+00
-1.736837528327891622e+00
9.867294125881389544e-01
5.036272677225412941e+00
4.389892447653740426e+00
4.162500219164561699e+00
6.074666095412351030e-01
1.764813810312758413e+00
2.694133166592137307e+00
2.094846383223926356e+00
-2.938587565153291781e+00
-5.880355435417699006e-01
-3.917884185854065393e+00
-2.840856768841292901e+00
5.895566472373033662e+00
3.730268794145023215e+00
3.758310500352483263e+00
-1.723239016534478640e+00
3.139078169165553156e+00
-3.238447945750984935e+00
1.421146417730190681e+00
2.320543512036902012e+00
5.098819663692987447e+00
5.657113362570481696e-02
2.945930908943664051e+00
2.393696557644404699e+00
2.021760823979362964e+00
7.876923075859434409e-01
-3.382872497561033587e+00
1.428850266516974665e+00
4.807645114682795651e+00
8.579874312434394579e-01
9.997133014952388486e-01
