-1.306479381774541704e+00
-1.088503478571260397e+00
5.327910236690684087e+00
5.508406567746905402e+00
2.973724188535057378e-01
-3.671801290475790847e+00
-2.867766900521896201e+00
-1.776333695542778202e+00
2.459990909575969997e+00
2.798689941715138296e+00
5.319473984976402114e+00
-1.585801942242634155e+00
-2.211889228405461427e+00
3.120474387617229173e+00
5.897831882650335977e+00
4.977044106444996174e+00
-2.510214569133222717e+00
2.348290194368128248e+00
3.045728504736697317e+00
3.982950979752171605e+00
5.778456009366912838e+00
-1.711418357178044136e+00
2.535343378538735259e-01
-3.074240907341782236e+00
1.115057667436184285e+00
9.871109908876766204e-01
-3.770522631248090839e+00
-4.058029773311092603e-01
8.989990645361568555e-01
-6.586786024801798145e-02
4.060573682159032138e+00
-1.478850005939489898e-01
-3.914271083159138520e+00
3.982640202841062571e+00
7.946128780337438635e-02
4.228007578230597474e+00
2.572382154929716780e+00
-3.710346278363779948e+00
-4.934488707690903309e-01
1.910750144770502423e+00
-1.213019444648677725e+00
1.313843562111038477e+00
-2.582789199860591633e+00
3.530288822932971193e+00
1.718505162419554644e+00
1.749549758267143318e+00
3.519416338981662395e+00
-6.758628875831157456e-01
-1.947055678662900746e+00
-1.525075224266583929e+00
6.162863639879721106e-02
1.078853380295402703e-01
5.436840751728743371e+00
-1.921134022374452632e+00
5.015802690906704164e+00
5.215784957525156251e+00
-1.295315387495310500e+00
5.433905010085206655e+00
-3.856191289283878998e+00
1.060027054828054593e+00
5.643153088011408691e+00
4.271386658524855662e+00
2.587973918489360425e+00
2.326092984434139144e+00
2.753826694060677927e+00
1.174592240909566598e+00
-3.681458679583903049e+00
-1.219473613562826797e+00
-1.736837528327974223e+00
9.867294125880259337e-01
5.036272677225261063e+00
4.389892447653671148e+00
4.162500219164903648e+00
6.074666095413162603e-01
1.764813810312542364e+00
2.694133166591852202e+00
2.094846383223955222e+00
-2.938587565153232273e+00
-5.880355435421096288e-01
-3.917884185854177748e+00
-2.840856768841223623e+00
5.895566472373210409e+00
3.730268794144714128e+00
3.758310500352419758e+00
-1.723239016534667378e+00
3.139078169165691268e+00
-3.238447945750849044e+00
1.421146417730289269e+00
2.320543512037162692e+00
5.098819663693419102e+00
5.657113362619013708e-02
2.945930908944014881e+00
2.393696557644861223e+00
2.021760823979593447e+00
7.876923075862203305e-01
-3.382872497560704517e+00
1.428850266517326384e+00
4.807645114684301113e+00
8.579874312463369179e-01
9.997133015010629675e-01
