-1.306479381774582338e+00
-1.088503478571168692e+00
5.327910236690755141e+00
5.508406567746942706e+00
2.973724188535109003e-01
-3.671801290475835255e+00
-2.867766900521894424e+00
-1.776333695542790192e+00
2.459990909575956231e+00
2.798689941715144958e+00
5.319473984976418102e+00
-1.585801942242683005e+00
-2.211889228405456098e+00
3.120474387617254930e+00
5.897831882650387492e+00
4.977044106445017491e+00
-2.510214569133284890e+00
2.348290194368100714e+00
3.045728504736648912e+00
3.982950979752175158e+00
5.778456009366937707e+00
-1.711418357178084770e+00
2.535343378538666981e-01
-3.074240907341796447e+00
1.115057667436230027e+00
9.871109908877413464e-01
-3.770522631248128587e+00
-4.058029773311651045e-01
8.989990645361000121e-01
-6.586786024803081840e-02
4.060573682158989506e+00
-1.478850005939458812e-01
-3.914271083159164277e+00
3.982640202841012389e+00
7.946128780337237407e-02
4.228007578230565500e+00
2.572382154929754527e+00
-3.710346278363738648e+00
-4.934488707691078724e-01
1.910750144770493764e+00
-1.213019444648659961e+00
1.313843562111070673e+00
-2.582789199860574314e+00
3.530288822932976078e+00
1.718505162419590393e+00
1.749549758267118449e+00
3.519416338981684600e+00
-6.758628875831121929e-01
-1.947055678662870548e+00
-1.525075224266657203e+00
6.162863639865123755e-02
1.078853380294818726e-01
5.436840751728818866e+00
-1.921134022374422212e+00
5.015802690906761008e+00
5.215784957525187338e+00
-1.295315387495383996e+00
5.433905010085197773e+00
-3.856191289283850132e+00
1.060027054828096782e+00
5.643153088011445107e+00
4.271386658524854774e+00
2.587973918489357317e+00
2.326092984434120936e+00
2.753826694060693026e+00
1.174592240909490215e+00
-3.681458679583888394e+00
-1.219473613562810810e+00
-1.736837528327978442e+00
9.867294125880835542e-01
5.036272677225315242e+00
4.389892447653665819e+00
4.162500219164894766e+00
6.074666095412943889e-01
1.764813810312522602e+00
2.694133166591889061e+00
2.094846383223909037e+00
-2.938587565153215841e+00
-5.880355435420848709e-01
-3.917884185854225265e+00
-2.840856768841201418e+00
5.895566472373229949e+00
3.730268794144717237e+00
3.758310500352399330e+00
-1.723239016534762635e+00
3.139078169165692600e+00
-3.238447945750806856e+00
1.421146417730311473e+00
2.320543512037099187e+00
5.098819663693504367e+00
5.657113362626092767e-02
2.945930908944128124e+00
2.393696557645023315e+00
2.021760823979775079e+00
7.876923075863003776e-01
-3.382872497560494018e+00
1.428850266517790457e+00
4.807645114685251464e+00
8.579874312481720056e-01
9.997133015050174709e-01
