-1.306479381774594106e+00
-1.088503478571233085e+00
5.327910236690653001e+00
5.508406567747010207e+00
2.973724188536014390e-01
-3.671801290475770863e+00
-2.867766900521912632e+00
-1.776333695542711810e+00
2.459990909576079243e+00
2.798689941715155616e+00
5.319473984976455405e+00
-1.585801942242746287e+00
-2.211889228405521823e+00
3.120474387617251821e+00
5.897831882650480750e+00
4.977044106444983740e+00
-2.510214569133245366e+00
2.348290194368121142e+00
3.045728504736682218e+00
3.982950979752158727e+00
5.778456009367002544e+00
-1.711418357178017713e+00
2.535343378538525427e-01
-3.074240907341744045e+00
1.115057667436186950e+00
9.871109908876963823e-01
-3.770522631248046430e+00
-4.058029773311203625e-01
8.989990645361293220e-01
-6.586786024796660588e-02
4.060573682159021480e+00
-1.478850005939575385e-01
-3.914271083159252207e+00
3.982640202840961319e+00
7.946128780338540532e-02
4.228007578230482011e+00
2.572382154929693687e+00
-3.710346278363752415e+00
-4.934488707691214726e-01
1.910750144770495540e+00
-1.213019444648710587e+00
1.313843562111098873e+00
-2.582789199860618723e+00
3.530288822932988957e+00
1.718505162419575516e+00
1.749549758267173294e+00
3.519416338981651293e+00
-6.758628875831508287e-01
-1.947055678662884981e+00
-1.525075224266593921e+00
6.162863639870682503e-02
1.078853380295456826e-01
5.436840751728865939e+00
-1.921134022374387795e+00
5.015802690906769890e+00
5.215784957525199772e+00
-1.295315387495322268e+00
5.433905010085151588e+00
-3.856191289283925627e+00
1.060027054827958004e+00
5.643153088011374940e+00
4.271386658524858326e+00
2.587973918489360425e+00
2.326092984434093403e+00
2.753826694060682811e+00
1.174592240909509977e+00
-3.681458679583928806e+00
-1.219473613562828129e+00
-1.736837528327958458e+00
9.867294125880045064e-01
5.036272677225279715e+00
4.389892447653597429e+00
4.162500219164845028e+00
6.074666095412820654e-01
1.764813810312499953e+00
2.694133166591896611e+00
2.094846383223900599e+00
-2.938587565153213177e+00
-5.880355435421169563e-01
-3.917884185854279888e+00
-2.840856768841208080e+00
5.895566472373208633e+00
3.730268794144796729e+00
3.758310500352543215e+00
-1.723239016534676926e+00
3.139078169165801846e+00
-3.238447945750670076e+00
1.421146417730292377e+00
2.320543512037114731e+00
5.098819663693486604e+00
5.657113362611713298e-02
2.945930908943995341e+00
2.393696557644897638e+00
2.021760823979776855e+00
7.876923075863757617e-01
-3.382872497560338587e+00
1.428850266518138845e+00
4.807645114685522358e+00
8.579874312486077681e-01
9.997133015060989392e-01
