-1.306479381774569015e+00
-1.088503478571239524e+00
5.327910236690756918e+00
5.508406567746991556e+00
2.973724188535591395e-01
-3.671801290475845470e+00
-2.867766900521969031e+00
-1.776333695542761770e+00
2.459990909575951790e+00
2.798689941715163165e+00
5.319473984976463399e+00
-1.585801942242697438e+00
-2.211889228405388153e+00
3.120474387617238943e+00
5.897831882650364399e+00
4.977044106445017491e+00
-2.510214569133327966e+00
2.348290194368155337e+00
3.045728504736658238e+00
3.982950979752132969e+00
5.778456009366890633e+00
-1.711418357178076555e+00
2.535343378538392756e-01
-3.074240907341844409e+00
1.115057667436249789e+00
9.871109908877307992e-01
-3.770522631248157452e+00
-4.058029773310856125e-01
8.989990645361779498e-01
-6.586786024802224193e-02
4.060573682159010822e+00
-1.478850005939589818e-01
-3.914271083159247766e+00
3.982640202840972421e+00
7.946128780329425600e-02
4.228007578230518426e+00
2.572382154929744758e+00
-3.710346278363705785e+00
-4.934488707691258580e-01
1.910750144770435588e+00
-1.213019444648719691e+00
1.313843562111016050e+00
-2.582789199860560547e+00
3.530288822932991621e+00
1.718505162419573296e+00
1.749549758267094690e+00
3.519416338981665504e+00
-6.758628875831357297e-01
-1.947055678662886091e+00
-1.525075224266671858e+00
6.162863639868885329e-02
1.078853380294896858e-01
5.436840751728810872e+00
-1.921134022374435535e+00
5.015802690906761896e+00
5.215784957525200660e+00
-1.295315387495346915e+00
5.433905010085112508e+00
-3.856191289283894097e+00
1.060027054828036830e+00
5.643153088011460206e+00
4.271386658524852997e+00
2.587973918489383962e+00
2.326092984434129818e+00
2.753826694060682811e+00
1.174592240909522856e+00
-3.681458679583914595e+00
-1.219473613562824355e+00
-1.736837528327987323e+00
9.867294125880166078e-01
5.036272677225272609e+00
4.389892447653632956e+00
4.162500219164899207e+00
6.074666095413157052e-01
1.764813810312488407e+00
2.694133166591827777e+00
2.094846383223927688e+00
-2.938587565153249148e+00
-5.880355435420827614e-01
-3.917884185854175527e+00
-2.840856768841172109e+00
5.895566472373296563e+00
3.730268794144727451e+00
3.758310500352434413e+00
-1.723239016534672263e+00
3.139078169165775201e+00
-3.238447945750674073e+00
1.421146417730452471e+00
2.320543512037177791e+00
5.098819663693439530e+00
5.657113362614317464e-02
2.945930908944116577e+00
2.393696557645009992e+00
2.021760823979821264e+00
7.876923075863505597e-01
-3.382872497560519331e+00
1.428850266517709855e+00
4.807645114684981458e+00
8.579874312477557829e-01
9.997133015039995074e-01
