-2.800823241817435516e+01
-1.570211491025407291e+01
-3.416589930852118329e+01
-4.580759661959623941e+01
-1.807942071659702776e+01
2.572593825050612537e+01
2.471681426445468688e+01
1.121554132076315824e+01
-1.213640116686953618e+01
-9.157102407278890910e-01
2.340551558061977389e+01
-3.146489411207507558e+01
-9.066464540378401438e+00
5.735197211614226021e+00
1.568400206791233842e+01
-2.158261924800800813e+01
-4.337008412260811241e+01
3.353447525219859227e+00
3.114545668036030079e+01
-2.990410443419413511e+01
2.543290743865938097e+01
-1.867374733578803259e+01
1.974909385600205169e+01
-2.442770942031881631e+01
3.031140283670217528e+01
7.076284095231571314e+00
-1.241625323464760022e+01
3.172464770361439079e+01
-3.595483433786039029e+01
-3.430069545672122189e+01
