-2.913752156292521889e+01
-1.570210623271877637e+01
-3.416585021443521697e+01
-4.580758948087342475e+01
-1.807938172059000692e+01
2.572588211181756179e+01
2.471668496700891637e+01
1.121542747660592809e+01
-1.213681013154595156e+01
-9.153017027085996737e-01
2.340518451389888810e+01
-3.146486617245704664e+01
-9.066445793730133929e+00
5.735201650990278566e+00
1.568403302007175704e+01
-2.158268558986365093e+01
-4.337035257426396839e+01
3.353838353464901001e+00
3.114549942778762670e+01
-2.990380182007008614e+01
2.543252087895749014e+01
-1.867376656833953419e+01
1.974933447879911341e+01
-2.442772131030109861e+01
3.031101066926054344e+01
7.076616100829973277e+00
-1.241623003279116055e+01
3.172466627627459346e+01
-3.595450001918564453e+01
-3.430039727844368258e+01
