-2.913752857026657850e+01
-1.570209198427545161e+01
-3.416590600666493316e+01
-4.580766442579975717e+01
-1.807944915850936596e+01
2.572591178351702723e+01
2.471632364098747559e+01
1.121589236179710269e+01
-1.213636649839899739e+01
-9.153529860117405326e-01
2.340548744450480001e+01
-3.146449958978097783e+01
-9.066200112361544328e+00
5.734854272214748860e+00
1.568398216575296900e+01
-2.158223386902017893e+01
-4.337045091364308291e+01
3.353760263358125826e+00
3.114518448307096321e+01
-2.990413913668918866e+01
2.543285240248119194e+01
-1.867378480994266710e+01
1.974907773950630840e+01
-2.442768049076355652e+01
3.031107384690985640e+01
7.076210272779490218e+00
-1.241654041442227907e+01
3.172466986895986096e+01
-3.595492581050012149e+01
-3.430028552652258611e+01
