-2.857230905353104689e+01
-1.602013570187374825e+01
-3.426683245529723365e+01
-4.581885524010531441e+01
-1.807912154685413597e+01
2.572636579894102482e+01
2.471619849224528309e+01
1.121617812029900918e+01
-1.213626159465517951e+01
7.975127828562039722e-02
2.340560631515307577e+01
-3.146466709606004386e+01
-9.066045916047171360e+00
5.734612897584168145e+00
1.568444010352630791e+01
-2.158217594805529771e+01
-4.336998450227169144e+01
3.353973723127913420e+00
3.114502924055273070e+01
-2.990355172887908708e+01
2.642807044192515775e+01
-1.867422460162531905e+01
1.974949481044943056e+01
-2.442717199258385463e+01
3.031116600610242884e+01
7.076819892938714496e+00
-1.241601013645494156e+01
3.172448232053755746e+01
-3.595495674079814563e+01
-3.430120316239107581e+01
-5.949841735710546864e+00
4.163419397180740589e+01
1.787959944689748681e+01
3.648340234558035355e+00
9.710617762240358886e+00
3.417711483619626023e+01
2.369274562067184320e+01
2.464559342590161961e+01
3.438035862080935345e+01
-3.611331541270585888e+01
2.847944089935628043e+01
-1.848078769382657471e+00
2.830015556448374880e+01
2.100975351689176307e+01
1.845766936299549243e+00
1.516405259690467489e+01
-5.468383220559211999e+00
3.968710741472138892e+01
1.171278336287952015e+01
-4.941043248057808057e+01
