-7.160407378923407862e+01
-5.233790688445585459e+01
-7.749742098047815375e+01
7.506646300556219842e+01
-3.982462964759492507e+01
2.891711085026395978e+01
3.279325212765790809e+00
5.655625188190803954e+00
-6.839080045034822319e+01
-5.689575833535378990e+00
6.066777875045794843e+01
4.142539365676112340e+01
-2.788834872876604720e+01
5.618261539980062835e+00
3.467732429836156882e+01
3.441763651158936455e+00
-4.636652944854805725e+01
-5.624608542088846974e+01
3.410805220703031182e+01
-5.262038726647205067e+00
2.156807937170815137e+01
-3.937706548677416407e+01
-2.963777343190679403e+01
-8.561857861087129606e+01
-4.562565513873373391e+01
9.946048549252367366e+00
1.915444272980188956e+01
-3.532316706228925796e+00
7.784775832743056867e+01
1.930170240721582786e+01
-2.373119822607984730e+01
8.853657969998704402e+01
1.146888677843034543e+01
6.647846240527988471e+01
-2.515997868310475027e+01
2.228744449587954080e+01
5.629870454707508998e+01
-7.695456276421394648e+01
1.529154104299873751e+01
1.704879270456878260e+01
-8.592659792065714441e+01
-3.619716746234935556e+01
-2.091989637023036153e+01
3.078697754085482075e+01
9.787412148012489155e+00
-1.526808202932726033e+01
5.290817265550373349e+01
2.710562837017754134e+01
-9.948920017580292097e+00
-5.357231349796531816e+01
-1.988638700719979369e+01
8.282867069810387761e+01
-4.295515731144973870e+01
-5.505699879133315733e+01
-2.996921770104396288e+01
-4.833345416053468568e+01
7.065743283619195836e+01
-3.601774123863381760e+01
7.605183613296961909e+00
-6.970741841822209039e+01
4.378923329405157006e+01
9.861172353675300428e-01
7.888661800483779984e+01
-1.394667447283467254e+00
4.649531344386996778e+01
2.582267846252730692e+01
-3.392471705452855701e+00
-5.672653546562895599e+01
1.885455581280905335e+01
-6.357131722661833351e+01
7.324002769000273361e+01
-3.163803028140399931e+01
-9.268960319918440405e+01
-3.217568016650275098e+01
-3.334693867275571222e+01
-2.458348141090907291e+01
-7.055374061705610700e+01
-2.902330290530301227e+01
5.130337333283669032e+00
-1.656363691163437935e+01
2.917394360013796017e+01
2.132315541488592103e+01
-1.670253970777635288e+01
3.257454821842136994e+01
7.167426332875756145e+01
-2.037368363531764714e+01
-4.673250197382306936e+01
6.678874216387177398e+01
-4.962049866910487594e+01
-5.106367212186459170e+01
9.647095252906913743e+01
-1.503680348071729611e+01
6.596811117213685804e+01
8.630583373173294603e+01
1.959076560528136213e+01
2.094556191495302500e+01
-7.414699718794508954e+00
1.446218876809453491e+00
8.204207257995268776e+01
1.301892724313363914e+01
