-2.339681961275432087e+01
-3.767046667695535689e+01
-4.666023534729159650e+01
-4.634013916492323659e+01
-3.373843164017232255e+01
1.065834573396939788e+01
2.099087112937386479e+01
-7.062739626695218931e+00
-8.209621815161412428e+01
4.678173262067321048e+01
-6.535965519430006054e+01
-1.140989457353746417e+01
6.781149312565020182e-01
-5.350948731099338573e+01
2.532134583117884574e+01
5.655604764296226961e+01
-3.220612575968302593e+01
-9.944545532868423265e+01
1.684428279942422080e+01
-1.775242877999387758e+01
-1.665611903178592001e+01
-8.562043833740568743e+01
3.212239358905932818e+00
-5.105102615000424748e+01
-2.677023854307181239e+01
2.387623243212163615e+01
-4.610663057974258550e+01
4.396711851490636036e+00
8.957529213268526291e+01
-4.220156213702793480e+01
2.780246481553005822e+01
8.706614911490069630e+01
8.978372669946253382e+01
1.294276600849843817e+01
2.141744974596491602e+00
-1.824055354154802444e+01
1.321057625007573222e+01
4.395364705650212755e+01
-2.530666657573833334e+01
-3.825525529971552885e+01
-7.822018882513650340e+01
5.360694458956308139e+00
8.747614468037906477e+01
1.381436422618438087e+01
9.597179658057567053e+01
2.105993406567350945e+01
-5.504209909354584340e+01
3.044723694085809740e+01
-9.494998984712282208e+01
-1.210091896827624680e+01
1.364729690214063851e+01
-6.176455179911659599e+01
6.940039288908855042e+01
4.827181833671328093e+01
2.039898789059778750e+01
-1.297094096441290390e+01
8.307616259785103807e+01
1.038433448246242818e+01
3.544018121737403249e+01
3.049344483751281132e+01
3.946140153620859792e+01
5.481733138864768051e+01
3.670155280480307169e+01
6.064083128118589627e+01
-6.042890350914689179e+00
-3.179095839619995445e+01
3.975390119480479711e+01
6.431170161788340778e+00
-4.147541390163737418e+01
-7.268558765651150111e+00
9.852749098538373573e+01
3.062236277836306542e+01
6.109597675150266127e+01
1.608850839039921254e+01
8.521603002363197277e+01
3.516397780239240944e+01
7.281566358992877497e+01
-6.823537013095744896e+01
-2.496005960918538946e+01
-5.645346668771074405e+01
-3.666985033314345088e+01
-3.564239310755597501e+01
-4.226784947366222411e+01
5.229051649524166123e+01
2.491772449921310439e+01
2.721570685598963379e+01
-7.809289074835620958e+00
6.073183699948402392e+01
-4.449540936626955556e+01
-1.133975443670394156e+00
1.307914004771980032e+01
2.181734200464789097e+01
-8.648488641871863081e+01
-2.595139502045623203e+01
7.559377575170404384e+01
-2.495340400516737134e+01
-6.712250501182754192e+01
-4.319132218879889251e+01
-3.902543967946620285e+01
9.355145704530139028e+01
