-2.902959574888563665e+01
-1.567007046326087583e+01
-3.500569039047043418e+01
-4.489450414752765539e+01
-1.873170907671817886e+01
2.589630521760433979e+01
2.449726754914971494e+01
1.127265717414832125e+01
-1.171937274327440903e+01
-2.183553228512040700e+00
2.359459047170422608e+01
-3.211093521902751746e+01
-9.080210468794117418e+00
5.582823968206280796e+00
1.569907273586611396e+01
-2.260714745212154853e+01
-4.411568835591171478e+01
2.355417353132822189e+00
3.010652124688665054e+01
-2.897434229336431954e+01
2.616259975071734090e+01
-1.872196845509300189e+01
1.864174429972322855e+01
-2.422335293456729843e+01
3.122174969319043925e+01
6.922882078797480965e+00
-1.274925585314445264e+01
3.312931477507284939e+01
-3.590307051231231128e+01
-3.437691911681544354e+01
-5.511398204396375178e+00
4.134431628766170519e+01
1.844301710171969688e+01
3.049912467976810149e+00
1.158451846358822479e+01
3.431387643804218612e+01
2.409533485305620815e+01
2.427687819961203530e+01
3.452482472113162260e+01
-3.588351075389714140e+01
2.988495470058010994e+01
-3.009059894329119800e+00
2.799296075914120152e+01
2.139672182500454412e+01
1.883664840960852960e+00
1.629349574568036729e+01
-4.844655719312965125e+00
3.948142014259362753e+01
1.242360272600179627e+01
-4.949748601373195100e+01
