8.526152437616403290e+00
3.393055060926416289e+00
1.150404739389476738e+01
4.962775650808382011e+00
-1.157342750573453927e+00
-2.061192321215330914e+00
-2.409497273149942664e+00
-1.162905092556269615e+00
1.542851504223447101e+01
1.413486796499770293e+01
3.263686723083591978e-02
-2.799555228410204322e+00
9.303771625185390803e+00
8.588903087706041717e+00
5.512475269498865238e+00
3.614615224546013472e+00
-1.075480800911502222e+00
7.713287182297648314e+00
3.961062252073389356e+00
-5.049602242617767800e-02
1.646778335179952890e+01
4.598755438048715227e+00
5.578820110211845318e+00
1.224903401683345194e+01
5.992022474579824731e+00
1.046600222887489196e+01
-2.428861311696082659e+00
1.394398074280539745e+01
3.455897715848366580e+00
1.064814354080115777e+01
2.946840598902737973e+00
5.252263330014164122e-01
1.233530666874511361e+01
1.390377618800353510e+01
1.382314755538095019e+00
7.411804845128791008e+00
1.124560954899396670e+01
9.735718013806662796e+00
-2.266216288907467291e+00
4.804457753429660194e+00
1.048332235696923753e+01
4.152824783501304573e+00
-3.157968131074605722e+00
1.310203588886968795e+01
-1.166445231319094500e+00
5.537407801021338116e+00
8.843066658891777010e+00
1.044585075319866441e+00
4.270683474997215789e+00
3.552217836089189174e+00
-1.170730067859290457e+00
6.386910610899052543e+00
-2.940531062378859861e+00
6.755380618880392873e+00
-5.599596619864779523e-01
9.712090900497138080e+00
1.524600583016022881e+01
3.166148570245368887e+00
9.665972945489524903e+00
6.231876278410274139e+00
-7.826259790379752612e-01
-3.644834420870684877e+00
7.952793607870216164e+00
1.352500152595102811e+01
5.633643180245595516e+00
-3.608179795279649049e+00
1.436647364412027095e+01
-4.471958178558572250e+00
8.621678849954108159e+00
3.683379883669022803e+00
3.607336714991267179e+00
8.628442916197721857e+00
9.739952056551292259e+00
6.892650362115544382e+00
1.176091735712075526e+01
1.066988129686382436e+01
5.148807971282193918e+00
1.110871496222240751e+01
1.041617429405978612e+01
-5.417244275873168036e+00
-3.234816844289219784e+00
-6.169694269009362131e+00
4.364699562604301697e-02
7.850282320493809252e+00
6.300472027273051445e+00
4.850553524225037272e+00
-7.550354056715910644e+00
5.152727880299348584e+00
-4.513515447653459134e+00
2.007850895809921266e+00
-5.040672457461746747e-01
-7.531083714930582040e+00
9.408228431334421771e+00
1.830382536658841763e+00
6.207989779617456350e+00
-6.795956148985195178e+00
-4.572826931774764958e+00
-1.355410768259091459e+00
-6.903282009127596375e+00
7.901203200952353178e+00
