1.915464673640193283e+01
1.379689712829997639e+01
2.187376553181751504e+01
1.527593088129001586e+01
9.146074684755360451e+00
8.248379577953626196e+00
7.802103016851935635e+00
8.941950966799875999e+00
2.521272856569587262e+01
2.394214010611975496e+01
9.935159009428566890e+00
7.287393617628643128e+00
1.927005825225570135e+01
1.868893243811499971e+01
1.575938962311707137e+01
1.418559801583347380e+01
9.645917486165116017e+00
1.862446277240531600e+01
1.483077718278011403e+01
1.067610954056403827e+01
2.720860931557508167e+01
1.538077019285833202e+01
1.620147318039970230e+01
2.297346178317125975e+01
1.658103540817688426e+01
2.093360582345438914e+01
7.817654102860601029e+00
2.406425190191049168e+01
1.339242719036217011e+01
2.032745920474082268e+01
1.262023552734289211e+01
1.021357992398159098e+01
2.173055543165713033e+01
2.310831344019122824e+01
1.043129235185138626e+01
1.643735208126508951e+01
2.012040121915462620e+01
1.851146180008321451e+01
6.014544923564926648e+00
1.303993805363726999e+01
1.821048960504377945e+01
1.122261892006020645e+01
3.612764887338868913e+00
1.965008965720863543e+01
5.102735477252135610e+00
1.151037803213107402e+01
1.463922444696349423e+01
6.468769686962362542e+00
9.540004092829308391e+00
8.299343254022844008e+00
3.135234843654407300e+00
1.039985742032895466e+01
1.050254867390884250e+00
1.067132442285203808e+01
3.222414416820100769e+00
1.336944159872325777e+01
1.881988872598493145e+01
6.618349210268366534e+00
1.287037462689972145e+01
9.320402871938190614e+00
2.061911190778718428e+00
-1.011684499712536933e+00
1.042825371429210790e+01
1.573010459205471534e+01
7.594339260067059172e+00
-1.803371344341492488e+00
1.566335320679023901e+01
-3.229300047138615959e+00
9.725718190038953992e+00
4.807074100306259368e+00
4.513566383255675163e+00
9.286148280091405027e+00
1.008030827847428945e+01
7.049298916511633095e+00
1.168597184600690220e+01
1.040942201022944325e+01
4.917116867861968110e+00
1.097632547414093196e+01
1.024147933021142265e+01
-5.447107198167267406e+00
-2.988008097624681447e+00
-5.832524016809947476e+00
4.485827965911504123e-01
8.377790927969012813e+00
6.719905504799828400e+00
5.158273248565002689e+00
-7.255691845278946062e+00
5.335211901041066795e+00
-4.287226969569427837e+00
2.262236749951950454e+00
-2.874519235373134696e-01
-7.386347682361387612e+00
9.527655356370697604e+00
1.936648233732874314e+00
6.289168321297450959e+00
-6.752534458058825351e+00
-4.543085406613547761e+00
-1.385130898480249950e+00
-7.064051840496848200e+00
7.938603798906774145e+00
