2.110119001255095661e+00
-2.612661112165848287e+00
5.820093095986167420e+00
-4.286611791974727637e-01
-6.183053197972879111e+00
-6.802698404466937632e+00
-6.747587554822674250e+00
-5.233581760015105111e+00
1.174546817049725433e+01
1.077028606266579835e+01
-3.111899207098245856e+00
-5.687759377101638592e+00
6.645045732500551416e+00
6.159752643698250374e+00
3.383260756278758219e+00
1.746842338429261066e+00
-2.715378256370132526e+00
6.331671708281341182e+00
2.804699861012659667e+00
-9.186754244982890949e-01
1.581727716619330160e+01
4.195353508149588073e+00
5.386061856947815585e+00
1.225160001592563930e+01
6.116068179262889259e+00
1.069513605934061040e+01
-2.117412188375071835e+00
1.442531495766503724e+01
4.251842153444274075e+00
1.166527963022376824e+01
4.055202990119666673e+00
1.922440553761326054e+00
1.386141228237756629e+01
1.550952972055058332e+01
3.154926710493753284e+00
9.241118279638136812e+00
1.313356729475552598e+01
1.183115832142339841e+01
-6.660978539376083418e-03
7.220006842657195278e+00
1.306339877174449171e+01
6.703993383688168883e+00
-5.311894500121052687e-01
1.569555263664174660e+01
1.638051958842765776e+00
8.408512411772571582e+00
1.169765056555463012e+01
3.875984215895457385e+00
7.159792170963736879e+00
6.707164573075209191e+00
2.361471223804367803e+00
1.015888194528975497e+01
1.051173473109468848e+00
1.067438663025946077e+01
3.668361562808058807e+00
1.418046015670656601e+01
1.990455264424270254e+01
7.843702623864001744e+00
1.427157277010270953e+01
1.088678049392185976e+01
3.721978753754499714e+00
9.448404502107741187e-01
1.251796323572039071e+01
1.812446043114217531e+01
1.030765280610866519e+01
1.115400017604978977e+00
1.910452854375716569e+01
3.787715896197787480e-01
1.371937439270958770e+01
8.924404040549328343e+00
8.844890922408135125e+00
1.408768530230102733e+01
1.524396012334052664e+01
1.245725121225538068e+01
1.723792806188597382e+01
1.619751697697599369e+01
1.082602397218010815e+01
1.697029108683104326e+01
1.646256468702704368e+01
7.440831646976153735e-01
2.999902929798905049e+00
3.570847913313768274e-02
6.422892977382987922e+00
1.433297016289438552e+01
1.285269540336452998e+01
1.154641498277073097e+01
-8.495416386242315987e-01
1.185994965863683426e+01
2.307631987082201075e+00
8.950673782870556039e+00
6.539699619456685653e+00
-3.233854139164821784e-01
1.670760023514343118e+01
9.261914339479522695e+00
1.373714873845331752e+01
7.843653467495350640e-01
3.128397128722863130e+00
6.413773838119284143e+00
1.020791946003313466e+00
1.597877425841616450e+01
