-2.675835304908422074e+01
-1.565863082290082176e+01
-3.428161431611115972e+01
-4.556733632948329671e+01
-1.816061376931093818e+01
2.568968180250018563e+01
2.471681761898069851e+01
1.124107093319863537e+01
-1.210469972856772536e+01
-9.016954871090143708e-01
2.351045223480691959e+01
-3.151705502081898302e+01
-9.039619193123515473e+00
5.727359090118744334e+00
1.569608652922779868e+01
-2.178668369876630351e+01
-4.334943086690207537e+01
3.395057034037203714e+00
3.113197407490526558e+01
-2.997245597788298355e+01
2.541282124909655593e+01
-1.868970150772184269e+01
1.967735072757326620e+01
-2.430969723316377795e+01
3.017606703884271369e+01
7.090124179683614969e+00
-1.240482194278826000e+01
3.182697792090036160e+01
-3.598996099169890783e+01
-3.425443041052551507e+01
-6.016775523074303855e+00
4.169750538501476456e+01
1.790147447150335935e+01
3.725160855043818220e+00
1.065980932366330158e+01
3.410674012982926229e+01
2.375234624125159399e+01
2.462050246431932976e+01
3.440810303749572086e+01
-3.602205179441508420e+01
2.839884039495498058e+01
-2.866668380982190900e+00
2.849325667962222752e+01
2.095332067039699098e+01
1.784064482199963164e+00
1.514535942998275253e+01
-5.504329184841819433e+00
3.971601168305421226e+01
1.166718049918231870e+01
-4.941850203864797209e+01
2.066565923060145948e+01
4.796585475407083266e+01
-4.274252180468774753e+01
-2.688301600580210504e+01
2.651803616963843879e+01
3.046271834768295861e+01
3.768331658718428656e+01
-4.629316188031621948e+01
-1.841209736019967380e+01
-2.271241420228551533e+01
3.755713665330536344e+01
7.819862830107432217e+00
1.923580871551700966e+01
-4.213389376555618782e+01
4.892849780767283363e+01
2.458038944957012006e+01
4.074122460719908645e+01
4.411981043917324286e+01
-4.521801090787562316e+01
-1.254519336128289808e+01
1.381386225217121400e+01
-2.570895414309001481e+00
-4.085506885128635446e+01
-3.148471149501852917e+00
2.585322364266632178e+01
-2.973637078715023208e+01
-2.041140629376604210e+01
-1.026147141747813407e+01
4.515547770575082609e+01
-9.782972059553179278e+00
-1.116336655007025769e+01
-1.827035400110785801e+01
-4.874984612466443679e+01
-3.220179950942961966e+01
4.895653488941914588e+01
-9.416397765280079213e+00
-1.708987518734489441e+01
4.864454389979754723e+01
-4.412813182949374635e+01
-7.544945015623419238e+00
1.340466975628003432e+01
4.698366965778235738e+01
2.391913098944070981e+01
2.723453739715435162e+01
2.672496846291802086e+01
1.463453808521017407e+01
3.932185664167630712e+00
-3.136657249012073656e+00
-2.107971363117032482e+01
4.987576574095677984e+01
