-3.098135082134283991e+01
-1.599752135334222558e+01
-3.295638224582330622e+01
-4.040236077020517058e+01
-1.901256846437600601e+01
2.543644287390324266e+01
2.417447192034438075e+01
1.128291563222296290e+01
-1.129431140492346231e+01
7.293453896704142903e-01
2.387140890890973211e+01
-3.020414040617372109e+01
-1.308262079295897173e+01
1.042497913237298590e+01
1.486944082744391338e+01
-2.170948437980086254e+01
-4.393405452726230465e+01
3.387718391876405555e+00
3.063952842241031860e+01
-3.258040764196680783e+01
2.499066059658375138e+01
-1.952860225550705664e+01
2.132161951826682511e+01
-2.442396329448208192e+01
2.937280495804590785e+01
9.059842237486311234e+00
-1.657672684839910815e+01
3.250224670286284834e+01
-3.407086734686422602e+01
-3.491218021000558025e+01
