-2.934473022105950690e+01
-1.667713688488200674e+01
-3.562253176729183934e+01
-4.607776779225031305e+01
-1.767206742559674026e+01
2.638089561671644034e+01
2.634920256164037511e+01
8.300490281335966003e+00
-1.318399703116533672e+01
-3.180629234077723133e+00
2.566656958137338407e+01
-3.211522903391580996e+01
-1.179504561622570513e+01
7.362668945606220205e+00
1.184965186940372206e+01
-2.156498558218094175e+01
-4.035607396716827111e+01
4.349543237078845159e+00
3.448268990030364023e+01
-2.775850152912683910e+01
2.752309725299458876e+01
-1.968017653988538740e+01
1.803449402704353943e+01
-2.274541714814913007e+01
3.102165251793805467e+01
5.926182631807665580e+00
-1.561394619092761005e+01
3.073170098591537069e+01
-4.021650936817339783e+01
-3.352039872103307516e+01
