1.444966429132629848e+01
2.723205433913535956e+01
-2.316089815480522063e+01
-4.286670802407866177e+01
-3.123401561852408648e+01
-2.645012446617438684e+01
-3.076966185263180975e+01
4.618561347548323681e+01
1.081889892004648246e+01
-3.882355214510564423e+01
3.919403718762487898e+01
-1.945890407808429146e+01
-9.861990829931627900e+00
-3.571750523470650762e+01
7.472179223110231305e-02
-7.578175409628457260e+00
2.250063567775475093e+01
-1.130838589428304530e+01
1.911485071994541585e+01
-1.850681498379024958e+01
1.918700969240346055e+01
1.076483184113287805e+01
-4.077247757985252719e+01
1.214253540543452914e-02
9.668918111737902166e+00
3.425383123844049749e+01
-1.916300926438656660e+01
2.788269111425280755e+01
-5.486833482540930618e+00
-2.374337635900655386e+01
-4.622288312992978376e+01
2.943141275447666771e+01
-1.291124590707737241e+01
4.764009912803216196e+01
-3.204699152543564367e+01
-4.925577072014056057e+01
-2.103374330445058149e+01
-1.882974962740259883e+01
-2.344828149929448813e+01
4.520856127293875915e+01
2.515781989829077148e+01
-1.889089262853243056e+01
-2.969336610939535959e+01
-1.277491139890284444e+01
4.894934609783671675e+00
2.296209723262767000e+01
2.191067705139591837e+01
3.352199010789388467e+01
3.250569296239454786e+01
4.650023944190573388e+01
