-2.558304807655534319e+01
-3.199780735223142969e+01
-4.824887067108033989e+01
-4.283402881119300076e+01
-8.906485501100391389e+01
-4.036087913210442224e+01
5.762085700831417512e+01
3.921701171930044438e+01
1.886734623588838389e+01
3.294440967020357647e+01
4.334032936863597740e+01
-2.746176620710370386e+01
1.793934559558044839e+01
1.874615336345960159e+01
-7.525478083094135684e+01
4.034602271246556171e+01
-5.035383291138862916e+01
3.942667573221407196e+01
-1.384261700957778274e+01
1.503003485547731088e+01
3.650343743471628954e+01
-2.170696270680316076e+01
-1.721773674086880845e+01
-6.344811389535107793e+01
7.335550805106212380e+00
4.100170586918488880e+01
1.753442142789006652e+01
7.369229675873523888e+01
-2.900278040259221157e+01
-3.622881743783956665e+01
4.400697775454666782e+01
3.619832065656048314e+00
4.287491812875483532e+01
-1.836058069163462392e+01
-9.212663825919493732e+00
7.911481291006379024e+01
-2.027940954948766716e+01
9.969031014211822139e+01
-2.968502007546432253e+01
-4.908631645471987071e+01
1.052327871207836552e+01
4.308361967836049189e+01
1.322240125805048550e+01
7.095660727997069728e+01
2.385769606430678635e+01
-3.583647702380774547e+01
6.354828031175662062e+01
9.766347835221496609e+01
-1.239540436583201100e+01
-1.944279963047610948e+01
