-2.972373219751528239e+01
-1.716818647769869699e+01
-3.541483713468795713e+01
-4.696559906354345770e+01
-1.922726815241578180e+01
2.457819208991408999e+01
2.356907687465244550e+01
1.006823257004081462e+01
-1.328410403133857898e+01
-2.062993694893136887e+00
2.225782271284800373e+01
-3.261219353351242489e+01
-1.021378644407679026e+01
4.587527658881387360e+00
1.453668003197243408e+01
-2.272996042903173119e+01
-4.451771840106911782e+01
2.206145180901969649e+00
2.999784636924097114e+01
-3.105143790248266100e+01
2.428520217814422466e+01
-1.982141654027153876e+01
1.860174403291080125e+01
-2.557501096718522859e+01
2.916375074045769367e+01
5.928933675416161009e+00
-1.356390363407861699e+01
3.057734606566546987e+01
-3.710219783565997886e+01
-3.545136749240381135e+01
