-2.972373214627238269e+01
-1.716818650547419267e+01
-3.541483705041260777e+01
-4.696559911530084008e+01
-1.922726817650282527e+01
2.457819206461082473e+01
2.356907696120115148e+01
1.006823252376908506e+01
-1.328410413226380804e+01
-2.062993608774879917e+00
2.225782269927115564e+01
-3.261219352390065040e+01
-1.021378644040663453e+01
4.587527662178803034e+00
1.453667999102374253e+01
-2.272996055609965182e+01
-4.451771835304069924e+01
2.206145274752950414e+00
2.999784638911445711e+01
-3.105143783388514223e+01
2.428520216740758286e+01
-1.982141674091882777e+01
1.860174403936444065e+01
-2.557501100140157746e+01
2.916375067421702383e+01
5.928933606295346159e+00
-1.356390372441997449e+01
3.057734611954612802e+01
-3.710219778022379700e+01
-3.545136758996660831e+01
