-2.860224506073666362e+01
-1.595864278131607783e+01
-3.461959802296944133e+01
-4.586056398861716588e+01
-1.835642719977962045e+01
2.535298533092690221e+01
2.459016836873028922e+01
1.130119162334311866e+01
-1.236281887233820953e+01
-1.382825193730243596e+00
2.364256872268017773e+01
-3.129814796127939758e+01
-8.657047187885332562e+00
5.670878937701737676e+00
1.576060243798948513e+01
-2.161689108641555634e+01
-4.348720920862556483e+01
3.113155619937127305e+00
3.106556925075609144e+01
-2.989543524332967905e+01
2.566826217436367941e+01
-1.877833975124815069e+01
2.021116336581919981e+01
-2.506496150267482292e+01
3.010340370766592244e+01
6.722693490018514240e+00
-1.194943103618181723e+01
3.170536612056419656e+01
-3.611333793463744257e+01
-3.434496566439322862e+01
-5.562517211928252436e+00
4.174652290738484339e+01
1.777190980438388834e+01
3.837229101832248190e+00
1.076713165795827898e+01
3.411299247477559504e+01
2.421054603907526825e+01
2.440812416461082179e+01
3.395828888203562457e+01
-3.648562917479093670e+01
2.864027418601030917e+01
-2.478194017263736448e+00
2.848690330142770577e+01
2.132863671869915478e+01
1.863156334395046354e+00
1.528003643902369113e+01
-5.504792333632878787e+00
3.971234042705292211e+01
1.136242361094110898e+01
-4.921827653990768425e+01
