1.897415025157886557e+05 0.000000000000000000e+00
1.179470529702299536e+05 0.000000000000000000e+00
4.358441297934528120e+04 0.000000000000000000e+00
1.848884730017964903e+05 0.000000000000000000e+00
2.171775574652443174e+05 0.000000000000000000e+00
9.213953940385911847e+04 0.000000000000000000e+00
8.787001546877934015e+04 0.000000000000000000e+00
1.265963794038435881e+05 0.000000000000000000e+00
1.058633754302332090e+05 0.000000000000000000e+00
8.951408022680731665e+04 0.000000000000000000e+00
2.086845044220938580e+05 0.000000000000000000e+00
2.298826300632990897e+05 0.000000000000000000e+00
2.139911484224771848e+05 0.000000000000000000e+00
1.552490320405919629e+05 0.000000000000000000e+00
1.881454418035510753e+05 0.000000000000000000e+00
1.158281294319258450e+05 0.000000000000000000e+00
1.515248241761290992e+05 0.000000000000000000e+00
1.441913026195293060e+05 0.000000000000000000e+00
1.034607016494574636e+05 0.000000000000000000e+00
7.976233309938274033e+04 0.000000000000000000e+00
2.103332736925730715e+05 0.000000000000000000e+00
9.662937871144041128e+04 0.000000000000000000e+00
1.587097748660583165e+05 0.000000000000000000e+00
1.571786378119377478e+05 0.000000000000000000e+00
9.995262691203111899e+04 0.000000000000000000e+00
