-2.808384557539702797e+01
-1.851701925518422698e+01
-3.286170535679317339e+01
-4.328375424485201250e+01
-1.540848210058719836e+01
2.533537507762315144e+01
2.421283887674071877e+01
1.018208505033359579e+01
-1.133980949873542521e+01
2.129373975270802966e-01
2.540713389950314394e+01
-3.036386166033286926e+01
-9.514375696459584475e+00
6.875149949319146359e+00
1.693193261863466148e+01
-2.135992164371119628e+01
-4.363487355046494542e+01
4.334620861182824747e+00
3.017400858551127385e+01
-2.808366851943564413e+01
2.331524642755551113e+01
-1.841656270866564782e+01
2.082315080194664603e+01
-2.436971832568598728e+01
3.171295638649430870e+01
5.206257055597611760e+00
-1.318722433667975658e+01
3.132780434588470442e+01
-3.709318686548874666e+01
-3.411281466507942639e+01
