-2.883041386682032226e+01
-1.493167495675272960e+01
-3.545470822922960963e+01
-4.424105694291552027e+01
-1.614897915091582092e+01
2.591260436801677969e+01
2.605611660229728699e+01
1.085138420982073271e+01
-1.085832959774883477e+01
-1.111121281617119649e+00
2.361970771169610828e+01
-3.448342686331258733e+01
-1.094191264623196425e+01
4.584177869656308246e+00
1.654181082573282424e+01
-2.183700551475671858e+01
-4.336686838177035952e+01
3.546226130363885343e+00
3.303556824885846055e+01
-3.052608710207488940e+01
2.817527686045053059e+01
-1.952476078372070134e+01
1.892570509057007655e+01
-2.353738915739167936e+01
3.038883289458646431e+01
6.341404293108389822e+00
-1.420689829681943550e+01
3.269149752876134585e+01
-3.734757669544129044e+01
-3.274883551592129294e+01
