5.344777468620046434e+00 0.000000000000000000e+00
5.277909240582355110e+00 0.000000000000000000e+00
4.918523509660863269e+00 0.000000000000000000e+00
5.437630281444368663e+00 0.000000000000000000e+00
5.510893899449407662e+00 0.000000000000000000e+00
5.270108487744824544e+00 0.000000000000000000e+00
5.364702448197467888e+00 0.000000000000000000e+00
5.009408865240700948e+00 0.000000000000000000e+00
5.131658556225860757e+00 0.000000000000000000e+00
5.076416749593279931e+00 0.000000000000000000e+00
5.208626596907831363e+00 0.000000000000000000e+00
5.105508619564397499e+00 0.000000000000000000e+00
5.598544281496883102e+00 0.000000000000000000e+00
5.212174423953423563e+00 0.000000000000000000e+00
5.226153250706269127e+00 0.000000000000000000e+00
5.269206433595713612e+00 0.000000000000000000e+00
5.244719482958626777e+00 0.000000000000000000e+00
5.412349633853878572e+00 0.000000000000000000e+00
5.185994054233721506e+00 0.000000000000000000e+00
5.220804508034273539e+00 0.000000000000000000e+00
5.111640731797384873e+00 0.000000000000000000e+00
5.310359590859738965e+00 0.000000000000000000e+00
5.264248767102674975e+00 0.000000000000000000e+00
5.173542462368344808e+00 0.000000000000000000e+00
5.151638085860900773e+00 0.000000000000000000e+00
