-3.682658971627068922e+01
7.125788027306172978e+01
-2.751846306364321748e+01
9.555927191679327848e+01
-1.817679553060463959e+01
-2.504732659382057136e+01
-7.667407645269020122e+01
-3.047243670164214890e+01
-5.922744708204925956e+01
-7.116342991136480123e+01
-1.143384364923521623e+01
-9.777588735705549539e+00
2.597969792544404299e+01
-2.101984209568608009e+01
7.935869203519189341e+01
-6.817913261725647089e+01
-4.648962659876195147e+01
8.145569078544517083e+01
3.924944693160774989e+01
-3.962625651738595423e+01
2.389392450411256164e+01
2.528818152010121167e+01
-3.759555117619936482e+01
1.901170931057304614e+01
4.749859100113297927e+00
-8.017452537284952996e+01
6.924190035845981583e+01
2.929213178911887283e+01
-9.227826747116957051e+01
-3.479511886602411153e+01
5.050398132442830956e+01
4.008805758297643962e+01
5.540902221809845685e+01
5.011726658526339406e+01
-1.506581582432049515e+01
2.475676058099935517e+00
8.468700478258291753e+01
9.444037171060855940e+00
-8.392052479101928952e+01
2.239817540368436255e+01
-3.667894076115742763e+01
5.148267261687465179e+00
4.399791093292421351e+00
-1.177729372648806105e+01
-9.985308069883430448e+01
-3.387243166775122916e+01
3.857759336584345533e+01
3.993267324762926762e+01
-5.426954403099892232e+01
-4.493187958730464970e+01
