-2.875861864455177397e+01
-1.609805167205483656e+01
-3.421348250905874977e+01
-4.591708879712971481e+01
-1.815571307397313916e+01
2.553696616826997712e+01
2.475485677727638389e+01
1.122775077571733426e+01
-1.189439828094035789e+01
-1.087625988275501721e+00
2.357919582594880836e+01
-3.141954457638023257e+01
-9.040933845538784652e+00
5.715762275016244232e+00
1.593428239923511036e+01
-2.181002214093812341e+01
-4.332450468783354580e+01
3.174465502153806185e+00
3.113411148664911110e+01
-3.005609666145244319e+01
2.542244708348487592e+01
-1.865626943889892075e+01
1.963336532764506970e+01
-2.458458961252386743e+01
3.021760561286696856e+01
6.918056765342784686e+00
-1.219644669863761877e+01
3.139481113585571492e+01
-3.614377504256569296e+01
-3.419882333286880538e+01
-5.890408337808735517e+00
4.183806762633630427e+01
1.791186581199665184e+01
3.635833031243853597e+00
1.066344505052125591e+01
3.425657395921693649e+01
2.363339027023755534e+01
2.459780048557329479e+01
3.446381180176907577e+01
-3.611591611592919548e+01
2.845933976123188813e+01
-2.616835858753474575e+00
2.846210174370575885e+01
2.117648059075433409e+01
1.831096169423461539e+00
1.528283924467705646e+01
-5.539238849880355531e+00
3.963007749379642064e+01
1.155111102110967813e+01
-4.951434981433851590e+01
