-2.864487865663252819e+01
-1.593615768020931789e+01
-3.432276335789321564e+01
-4.585649709171100596e+01
-1.816531996640124902e+01
2.571754602125038858e+01
2.476866195188807751e+01
1.112159824355084581e+01
-1.210649448656022820e+01
-8.390130042728387583e-01
2.336217805949291204e+01
-3.136916559177796771e+01
-9.054349822381263735e+00
5.642735052064044687e+00
1.570323544079769107e+01
-2.158804307227229202e+01
-4.350618406064835852e+01
3.251120839626109316e+00
3.129650258696362286e+01
-2.991681612361124820e+01
2.544192398444971559e+01
-1.875031159052351981e+01
1.984099237981319774e+01
-2.458827707930940321e+01
3.004255272971982293e+01
7.242575155611762128e+00
-1.237239172142973231e+01
3.183804309484500905e+01
-3.597186134282466696e+01
-3.415880079130484859e+01
-5.996672555746523692e+00
4.175467144720155233e+01
1.794334922504719643e+01
3.644033934555654053e+00
1.069689490785082775e+01
3.410031051239797506e+01
2.390791107089234302e+01
2.467320774828057139e+01
3.443789806983427582e+01
-3.620631377654051164e+01
2.844017299972053436e+01
-2.769692109297821503e+00
2.817864611193095570e+01
2.113193809679944124e+01
1.989496470644154247e+00
1.510573397628329317e+01
-5.582739745591697833e+00
3.957172249374956152e+01
1.156939437863713849e+01
-4.940746288201432179e+01
