-2.859240425989066736e+01
-1.589536336343215872e+01
-3.437250445370264629e+01
-4.577794114567777939e+01
-1.810730251003955260e+01
2.547703683769681504e+01
2.471907664771822510e+01
1.112698898248626023e+01
-1.202733798207186489e+01
-9.295798420123754235e-01
2.342404662567473039e+01
-3.146455150926234268e+01
-9.070807466600442126e+00
6.048813408581142248e+00
1.575033895627045055e+01
-2.154497899486998591e+01
-4.328402674622785185e+01
3.373548290850696851e+00
3.132163851584927627e+01
-2.984600559192306335e+01
2.541736790171999871e+01
-1.855292797259834714e+01
1.970165419662987105e+01
-2.450672864279314211e+01
3.024312450450997147e+01
7.014489961258965955e+00
-1.240446526616629974e+01
3.189409668211063575e+01
-3.612888169606280542e+01
-3.418500172095660616e+01
-5.809196916663594834e+00
4.175690482763789646e+01
1.787002450355066330e+01
3.696664326739039996e+00
1.066603968896718158e+01
3.412711138646692177e+01
2.369711307670898037e+01
2.479381810952776632e+01
3.430582784206656299e+01
-3.595952579135487781e+01
2.850510414284229910e+01
-2.906694388504162951e+00
2.811304020416724114e+01
2.094927975773674333e+01
1.932267612636970444e+00
1.523553492031001966e+01
-5.456164266605015634e+00
3.947817370241878621e+01
1.172059800626425918e+01
-4.931243436388618306e+01
