-2.837351648723466369e+01
-1.610572215246699201e+01
-3.418559490198663298e+01
-4.602865681667834252e+01
-1.827136355544590529e+01
2.578530834775011371e+01
2.471445002725591422e+01
1.126608221314609004e+01
-1.230905429405034468e+01
-9.745813311697202330e-01
2.323330175157634514e+01
-3.153181154462528113e+01
-9.003058902432327315e+00
5.769044498922637487e+00
1.574012286293810803e+01
-2.150957744966623508e+01
-4.347733187334846860e+01
3.417204859840502706e+00
3.107309669260503426e+01
-3.001442114633966440e+01
2.546655816872721800e+01
-1.872672242300200196e+01
1.975558663811622395e+01
-2.431335005503143520e+01
3.023677459722958361e+01
7.003227065600998280e+00
-1.242845171816365912e+01
3.172685375689445308e+01
-3.592733433987829272e+01
-3.432891492080999996e+01
-5.767533902473211072e+00
4.170209087942741633e+01
1.774489831973926712e+01
3.496279485860593894e+00
1.082928105765366489e+01
3.426093420600407313e+01
2.371082233267795658e+01
2.449501815798538829e+01
3.443517943062544617e+01
-3.576879401563615346e+01
2.861885049518019741e+01
-2.672625998526167113e+00
2.834209938116087102e+01
2.080882724401998018e+01
1.829384340838108081e+00
1.512327973368362422e+01
-5.522409055089917196e+00
3.959985470906600824e+01
1.190362828370075121e+01
-4.942589711989964485e+01
