-7.408447660106494137e-01
5.864407860992479904e+00
6.580631763948491475e+00
8.160793008504164447e+00
8.355502086397558870e+00
6.142138385620659946e+00
-9.470977307813445378e+00
-4.301158228439941666e+00
-3.268667135406663871e+00
-8.651057829719983161e+00
2.617686966238995439e+00
-2.049392012366980875e+00
6.361817918923726722e+00
-8.067478485957726875e+00
-6.168644565165356752e+00
-9.511376674009529353e+00
-9.790231365804986652e+00
-9.748022871355701113e+00
-4.011359847029636327e+00
-7.748686728924041311e+00
-8.924022648333762575e-01
1.239425539117087194e+00
-3.367306518932660642e-01
-4.016230314335283325e+00
-9.330655816584506823e+00
5.801518035098782278e+00
1.024871352767787158e+01
5.208279907459278490e+00
4.249113690466082005e+00
-4.183367900590845956e+00
3.981064864313971441e+00
1.695895484407708764e+00
-2.227774182171745387e+00
1.259319409059659556e+00
-7.868471583447798956e+00
9.170084949708330768e+00
3.342765997320338300e+00
3.885251496590669706e+00
-6.947023989009133871e+00
-5.932924839931619232e+00
-4.760525593495625735e-03
2.648827756611111806e+00
8.171617038402205324e+00
9.969593299710826528e+00
-5.045831152719682855e+00
2.650821540857531744e+00
-9.554815899113865640e+00
-3.704172340461742152e+00
5.512147480305394254e+00
6.382658040408427880e+00
3.457163124388228148e+00
-8.628158919618030609e+00
-3.581181243363720790e-03
4.127228818444446112e+00
1.815585420807731831e-01
4.067734736998549039e+00
2.345746930780704176e+00
3.985349152224206826e+00
3.739605847490066637e+00
2.815672362698304898e+00
-9.294493287720809960e+00
-3.971952453723079923e+00
-5.077117854473997660e+00
-2.129961309591570817e+00
-9.010972295328139481e+00
-3.156599448170148037e+00
-2.477237989314381217e+00
-2.162027563895602800e+00
-7.434116937662412994e+00
5.853914633213993746e+00
-3.735483695288214445e+00
9.974593213972024586e+00
-1.462453404420400505e+00
-2.649931027759744318e+00
7.928040356331750971e+00
8.079425473256588219e+00
-1.373296227678033388e+00
8.828160028569206119e+00
1.217205736254626025e+00
4.932333800684612690e+00
2.956327687011848226e-01
-6.272366410408863224e+00
-8.308541466346397897e+00
4.006075911329667200e-02
4.682843832450677368e+00
-2.773940261459276968e+00
9.792983372231763184e+00
9.099640878780590469e+00
5.236294550447609275e+00
5.207593331635010370e-02
6.670701207802187227e+00
-5.768379125488200643e+00
8.878543985853037057e+00
7.542124200494820130e+00
-2.789424423629865757e+00
-1.311709830453351877e+00
-9.178684857936000085e+00
7.388413498278761260e+00
-3.388570939420441519e+00
3.693687342806558860e+00
