-1.598978445967882189e+00
4.996078454925852341e+00
6.481546393055647393e+00
1.012481264878841891e+01
9.286379556159003457e+00
8.165999728346232445e+00
-9.521107848512194494e+00
-4.299426644217438920e+00
-3.262668335271781572e+00
-8.669080904082377970e+00
3.605396102794390156e+00
-2.996635895136698480e+00
7.330969733974357361e+00
-8.180498603416967995e+00
-6.236546960751207180e+00
-9.451383325217628695e+00
-9.771402960186206244e+00
-1.077956707754576371e+01
-3.125065977960346686e+00
-8.616009796090708051e+00
-1.858206428607080074e+00
-7.555086596554734246e-01
-4.425425991453829089e-01
-4.030158679478433648e+00
-1.033675305099684927e+01
5.827114423170855595e+00
1.020627482140240616e+01
6.186468594688459000e+00
3.987166588611982476e+00
-3.193887464699127321e+00
1.875062096651203714e+00
1.648041152172440738e+00
-3.062011876139052013e+00
1.372526877507685539e+00
-6.826195646274049622e+00
9.098489466807464510e+00
2.380471769210805721e+00
3.012956931935669935e+00
-6.996004073124897360e+00
-4.860571059089331847e+00
-9.783824324081653590e-01
2.491668737808212963e+00
9.232155850377733231e+00
9.941136912101333323e+00
-5.018838414490795152e+00
2.594019337312808204e+00
-8.520916401687138375e+00
-3.805857984872877520e+00
5.430689639770386101e+00
6.377694246513549992e+00
3.491525888925044896e+00
-8.641252457744258209e+00
2.490956056631714668e-02
5.181102402402403939e+00
-7.942980237523803444e-01
4.107300842342011649e+00
2.416144025729165090e+00
5.079348700145464690e+00
2.739396638523542205e+00
2.797346502965208703e+00
-9.283911385702639407e+00
-2.999939741138668570e+00
-5.150366813881856132e+00
-1.020482023256119364e+00
-8.990314547745384743e+00
-4.113913723787397281e+00
-4.632337317589110270e+00
-1.117233621405302246e+00
-8.460354058876625061e+00
6.999334693119883433e+00
-3.728457874367192115e+00
7.964273726406350562e+00
-1.507569472535887689e+00
-2.522994950214678678e+00
8.007038004227476691e+00
7.296727088267952688e+00
-3.527209945736210495e-01
9.912408980921643575e+00
1.259741399741813428e+00
4.910914868423740032e+00
-7.787746601180177697e-01
-6.237831948511946223e+00
-8.160622477031202138e+00
-9.939262380225948323e-01
4.651468334969662166e+00
-3.756749727705766873e+00
9.828338957124188369e+00
8.083855368890741744e+00
5.312884845472687800e+00
-8.102341404612525277e-01
6.546909345954822435e+00
-6.751021959878587886e+00
1.082858912299925436e+01
8.518949550452367347e+00
4.100586886555568356e-03
-1.621141201870471282e-01
-1.021752149965066536e+01
6.475400276178572057e+00
-2.479196614694693768e+00
4.681186296060912966e+00
