-2.755692270957795031e+01
-1.406790616432751051e+01
-3.433123791225629162e+01
-4.582509098601502728e+01
-1.804678934767631659e+01
2.570249233304837944e+01
2.574679134852783946e+01
1.221841254231483198e+01
-1.206760747263220068e+01
-9.719016555882323827e-01
2.240188871445942453e+01
-3.148405459922654615e+01
-8.022173352688119152e+00
5.663982379470644091e+00
1.572228711371372256e+01
-2.169256331546563743e+01
-4.243591754786462644e+01
3.307861691332500964e+00
3.216242772528759275e+01
-3.086179497009625905e+01
2.663432897095594853e+01
-1.770603365397101925e+01
1.877131936011894098e+01
-2.447835347260717853e+01
3.130033376702196435e+01
7.074220822593064284e+00
-1.222441649662564522e+01
3.082933386987525282e+01
-3.708106295646623352e+01
-3.537001313816487169e+01
-6.006769488616222397e+00
4.155818794100688507e+01
1.789705192037208548e+01
3.617381409027361272e+00
9.750339289536139376e+00
3.421341033327815495e+01
2.354631999767710226e+01
2.470073018090462114e+01
3.446575417153172793e+01
-3.614650292687460365e+01
2.855841426739819156e+01
-3.820570485241705505e+00
3.029552054871089339e+01
1.894807433435725841e+01
2.996448103878857516e+00
1.516570568349528081e+01
-5.717029189836411618e+00
3.960778006501788440e+01
1.183267139283751490e+01
-4.856987056153808879e+01
2.066476799365707961e+01
4.807997669122790541e+01
-4.372399152573878212e+01
-2.576076102121746914e+01
2.641981067089802693e+01
2.943878935317082934e+01
3.774205546346745876e+01
-4.628606872466785660e+01
-2.044299304747870138e+01
-2.375746322572601343e+01
3.760672232210700372e+01
7.822858533775091772e+00
1.816012928546137672e+01
-4.289626163322419217e+01
4.885091837208671706e+01
2.469649554881081599e+01
4.155776628269192940e+01
4.111433397783195431e+01
-4.633315759809304524e+01
-1.250692588669610394e+01
1.370788319003636602e+01
-1.602986330606822607e+00
-4.173702304358048565e+01
-3.972484002705985784e+00
2.696571495271073005e+01
-2.872714036642182123e+01
-1.849669150405378204e+01
-1.120773387216950745e+01
4.626256939994605233e+01
-8.878938320093107350e+00
-1.121948774232092205e+01
-1.628789137472940141e+01
-4.984880086732479754e+01
-3.231850873600428997e+01
5.019455452781039639e+01
-9.462049035752608361e+00
-1.604371126442727302e+01
5.046370850113611795e+01
-4.314377413782975168e+01
-8.406660836785281532e+00
1.333550859298523683e+01
4.694378794224402185e+01
2.394537336780693693e+01
2.706966161733651788e+01
2.781001323057889252e+01
1.462417245488286710e+01
2.032051655820136027e+00
-2.033145606919362525e+00
-2.327063814222425719e+01
4.871686058077380466e+01
