-2.721947743411562115e+01
-1.988432657977892859e+01
-3.345958047723894424e+01
-4.622623740494761790e+01
-1.760859186285486189e+01
2.670271986140346954e+01
2.629214158978001592e+01
1.390943317608606122e+01
-1.235174697257153653e+01
-9.131113880539638572e-01
2.197222015569216680e+01
-3.033854245393186133e+01
-9.466032408145034438e+00
7.098998984414652824e+00
1.336299938619317551e+01
-2.281024825334365858e+01
-4.593249129466480696e+01
3.147619621112907495e+00
3.139342038585849792e+01
-2.784618804265881309e+01
2.478401165220352453e+01
-1.988846459937371236e+01
2.082980606751026897e+01
-2.285141942846228957e+01
2.939427392871986200e+01
6.851567290761630957e+00
-1.252000239936878145e+01
3.110869532632185397e+01
-3.670617315113424439e+01
-3.345076585834343774e+01
-8.490221804941466388e+00
4.017433670370109411e+01
2.151291463732226816e+01
2.510032793970561116e+00
8.899390499958913736e+00
3.342137472134875509e+01
2.469159920991995705e+01
2.607808142687979469e+01
3.463544043321609678e+01
-3.484424357482050993e+01
2.835741072409341257e+01
-4.315822006121967647e+00
2.559710288735609396e+01
1.835649883098297863e+01
2.751457655020187687e+00
1.465742643095609665e+01
-2.313670747309391373e+00
3.821215306312229387e+01
1.362683750290674034e+01
-4.945185121497985392e+01
