-2.663440295095633203e+01
-3.166801050228437830e+01
-3.466634490515952649e+01
-4.399042422269458541e+01
-1.173976251907522617e+01
2.917313884911742505e+01
1.999712021433979459e+01
-2.084695996876690050e+00
-1.666622904393560844e+01
-4.262719976996409699e-01
1.853999076430714510e+01
-2.223021362100411480e+01
-2.261425870278426675e+00
1.821908130593162767e+01
1.449668736489856613e+01
-2.093465178608310140e+01
-4.986645032333441208e+01
3.141095314835659735e+00
3.359843095759146081e+01
-2.704390601464754695e+01
1.708465024438663704e+01
-1.636721797865191519e+01
1.457859306468786720e+01
-3.443427133877772661e+01
2.797357822386290849e+01
1.492017228067040513e+01
3.312139253869101463e+00
3.865095754593085786e+01
-3.322654872802534953e+01
-2.984077656572757675e+01
1.038775439217895702e+01
5.155226722431258679e+01
2.664098860907174426e+01
1.336694079139337710e+01
1.167186890120053278e+01
3.565087712790772656e+01
1.574427239001839496e+01
1.303997672194526203e+01
3.109972836625594894e+01
-3.891306957017962276e+01
2.617606005423128224e+01
-7.485431033655605582e+00
1.814875357755299490e+01
1.769205784563217776e+01
1.273932804104114691e+00
1.671544704810137461e+01
2.188410323910862321e+00
3.379343943302529851e+01
9.858725059914814182e+00
-5.599646818665312509e+01
1.812412778636389632e+01
4.995541159727075353e+01
-3.862556847985576525e+01
-3.244829350686917735e+01
1.296482626662239923e+01
3.687166737191650867e+01
4.004739881245719602e+01
-5.709790348810555116e+01
-1.141965249300707796e+01
-2.115303282896138271e+01
3.266315817148633016e+01
8.651355927040327742e+00
2.454363729250242088e+01
-4.238834218903053142e+01
4.088669985720601829e+01
3.286177270147958751e+01
3.719493065754117822e+01
4.234507202531528236e+01
-3.651089679613004790e+01
-1.100349501330518187e+01
1.432922876944357071e+01
3.897885924678869518e+00
-2.420667802396566870e+01
-4.107253258465600965e+00
2.449559532677189821e+01
-3.125769918561143612e+01
-3.287498054232131750e+01
-1.156608523798418808e+01
4.846398420801015305e+01
-3.032899848510234087e+00
-1.154632444555835491e+01
-2.500574358745627990e+01
-3.405461312033558841e+01
-3.134561396526448718e+01
5.946871027576880664e+01
7.026639795002218136e+00
-1.714333720470681399e+01
3.711212195215998833e+01
-3.993862812558078446e+01
-1.057406451731700869e+01
7.934236790411453910e+00
3.567007657451770797e+01
2.729705388691400714e+01
2.759223350355311766e+01
3.561133694674261108e+01
7.978898272792209312e+00
3.517027741742205782e-01
-6.401022276255486254e+00
-1.054970207031557194e+01
4.382213997328844357e+01
