-2.659404149804480966e+01
-3.275890846304332626e+01
-3.556276147260113163e+01
-4.375813162856950811e+01
-8.898406452931771682e+00
2.994694454242553761e+01
1.988926502995919421e+01
-4.410017472687075113e+00
-1.826086417750342505e+01
4.245681813807966609e-01
1.652798663745275576e+01
-2.306259551422166965e+01
-2.185739798634856790e+00
2.140618635873518727e+01
1.442805069038909593e+01
-2.127543663285570474e+01
-5.356362687088787311e+01
3.434721089028812013e+00
3.261729909855983323e+01
-2.343347658366886677e+01
1.572554365498692874e+01
-1.556584862023913729e+01
9.755883379580954085e+00
-3.747587245263230926e+01
2.726658094530905885e+01
1.668620715171940816e+01
7.300506047575568758e+00
3.933048365671822921e+01
-3.357025785205805590e+01
-2.881514610374384944e+01
1.453314516872566919e+01
5.387998447258856061e+01
2.708712006263695926e+01
1.595418810551777078e+01
1.167582171287584458e+01
3.543201795143351518e+01
1.365072951580877358e+01
1.321626187993465606e+01
3.114683829372996016e+01
-3.853155961338705993e+01
2.541140991002973237e+01
-9.023559016474239414e+00
1.860936240560299737e+01
1.755703909667344575e+01
1.896468400319569980e+00
1.604889250891167052e+01
4.813235931866296724e+00
3.331924147444576079e+01
9.959505892438626162e+00
-5.753150493351397898e+01
1.865000585738116357e+01
5.074949206149823766e+01
-3.687158984910765724e+01
-3.358736119487807770e+01
7.752199307057207278e+00
3.702593177216530762e+01
4.123746576557184085e+01
-5.925873210177617523e+01
-1.286559185017057061e+01
-2.166332375240597230e+01
3.274359068946363749e+01
7.338550366474094311e+00
2.496284419448694436e+01
-4.263783940044596221e+01
3.956742568571408469e+01
3.611722614334560433e+01
3.671282813051732319e+01
4.131496268743774181e+01
-3.641696302172715605e+01
-1.068374295183512679e+01
1.333544172104190118e+01
4.951739983369614961e+00
-1.859397825958308914e+01
-4.094265316872011340e+00
2.413276256690576815e+01
-3.156262631966056631e+01
-3.639320106423676293e+01
-1.079329863922856525e+01
4.967240624532695392e+01
-2.842703521666852140e+00
-1.065961861145854606e+01
-2.626468663217384147e+01
-2.954583242874567262e+01
-3.312503378105476060e+01
6.157750771968481018e+01
9.983357338311616758e+00
-1.612068461784303963e+01
3.553930856822109519e+01
-3.697792849097402978e+01
-8.338966303239793376e+00
7.848774063609688767e+00
3.372045485468763815e+01
2.747004873058623531e+01
2.862603065006387482e+01
3.675854981126785503e+01
7.781609917490666994e+00
1.197202462197299422e+00
-6.861002689548584499e+00
-9.611930136180747652e+00
4.423491833090488967e+01
