-2.715185205347079744e+01
-1.490603466012247402e+01
-3.462971528334250593e+01
-4.588909123229909426e+01
-1.795592640573986287e+01
2.596464337072456985e+01
2.445165127184092313e+01
9.952639164943464678e+00
-1.196547216970884087e+01
-1.740928510445184374e+00
2.264061841860874935e+01
-3.220902927132404869e+01
-9.024793354345185037e+00
4.972137167579059103e+00
1.591999818422272384e+01
-2.185942345705913326e+01
-4.285434832850830844e+01
3.158423456860042222e+00
3.111671619291306712e+01
-3.126757426056316902e+01
2.585128914694558588e+01
-1.923120582248708388e+01
2.094092996068489043e+01
-2.404594612538759435e+01
3.019155717597486088e+01
6.744327573826211619e+00
-1.297817577464512695e+01
3.127893740478969065e+01
-3.534128856554141151e+01
-3.435843014543263507e+01
-6.768188428032019921e+00
4.145304470214489356e+01
1.734113263827677542e+01
4.348359247914411085e+00
1.134951453864143822e+01
3.487635654096220605e+01
2.318025157470747288e+01
2.517962725916295952e+01
3.457852278281709602e+01
-3.668256006198557628e+01
2.760184544939682638e+01
-2.256838576437066646e+00
2.812908099326940103e+01
2.068138745825175207e+01
1.208583731589283561e+00
1.560488177769449969e+01
-5.642356439764244946e+00
3.958796313056912197e+01
1.127364648940141123e+01
-4.889363994643654365e+01
