-2.850979380167598265e+01
-1.602180840525175753e+01
-3.449217181160285861e+01
-4.558028445359595082e+01
-1.813584309743841061e+01
2.584643192714727533e+01
2.457538418592573493e+01
1.154735304157151354e+01
-1.254368789492427005e+01
-8.166738047566266534e-01
2.366491937712738292e+01
-3.160669823988089178e+01
-8.943283864690055651e+00
5.402369634322575109e+00
1.612240527284697578e+01
-2.199729315735390145e+01
-4.327432900480292943e+01
3.280746060827732347e+00
3.162138605340058817e+01
-3.057311673076901926e+01
2.511537423616910303e+01
-1.841965866063519286e+01
1.961695864972736558e+01
-2.409977641398242909e+01
3.025247792264114466e+01
7.082678136248491185e+00
-1.251395588258121094e+01
3.198365450699522938e+01
-3.546855821022055721e+01
-3.431371009845467768e+01
-6.635048459841222268e+00
4.143715925161264835e+01
1.828715348972061250e+01
3.566232371434771231e+00
1.093540789164886462e+01
3.376294146297500021e+01
2.402091414782796619e+01
2.393884682460135238e+01
3.507376935270541196e+01
-3.661919797280176425e+01
2.918077608779346122e+01
-2.790449512632929618e+00
2.782630602227094840e+01
2.122724406471775183e+01
1.687821342719000084e+00
1.482164316333213350e+01
-5.198235153505829764e+00
3.991405663181307517e+01
1.176491676037409562e+01
-4.938186127365891309e+01
2.053155676199848756e+01
4.793663100490649498e+01
-4.238881210568439428e+01
-2.700707698681633318e+01
2.626970663735935574e+01
3.098922370797136949e+01
3.731217887863363103e+01
-4.613429716731276642e+01
-1.855659516638166551e+01
-2.274681756239155206e+01
3.767934601139378259e+01
7.815918490099194926e+00
1.941607807785066342e+01
-4.215195634316096829e+01
4.900799465052070047e+01
2.455013236653625341e+01
4.065170913513118478e+01
4.371704889250030845e+01
-4.511950315760956443e+01
-1.241894850393220118e+01
1.390185040729071630e+01
-2.635439437251458905e+00
-4.077754863950760011e+01
-3.140543776446221180e+00
2.583917531706398307e+01
-2.965266587954843303e+01
-2.028889608230257124e+01
-1.037338357245872977e+01
4.538275735261081678e+01
-9.953619594933810433e+00
-1.113453565881857443e+01
-1.828866822132736303e+01
-4.885100020336305704e+01
-3.224783814274964300e+01
4.917509032982724193e+01
-9.458847613293402290e+00
-1.713469278068236434e+01
4.846479054829448074e+01
-4.394672012036695463e+01
-7.576516776070357118e+00
1.341033093629105899e+01
4.692526579943872633e+01
2.380138252094408458e+01
2.732385071532296905e+01
2.662556492354312354e+01
1.472976446284142149e+01
4.112592352732698409e+00
-3.295281355529035228e+00
-2.109519979085743557e+01
4.973251762721358915e+01
