-3.383754167354125997e+01
-4.162821252665030158e+01
-4.845371589959822956e+01
-4.219432872992410211e+01
-4.296471972320539834e+01
-4.667399600208464960e+01
-2.846191051196648303e+01
-4.543800954293075023e+01
-4.687351912889615591e+01
-4.335622596122056649e+01
2.143270498309223981e+01
-3.931676602463281966e+01
-3.407706935295031769e+01
-4.205917107346406425e+01
-4.133756778029959378e+01
4.620318961077628472e+01
-3.700719926199401755e+01
-4.407437785588773238e+01
-3.598830242119574052e+01
-4.806435275109819116e+01
-3.894440673938419906e+01
-2.615876266504727354e+01
-3.912391954563271668e+01
4.634583345241185270e+01
-2.973551032647779024e+01
-3.805418765921798041e+01
-3.989810779610414926e+01
-4.444084005758407585e+01
-4.440357325800116683e+01
-3.039493789271627833e+01
