-4.682528313406574227e+01
-2.956225415380323795e+01
4.945979130399014423e+01
-4.255445028399226004e+01
-4.195610955842045087e+01
-4.678175164878518899e+01
-4.096353424824789613e+01
1.486047621133231011e+01
-3.524699044461553399e+01
-4.291923776954530467e+01
-2.704482222672773517e+01
-2.669801914924105546e+01
-4.674351762503073360e+01
-4.271715496878540819e+01
-4.070676553222509853e+01
4.631180420309610213e+01
-3.715128770926740742e+01
-4.341921352831915470e+01
-2.315721317503643917e+01
4.896520231992399630e+01
-3.926255243138326279e+01
-3.904817122368447002e+01
-3.898034785926692791e+01
4.034572890477090823e+01
-3.822235160774999141e+00
-3.817025763928091919e+01
-3.984689350162726384e+01
-4.600645369504664473e+01
-3.132765748473580558e+01
-4.286603612788493223e+01
