-6.833073989486506150e+01
-4.296632511414077982e+01
3.186987914636034702e+00
-1.587098002700244592e-01
5.897895046445827916e+01
1.536913487402632938e+01
6.417058534108940648e+01
-3.357738034420247430e+01
7.807808097467727748e-02
3.868146484002214613e+00
8.896081236779235013e+00
3.556174663275149328e+01
-3.087349536410796347e+01
-1.809592279560601469e+01
7.052607147741213112e+01
2.238195361072709844e+01
2.453359945879498127e+01
2.540283313752777872e+01
-2.138339705475468477e+00
-3.669061647142558513e+01
-2.804731184709166314e+01
4.060777788728628934e+01
4.091442118759589164e+01
-8.824751815267021016e+00
1.010965905011833854e+01
2.026373748317840295e+01
3.309211304314531077e+01
4.119313688115161654e+01
-4.562623365464291147e+00
4.007169033187315677e+01
2.695320607824875481e+01
3.461758091785820568e+01
1.272848180382398198e+01
-2.603204147946847513e+00
-4.129584564110091094e+01
-2.501264984037557326e+01
4.336289303079382051e+01
4.399983813267215282e+01
-4.853081482443126049e+01
-4.515589662983698815e+01
8.071950078162990394e+01
-2.747119475306402592e+01
5.663966096718957743e+01
4.173144532486332992e+00
-4.875931896032517443e+01
-6.462928524839384181e-01
1.285487627174750891e+01
8.867564766028738177e+01
-2.355477766539979712e+01
-6.452140738788401109e+00
-2.088584003614570150e+01
4.534153895957922487e+01
1.468911284155924335e+01
-7.932248934756253789e+01
4.457166343311352819e+01
1.421069826375489953e+00
-3.572757141450498608e+01
-1.410837961390654982e+00
-6.512342256846366695e+01
-1.825009380101754175e+01
2.978199148598154977e+01
-9.722797867867889465e+00
-3.808070287948032018e+01
-1.724470505241457730e+01
-4.319437733861832385e+01
4.128036190774060543e+01
-2.623915807433705893e+00
3.809348399424031584e+00
4.665430692787509770e+01
-4.657114729142538323e+01
3.787506334954361620e+01
3.916455046755766034e+01
-2.865522876065610447e+01
7.903431047052751524e+01
6.436593843952138627e+00
7.397711495279575900e+01
8.512406891227168160e+01
-1.085102386447006495e+01
-1.935660388271228527e+01
9.310716604672933272e+00
4.114302704706508962e+01
-3.293784690842547036e+01
-9.037157879699076091e+01
1.704303439856796665e+00
7.161379343647703877e+01
-4.981843355875375323e+01
-4.814472989899614674e+01
5.049481049562617585e+01
-8.411133725310064335e+01
6.102308685832684887e+01
2.807615064091329060e+01
-6.802844876238197003e+00
-3.020586019515055654e+01
7.083016753636741214e+00
-5.444309913730571537e+01
3.130181753802943945e+01
-2.743817525091631637e+01
1.213127360925827247e+01
9.210864114777331224e+01
3.585483952242663008e+01
