-2.795151552410230877e+01
-1.627697633368114438e+01
-3.492561174658833067e+01
-4.613192261209686507e+01
-1.802488776428977246e+01
2.566263138096069696e+01
2.523227490662900152e+01
1.164413058157565573e+01
-1.208197408680350193e+01
-8.745162380580040473e-01
2.253817837576950112e+01
-3.179271108821805569e+01
-9.121820135419062225e+00
5.665875385311927026e+00
1.532807040851182023e+01
-2.063228151893254392e+01
-4.393457884600459806e+01
2.730656636430603523e+00
3.185501752442613821e+01
-2.994002763553825730e+01
2.586552294725322199e+01
-1.829110860223985924e+01
2.066334574176896766e+01
-2.468373697236768294e+01
3.011038233222816274e+01
6.702492084006312467e+00
-1.271418221995287823e+01
3.160708480336766613e+01
-3.498930201227734216e+01
-3.334622659518192478e+01
-4.857255163881226245e+00
4.185942894954177973e+01
1.802087345515288064e+01
3.946236123250953298e+00
1.064518313190387389e+01
3.466247750227358182e+01
2.381367413403529909e+01
2.380843559312289415e+01
3.478598146254092427e+01
-3.605938741149275018e+01
2.861254628689835400e+01
-2.934661977987443215e+00
2.817663046544313232e+01
2.100060625420732663e+01
1.234582679913869496e+00
1.448095197655890232e+01
-6.211706798770848970e+00
3.905826342139629048e+01
1.290437867302703623e+01
-5.020115229321102390e+01
2.128579090057239398e+01
4.878105863055604630e+01
-4.282669292566573205e+01
-2.621489962313873079e+01
2.770894197320686914e+01
3.069776949890511020e+01
3.735922601464137927e+01
-4.615754149336285650e+01
-1.763040583436469433e+01
-2.253615381579381705e+01
3.726556028107497553e+01
7.754833819802779971e+00
1.932009239376825604e+01
-4.220108703356643076e+01
4.844467929992451616e+01
2.471978742327231515e+01
4.059638277707322374e+01
4.419579471248825797e+01
-4.573181657093739716e+01
-1.246925520591969594e+01
1.346503087619163708e+01
-2.064267730122479882e+00
-4.011852204371898267e+01
-3.515095690739637568e+00
2.649669502402123555e+01
-3.002640677521698365e+01
-2.085465029989102348e+01
-9.479280861945436953e+00
4.519910214535418191e+01
-1.068569649685056433e+01
-1.103427841305220447e+01
-1.786920488998884338e+01
-4.795165619136371760e+01
-3.197007487641471002e+01
4.903301225127106733e+01
-1.007877067992415299e+01
-1.727550011033671140e+01
4.840256947803976573e+01
-4.264191056933260171e+01
-7.993812172775881741e+00
1.255087470442552977e+01
4.750453852366609198e+01
2.286622090930590900e+01
2.725718316276159214e+01
2.766346864418670748e+01
1.438844823006152041e+01
3.988461235361696389e+00
-3.035669555325562374e+00
-1.987675685292693117e+01
5.080219802811272700e+01
