2.776151393210304352e+00
-2.372893696985152623e+00
5.722512065976435913e+00
-8.562689633574889214e-01
-6.933199724139418763e+00
-7.897392122680995108e+00
-8.258496767321467757e+00
-7.060012062339434458e+00
9.456654869943765362e+00
8.158314166299787118e+00
-5.943452669860768367e+00
-8.765010191828940478e+00
3.310720498339254636e+00
2.593910086149266547e+00
-4.846074562737694991e-01
-2.358146880618011032e+00
-7.027131731569610906e+00
1.804081584026678620e+00
-1.989721298622143975e+00
-5.971988736217413773e+00
1.050380212503937294e+01
-1.432250432165745213e+00
-4.822874320014007843e-01
6.237056534272351627e+00
-2.003770872037142353e-02
4.471471435851904097e+00
-8.460926713819443279e+00
7.931971636909284307e+00
-2.577352320943156805e+00
4.643337999325058973e+00
-3.076757966124782140e+00
-5.442878696091721480e+00
6.263203398992305715e+00
7.873633903730171468e+00
-4.583586378252364035e+00
1.462230861876479437e+00
5.297122979182992353e+00
3.855753004877569445e+00
-8.172758701269662751e+00
-1.020311722701535251e+00
4.717087791515591988e+00
-1.656617183625701983e+00
-8.981967462009455616e+00
7.267360310424084702e+00
-7.007895412330992002e+00
-2.689005313724033286e-01
3.079241866778500203e+00
-4.765945102980865045e+00
-1.482546882876401018e+00
-2.231121481386515892e+00
