2.476467159942895346e+00
-2.676623661527089304e+00
5.418412169420748548e+00
-1.161340364679072312e+00
-7.241106876177451745e+00
-8.205030725369931943e+00
-8.565076755339466885e+00
-7.368057019083719794e+00
9.148207697755058376e+00
7.853060061036122974e+00
-6.251102273373914109e+00
-9.074791913875349891e+00
2.999879878612373041e+00
2.284158100132175573e+00
-7.940883257787769711e-01
-2.665125256610263449e+00
-7.334134970817114407e+00
1.494488313785966582e+00
-2.297741865480275703e+00
-6.281978290192071768e+00
1.019162577022869520e+01
-1.741446300221493937e+00
-7.913077966075496850e-01
5.927784295227596978e+00
-3.312463993263730089e-01
4.159026696505173426e+00
-8.767995543438315664e+00
7.626803159041982028e+00
-2.884272916743596760e+00
4.335950606948447472e+00
-3.385018700881059051e+00
-5.751885914561595925e+00
5.952740222268783299e+00
7.562995806011496569e+00
-4.893589366411426944e+00
1.154036201001920503e+00
4.991278268151425834e+00
3.550478596738293025e+00
-8.480396806289064671e+00
-1.327961868751313279e+00
4.411407883336530666e+00
-1.962309010956635014e+00
-9.288128012311936743e+00
6.965224294910886904e+00
-7.309054141382595127e+00
-5.676493864877115714e-01
2.779373910093244859e+00
-5.064535219479530781e+00
-1.781960942675819837e+00
-2.528157147498393265e+00
