1.718112064296409391e+00
-3.432863922617228170e+00
4.662208024450813504e+00
-1.916891067334819398e+00
-7.993426775216363467e+00
-8.958013525448043524e+00
-9.317609302516915548e+00
-8.118887321983374150e+00
8.399227490112302519e+00
7.103632079243469732e+00
-7.000237416446756455e+00
-9.825058060075113175e+00
2.253091150885293992e+00
1.535975952548394918e+00
-1.542593095694375860e+00
-3.414898741087152967e+00
-8.085222736563235202e+00
7.430675239660572418e-01
-3.049138020738252131e+00
-7.033853566456064854e+00
9.442938444838381074e+00
-2.492166193827893395e+00
-1.542886337591549362e+00
5.177662844984663337e+00
-1.079838450524903681e+00
3.412701133635916317e+00
-9.519743681036235472e+00
6.876707182083690029e+00
-3.633878758141363186e+00
3.591297010236791820e+00
-4.128623096619771893e+00
-6.495686014136305531e+00
5.209664383127711851e+00
6.818716841713815313e+00
-5.638402378829529660e+00
4.076858378237667724e-01
4.241704183673578932e+00
2.799696480020692935e+00
-9.229072258888496805e+00
-2.074557761264231637e+00
3.663964061067507050e+00
-2.710162786747243757e+00
-1.003682389900354011e+01
6.211438005586376931e+00
-8.060768539148853051e+00
-1.320397691057094036e+00
2.027286218580263366e+00
-5.819452229781013841e+00
-2.536241770219522795e+00
-3.283861265485882974e+00
