-9.906074366014628652e+00
-9.036124726348234049e+00
-9.290492979544172414e+00
-9.393493758286798112e+00
-6.152991070895700965e+00
8.433422191110187427e+00
-9.667862911022787387e+00
2.928300627783287702e+00
-2.041818791087716356e+00
4.477354337918539429e+00
-9.587013934881921884e+00
-2.636473146794518385e+00
3.426215187042496613e+00
7.630120880424463792e+00
-2.145415488065040677e+00
-1.338111806436398599e+00
-7.960762655380921871e+00
-4.068325875162281946e+00
-8.510838699158889131e-01
-8.788660502865964119e+00
6.122966409414535960e+00
-2.256546841297149830e-01
-6.259724314246363441e+00
6.384152243354321854e+00
-9.567455405453866746e+00
4.321655824977217009e+00
-6.198346839730084490e+00
2.271044933727120352e+00
-5.429309760913709759e+00
4.183422088911830983e+00
