-8.965351964923245376e+00
-9.036124726349710201e+00
-8.608870800919170563e+00
-9.393493758286977524e+00
-4.645215324821164948e+00
8.433422191110009791e+00
-8.759941023772103819e+00
2.928300627783219312e+00
-4.403330611654462601e+00
4.477354337918582949e+00
-9.823829466165310720e+00
-2.636473146794623190e+00
-3.344444112155166238e+00
7.630120880424572150e+00
2.933831897187091808e+00
-1.338111806436439455e+00
2.940337993589459131e-01
-4.068325875162337013e+00
-1.832965277010020877e+00
-8.788660502866141755e+00
5.767851097658559745e+00
-2.256546841298925354e-01
-9.304375360095935577e+00
6.384152243354145995e+00
-9.188796699686911040e+00
4.321655824977039373e+00
-5.541566339713167366e+00
2.271044933727177195e+00
3.556634610973395283e+00
4.183422088912005066e+00
