-3.022559765095097006e+01
-1.584174679248765472e+01
-3.403579175705232984e+01
-4.491045505795284498e+01
-1.888141926323326913e+01
2.462198218637082903e+01
2.561676511679550927e+01
1.202805192330531980e+01
-1.129323241540526901e+01
-1.066288881592850846e+00
2.303195805712883271e+01
-3.163179596680895855e+01
-9.413910889157678596e+00
3.747129028053653332e+00
1.332803069195522205e+01
-2.178512235395974272e+01
-4.143910841656323640e+01
1.295444332365349949e+00
3.008191003423218035e+01
-3.045710088882935196e+01
2.568208010727840218e+01
-1.899801563033654261e+01
2.136678885336111477e+01
-2.347600454832070227e+01
3.193834726120966039e+01
7.069883469320698666e+00
-1.389883599250770274e+01
3.141666451349451350e+01
-3.551880184332064516e+01
-3.582085307636768334e+01
