-2.751842192642279628e+01
7.266992111729368986e-01
-8.589246222530618979e+00
3.876149837962671540e+00
-4.610847532512587321e+01
2.871413503280130897e+01
-4.869962595612081913e+01
3.391544773267133905e+01
-7.517009741465932038e+00
-2.846601930744912323e+01
1.250649469051104745e+00
4.610612732337526154e+01
1.189841156808539502e+01
-3.858603005495066895e+01
3.168842924238023784e+01
1.074770208217985612e+01
1.724389331920114898e+01
2.757190751444805699e+01
-4.346282615945256111e+01
-3.997788382610244184e+01
-4.062616034468426562e+00
7.755662625323580528e-01
-9.094131939112902074e+00
3.213545179867803370e+01
9.734085526573821312e+00
-3.384936728074521284e+01
-2.901567059484493427e+01
7.517352980836434995e+00
-1.618749923155144899e+01
-2.215420320129680931e+01
4.884776826184037191e+00
3.589080762144364911e+01
5.581207421774792010e-01
-3.722830214066749477e+01
1.952413011554548206e+01
3.749244540826239813e-01
2.856706920514946191e+01
-4.793551520579256930e+01
5.831259227875477791e+00
-3.140612322011570257e+01
2.554328218250634563e+01
-2.409130341821095911e+01
-3.328984055571731915e+01
2.402399365652370022e+01
1.243857531267627969e+01
2.654295886188551279e+00
-3.924646753649594189e+01
1.241920592895346331e+01
3.070989055324263717e+01
1.072531414020499341e+01
