6.926172564602863986e+02 0.000000000000000000e+00
6.276328442175422424e+02 0.000000000000000000e+00
6.920548052880401428e+02 0.000000000000000000e+00
6.600268873507847047e+02 0.000000000000000000e+00
6.424073416584476490e+02 0.000000000000000000e+00
6.712871769992182180e+02 0.000000000000000000e+00
6.497280924610893180e+02 0.000000000000000000e+00
6.860184341307742670e+02 0.000000000000000000e+00
6.340634210201723135e+02 0.000000000000000000e+00
6.531684644392257724e+02 0.000000000000000000e+00
6.668436532794073628e+02 0.000000000000000000e+00
6.252200298138252492e+02 0.000000000000000000e+00
6.358858347484888327e+02 0.000000000000000000e+00
6.339590439135324687e+02 0.000000000000000000e+00
6.257924364212492492e+02 0.000000000000000000e+00
6.298686738658888089e+02 0.000000000000000000e+00
6.894505737491322179e+02 0.000000000000000000e+00
7.048755386147142872e+02 0.000000000000000000e+00
6.796970015331338573e+02 0.000000000000000000e+00
6.674194227227591227e+02 0.000000000000000000e+00
7.016255932924818808e+02 0.000000000000000000e+00
6.150860625069796015e+02 0.000000000000000000e+00
6.359043685431813628e+02 0.000000000000000000e+00
6.670892130473529278e+02 0.000000000000000000e+00
6.847278211784503128e+02 0.000000000000000000e+00
