2.795084505158143884e+01
-9.288874834043646445e+00
-4.557316949852875609e+01
-4.955442818460124244e+01
3.075703770010220950e+01
-6.669326650789187738e+00
1.521324617978303451e+01
8.725580113400830840e+00
-5.398784669923861301e+00
2.886074934944139869e+01
-4.041423133766771514e+01
3.649769786076642930e+00
2.562077773757679111e+01
-2.036182669738745687e+01
1.487962701184577874e+01
2.314859224276023397e+01
-2.118234705584563926e+01
-4.332748943797100338e+01
-1.515129415817251157e+01
-4.225413569512564749e+01
-1.877222985272877054e+01
-2.477994699025088465e+01
3.255196055117745857e+01
2.202346803991661517e+01
2.587214940016654197e+00
2.166612491087960279e-04
2.212736744069348305e+01
3.053915654538054980e+01
-3.144836726818115658e+00
-5.963100954233127027e-01
-4.965379824712499612e+00
4.224814468478601270e+01
-5.898815361119552847e+00
-2.927468201100782430e+00
1.329952463135476570e+01
3.300069535064723425e+01
-1.296057099197490103e+01
-5.324431676018480886e+00
-1.005698218473348504e+01
4.265019736117658056e+01
-4.133668950362555705e+01
3.545788121121074710e+01
-1.065616818972259949e+01
-5.858295449688172951e+00
1.979675962220584040e+01
1.085080756972583060e+01
4.845017171445462623e+01
-4.101615907616273660e+01
-2.726888474319163436e+01
-8.093503030520537322e+00
2.188753993923314667e+01
-2.457045564604459642e+01
-2.933530925195473316e+01
-4.795410578668320767e+01
-2.731196757498358707e+01
3.383845121066042338e+01
2.493095076817449751e+01
-2.388330721744127771e+01
2.742263486926712801e+01
3.020021879213342686e+01
-1.673760428695507585e+01
1.251206874011686665e+01
-3.781136508756198822e+01
-2.736418047453631885e+01
-2.841383473767681522e+01
3.303582851361646533e+01
2.502226896391298538e+01
-1.861279815972736174e+01
-2.792161349992137431e+01
1.062185307583504112e+01
2.481498026632280940e+01
7.162408262412225390e+00
2.102318589090524270e+01
-3.012251270889213473e+01
3.857684060498873180e+01
7.935389321814074748e+00
-2.169830517822497384e+01
-2.939231157689803808e+01
3.518252175405301330e+01
3.293688724721040728e+01
-3.525921128035641061e+01
-3.537855081164073567e+01
-1.586274915551103248e+01
-4.057023446828784330e+01
2.827844500321252497e+01
4.025850001351827245e+01
2.499214563656457244e+01
-1.510487663129979552e+01
1.335910785123357769e+01
-8.967423758014037460e+00
-4.590697563178589746e+01
3.784174806361711774e+01
-1.858356883127772008e+01
3.582869996143701030e+01
-1.328860410359654765e+01
4.106612302871859299e+00
-3.622407467556377725e+01
7.994531901776142035e+00
2.857882401717365184e+01
-2.074101604197653614e+01
