-3.057285171558623560e+01
-1.602069281766832987e+01
-3.426734497838629778e+01
-4.581810851601333923e+01
-1.807978122921565856e+01
2.572567897858075980e+01
2.471656320515923966e+01
1.121571970674092533e+01
-1.213661713341249104e+01
-9.155070303260466336e-01
2.340531024199272991e+01
-3.146470646322137554e+01
-9.066299633329711227e+00
5.735046452963672436e+00
1.568417938147741530e+01
-2.158204084554014557e+01
-4.337023141657278558e+01
3.353632314286589367e+00
3.114533337792103396e+01
-2.990395087876431290e+01
2.543268920874352901e+01
-1.867392973824801317e+01
1.974923095716272314e+01
-2.442752402584708449e+01
3.031123770122071903e+01
7.076420599730909089e+00
-1.241641669412865490e+01
3.172483308110340516e+01
-3.595470422643565911e+01
-3.430051214860349518e+01
-5.950190284325006296e+00
4.163390337359188464e+01
1.788017874622080328e+01
3.647973509040408846e+00
1.070598803853012271e+01
3.417760168170060808e+01
2.369305366687526160e+01
2.464509162248410234e+01
3.438064710906359522e+01
-3.611374659336005521e+01
2.847953609060217062e+01
-2.843728548524892652e+00
2.829985668255062237e+01
2.101032319662307657e+01
1.845463115229112772e+00
1.516357856517957714e+01
-5.468721724431853559e+00
3.968670064769131756e+01
1.171355232432233784e+01
-4.941107411217403467e+01
