-2.657290176299984807e+01
-1.602069292579162862e+01
-3.426735011252521446e+01
-4.581811208981036998e+01
-1.807978115136271668e+01
2.572567904071810574e+01
2.471656390825468819e+01
1.121571949339886665e+01
-1.213661711181527458e+01
-9.155066521595947027e-01
2.340530967322828815e+01
-3.146470651679790365e+01
-9.066299489849896531e+00
5.735014628065215447e+00
1.568416697997978027e+01
-2.158247350992427016e+01
-4.337023138451570503e+01
3.353632168394837798e+00
3.114533338082117453e+01
-2.990395091076199563e+01
2.543268922534700849e+01
-1.867392973647809029e+01
1.974923094176330096e+01
-2.442752403515019921e+01
3.031123758333177065e+01
7.076420623379997110e+00
-1.241641669550038785e+01
3.172483307257579099e+01
-3.595470423888471601e+01
-3.430051214995525299e+01
-5.950190294301233251e+00
4.163390336791984225e+01
1.788017875209815699e+01
3.647973500271759484e+00
1.070598804414528793e+01
3.417760166477717121e+01
2.369305365771306882e+01
2.464509164017239584e+01
3.438064709923939688e+01
-3.611374659726278935e+01
2.847953610993160467e+01
-2.843728535199341323e+00
2.829985668432880175e+01
2.101032319131081749e+01
1.845463118975073868e+00
1.516357854108865411e+01
-5.468721728039658281e+00
3.968670066220493453e+01
1.171355236569104186e+01
-4.941107405348967774e+01
