-2.909738879448633853e+01
-1.539524226911273885e+01
-3.361061901285062703e+01
-4.511378883638618476e+01
-1.854733633438924301e+01
2.585682143730160831e+01
2.491144393420518099e+01
1.133979983774266032e+01
-1.169468906367544214e+01
-1.269267890021999357e+00
2.334513996051789775e+01
-3.056165004519393236e+01
-9.052302708300622669e+00
6.571517459520912041e+00
1.615168020824576445e+01
-2.189591127959623762e+01
-4.345182398677719249e+01
3.437455991996029248e+00
3.102272838253269072e+01
-2.987178313540245256e+01
2.570446273266763626e+01
-1.860172021886886284e+01
1.923859724341706823e+01
-2.439393072685861696e+01
3.027684351870393087e+01
6.379220711780344111e+00
-1.300411411587976040e+01
3.143835280131411736e+01
-3.627619936318585303e+01
-3.509505530606269730e+01
-6.879729062962836039e+00
4.134625992260888694e+01
1.870651875027756006e+01
4.008721246996243437e+00
1.045269885984083480e+01
3.495104883749385039e+01
2.439177784152052908e+01
2.447735919755172063e+01
3.376367056484676255e+01
-3.621489639119783277e+01
2.875539751816840450e+01
-3.390204930126133664e+00
2.841558824373161940e+01
2.101681229511238413e+01
1.880230940737272816e+00
1.532626517013161482e+01
-5.538357872692762918e+00
3.940764951270201522e+01
1.161586312620934436e+01
-4.943169189276775199e+01
2.123855144285288432e+01
4.765003806905424000e+01
-4.268245160757459900e+01
-2.749000757067019052e+01
2.637491446921951166e+01
3.158964407648677408e+01
3.694690689958174801e+01
-4.631112108496653690e+01
-1.850374021903110133e+01
-2.312588693890892699e+01
3.726120420783724541e+01
7.539310042393722711e+00
1.847886028528999702e+01
-4.231695562651610487e+01
4.887958278429665882e+01
2.489470120892653426e+01
4.075718074460363738e+01
4.347542394426177736e+01
-4.501075634300353556e+01
-1.244490167477562714e+01
1.400432233984678554e+01
-2.638001472343288967e+00
-4.138764374255695344e+01
-3.191240776043760441e+00
2.596245508204821562e+01
-2.957524806282136254e+01
-2.016083097747952024e+01
-9.905850987978029210e+00
4.446837571302727099e+01
-9.131363627871154520e+00
-1.122631171825628726e+01
-1.758309173653548996e+01
-4.927806363581040472e+01
-3.205867291849934020e+01
4.817429860371852612e+01
-9.116388393700528781e+00
-1.733881793541691962e+01
4.880018622856186994e+01
-4.426867872397465220e+01
-7.709878977592055094e+00
1.358485912956733088e+01
4.716543662863179520e+01
2.375758863660288256e+01
2.657014019638044289e+01
2.619803969632273777e+01
1.424452808813793148e+01
4.043582855270372534e+00
-2.958636180650621839e+00
-2.106215047309400745e+01
5.001946757331630522e+01
