-2.866984979383883214e+01
-1.571699381189767308e+01
-3.436997741628295699e+01
-4.633841199778633069e+01
-1.770700948708674005e+01
2.525700315594339784e+01
2.448098235206767370e+01
1.186068210442834037e+01
-1.209734213546890658e+01
-1.160414757647480588e+00
2.320328099947490585e+01
-3.080923729619294349e+01
-9.643155828939141472e+00
6.027038195673193322e+00
1.577267359391996138e+01
-2.122803399216912368e+01
-4.224062373391211622e+01
3.412715898223168676e+00
3.151787625131832016e+01
-2.975284776659206898e+01
2.573868048360321481e+01
-1.779380548697553266e+01
2.006058772092023190e+01
-2.410344118692464832e+01
3.084144507769252641e+01
6.985571144452767278e+00
-1.316494273780278235e+01
3.134958332290874594e+01
-3.613642322549777219e+01
-3.527096990572130153e+01
-5.204100981408340765e+00
4.199330072866535346e+01
1.743461630711752264e+01
3.452430705562458346e+00
1.013700197256218871e+01
3.494180736202663695e+01
2.463420404968272592e+01
2.445943423263557648e+01
3.435574194871473708e+01
-3.623775657906836045e+01
2.888663323264518823e+01
-2.463732137125651978e+00
2.844369778270302263e+01
1.980621045602899599e+01
1.713109304366265295e+00
1.518049272984279163e+01
-5.553338105390873025e+00
3.942837569629870842e+01
1.204800507009903221e+01
-5.030889230494113207e+01
2.099060308167340594e+01
4.838459005349508146e+01
-4.292293843858955427e+01
-2.643485583189505306e+01
2.686828902326665869e+01
3.106410245490555155e+01
3.775598614635000416e+01
-4.569227783240541640e+01
-1.919469044493745713e+01
-2.264400443449375899e+01
3.720939280689785988e+01
7.176968438864270716e+00
1.858404202897248325e+01
-4.245252278225460429e+01
4.862665315715120329e+01
2.432420203707503248e+01
4.110159261609787507e+01
4.394895882604645010e+01
-4.517830984699661911e+01
-1.165201305083122385e+01
1.365515782057029170e+01
-1.767544038218120228e+00
-4.091866191998651203e+01
-3.508326316221842767e+00
2.639790185617780693e+01
-2.928126517978282806e+01
-1.970224628232359265e+01
-9.457718691644927844e+00
4.412438604410922949e+01
-1.083093987364240185e+01
-1.091207781904226870e+01
-1.760883391706398626e+01
-4.938757862189551417e+01
-3.177165302516727863e+01
4.818267407064907815e+01
-1.040595720487572251e+01
-1.614523281000355581e+01
4.898320918196967000e+01
-4.510041824808240563e+01
-7.014052741878151309e+00
1.286271718642884920e+01
4.667311705510235242e+01
2.403927497922255441e+01
2.742408583173105185e+01
2.581272469105794443e+01
1.401436765219363956e+01
4.370531984422453498e+00
-3.826348673776954090e+00
-2.041324291245722478e+01
5.083432382233297631e+01
