-2.839254648490203792e+01
-1.495297729557190713e+01
-3.296798287491722590e+01
-4.599747397122359160e+01
-1.847032802444824284e+01
2.630485173073658345e+01
2.457557647612346230e+01
1.080252643932859691e+01
-1.263825034857153007e+01
-3.873521766743144301e-01
2.280825664293339372e+01
-3.146609986307831619e+01
-8.854388587872604077e+00
6.202112307869875885e+00
1.619049677804586551e+01
-2.070126355362418735e+01
-4.352713036674603586e+01
3.161448706121430252e+00
3.070867825148975072e+01
-2.933138532537495280e+01
2.498375679567150343e+01
-1.851412180862097401e+01
2.082949838476298154e+01
-2.506517910764397783e+01
3.135473495429515012e+01
5.934931345745986242e+00
-1.284677104334324937e+01
3.144645800491883492e+01
-3.530733266837209783e+01
-3.400510582113724922e+01
-7.122206535688714979e+00
4.138674777258562187e+01
1.775983326734048617e+01
3.663021174224846188e+00
1.093869982032507870e+01
3.424277120691773746e+01
2.262137951831615013e+01
2.426682610670026463e+01
3.395733837320671000e+01
-3.601098696318003078e+01
2.877536505013262058e+01
-2.819326289605735170e+00
2.855197997328632908e+01
2.011621382637073907e+01
1.234505592699147725e+00
1.549830620287208482e+01
-6.603951774674338360e+00
3.957320352676464381e+01
1.205963042482750147e+01
-4.966301967627403258e+01
2.076798515700065551e+01
4.689774530198850044e+01
-4.265880641005684737e+01
-2.747629934811446617e+01
2.674079854694795344e+01
2.994361540967805624e+01
3.741727207899017316e+01
-4.683976345666776808e+01
-1.786639065734041409e+01
-2.259642244910365960e+01
3.738008810719940556e+01
7.113191778318437741e+00
1.930150466787965513e+01
-4.169660496492689106e+01
4.933449872949994131e+01
2.516992086057878097e+01
4.036926994881617503e+01
4.418144282202691642e+01
-4.432669504762975521e+01
-1.294724419635905832e+01
1.406405068772722089e+01
-1.894608655443918099e+00
-3.983000791215636127e+01
-3.928978236071853480e+00
2.665104663096511217e+01
-2.973484277869377834e+01
-1.998380927947391683e+01
-1.075665898886915173e+01
4.498599892417133361e+01
-1.025771854783612014e+01
-1.100740547117761103e+01
-1.818751969363687238e+01
-5.003841781772297281e+01
-3.113651904231875633e+01
4.861154693362955470e+01
-8.885411662635002372e+00
-1.771832876374251242e+01
4.738642700761310067e+01
-4.464285410590431979e+01
-7.894747625779720224e+00
1.444010586793548967e+01
4.619920217741579194e+01
2.281995164641537954e+01
2.642864166984921681e+01
2.728062904666376554e+01
1.474309915055789766e+01
5.008819602803868065e+00
-2.637519300877494643e+00
-2.017403579383027434e+01
4.965906960134955028e+01
