-2.366540939227327556e+01
-2.490149323153719507e+01
-3.599010400859059189e+01
-5.409376425364047947e+01
-1.215552390453104437e+01
3.312206895774630766e+01
1.845336364102305282e+01
1.328122107872861868e+01
-2.312468937918418632e+01
1.894928889770939984e+00
1.824717179856654425e+01
-2.852356975180406451e+01
-1.058477674127087198e+01
1.842964096708070088e+01
8.582492543164038423e+00
-2.394486109847818867e+01
-4.866965949308492156e+01
7.302356074717484269e+00
3.091769632888906472e+01
-2.025627635464104515e+01
2.608985695113685921e+01
-1.568804300606644020e+01
1.974121844090747402e+01
-2.560229475191954762e+01
3.185554101678739869e+01
3.064946541706746519e+00
-1.198537558438531647e+01
4.480637494088156814e+01
-2.316036425379094510e+01
-3.180001126172668791e+01
-5.304639734417769148e+00
4.838605072230142667e+01
2.737654368788435022e+01
1.042328801521874837e+01
9.228140293799244276e+00
3.970425002125534064e+01
2.831840547763987104e+01
1.821212912216032365e+01
2.762077465922353170e+01
-3.787860955200992663e+01
3.126429276511173327e+01
9.048901434911749142e-01
3.261895134630724158e+01
1.009032017736976705e+01
-2.508701128021366245e+00
2.426196592820358688e+01
-2.039121612714180998e+01
3.041243339368365639e+01
1.841540313489924685e+01
-5.229674324849226252e+01
