-3.218364066818276115e+01
-1.400702361471688739e+01
-3.408589381335555402e+01
-4.436917968485619213e+01
-1.801620127023426221e+01
2.590098079019639243e+01
2.355474237167037188e+01
4.053728099705340426e+00
-1.143362872422971321e+01
-3.750896045368029785e+00
2.393282443142798499e+01
-3.206997736105673624e+01
-7.766796224897078105e+00
6.170804893937221536e+00
1.477722394290724495e+01
-2.643696200662255080e+01
-4.323018604266161447e+01
4.335681683263274522e+00
3.029673662783702781e+01
-2.886434811773404974e+01
2.458741074413767791e+01
-1.424608321306167724e+01
2.752940213746598275e+01
-2.562787722511860977e+01
2.760233693535104038e+01
2.467678012980066615e+00
-1.068977910645924112e+01
2.613509394425541288e+01
-3.232963081790451554e+01
-3.466931619231621653e+01
1.589689988013462951e-01
4.035468673719562815e+01
2.052644183942332745e+01
5.980101762675379407e-01
2.066678957783574244e+00
2.799974148134996099e+01
2.489806349874755753e+01
1.917979650289951365e+01
3.776882815717908670e+01
-3.269870776124355416e+01
2.538580838579794730e+01
-3.497207398065115491e+00
2.397530282384979827e+01
2.432515897463725096e+01
7.367366650220882107e+00
1.535781232768604276e+01
-1.473667108554584715e+00
4.326078411896886422e+01
1.315050495866343816e+01
-5.251622106903865017e+01
