-2.970362780309476136e+01
-2.057924452280959926e+01
-2.963863535274329664e+01
-4.491764216246284747e+01
-1.630905093858037702e+01
2.452713406388121342e+01
3.146598083057676831e+01
1.326689242556885517e+01
-2.098462942297278033e+00
2.329311129992713170e+00
2.460899997918567550e+01
-3.809429749701282475e+01
-1.183849741366774744e+01
1.225520444741384019e+01
1.388363987908008212e+01
-1.790883915103322011e+01
-4.671875306992683363e+01
-6.839040498990618389e+00
2.757224268649542864e+01
-3.401018517702750898e+01
2.204367747493164131e+01
-1.949595221461077799e+01
1.945714326704846897e+01
-2.568987499696652677e+01
2.381775398557020651e+01
-9.757927413644758019e-01
-2.222736275115523341e+01
3.227010149304585696e+01
-3.051324812364868677e+01
-2.959893523632790746e+01
-8.345118520041644672e+00
4.134714347688424141e+01
1.036137421751051768e+01
7.552411201475441871e-01
1.310012413238050399e+01
3.371298058643814244e+01
2.263577332968529987e+01
2.594969276734697061e+01
2.986801333942841552e+01
-3.384738190412430470e+01
2.856181718133772662e+01
2.713151810360726390e+00
2.674444949779176639e+01
1.875597879914703014e+01
7.619683784668364268e+00
1.719338914254775830e+01
5.051297334998146482e+00
3.416402888713131603e+01
1.899258551602263623e+01
-6.115610547256649454e+01
