-6.506380488076130675e+00
-9.297413698280260874e+00
-5.338483225677681077e+00
-9.320352181036176020e+00
-7.103957094228903202e+00
8.445241031958881095e+00
-8.939723310519418931e+00
2.932143934919157591e+00
-2.119773181651213534e+00
4.484121898367823711e+00
-8.219008384724192595e+00
-2.633342281722135247e+00
-7.479123437468260249e-04
7.634723556320526683e+00
3.330808435928220845e+00
-1.337813846576338062e+00
-8.758577522744534605e+00
-4.067926821651018265e+00
-8.865759025013016270e+00
-8.785563115734964512e+00
-3.938687680199737251e+00
-2.241773719187431790e-01
-6.502570390607449013e+00
6.386570536776636331e+00
-8.388198127805321036e+00
4.325942314676723299e+00
-3.541451458743115843e+00
2.277427133676077187e+00
-1.271838299409258966e+00
4.185021357440044554e+00
-3.301950139286836894e+00
-6.762426583985929440e+00
-8.082316459066733572e+00
6.756223321992480990e+00
-1.735922786801147311e+00
8.669543904858663552e+00
-9.915173495061067044e+00
-1.120471664043654725e+00
-9.546524283013656742e+00
-5.529587700299436470e+00
3.077720269437230094e+00
9.279065842063388692e-01
-3.279853745182180980e+00
1.083568533794201150e+00
-2.929196745822610914e+00
5.476949478982071184e+00
-3.968921097483956828e+00
-3.281311632366255004e+00
1.120305444073808943e+00
-9.766060127352734099e+00
