-2.670590600012380378e+01
-1.598308727336744184e+01
-3.436598835970528398e+01
-4.596004677811946948e+01
-1.813053943823051029e+01
2.579026229487219624e+01
2.471095559748073711e+01
1.124000057167241451e+01
-1.229059873424788307e+01
-9.787421490132948154e-01
2.335422564279635793e+01
-3.151656262326889646e+01
-9.149724924856229791e+00
5.790619938607356687e+00
1.556473161708559694e+01
-2.167339846433175410e+01
-4.324462139567911834e+01
3.278352460059644091e+00
3.116945300052525880e+01
-2.983969598216334518e+01
2.553851859006173086e+01
-1.875808560873471720e+01
1.975381471155519364e+01
-2.430789366921325012e+01
3.041995986276143427e+01
7.345913232755973965e+00
-1.235198095601747603e+01
3.158387670132525926e+01
-3.590380575807628105e+01
-3.440646741116054841e+01
-6.029421296638719951e+00
4.164704412419683166e+01
1.786124483390223006e+01
3.520852658794963119e+00
1.081832132396948865e+01
3.428725953753228595e+01
2.366454415448965420e+01
2.473198634327252776e+01
3.440443975314793335e+01
-3.605853240576152530e+01
2.858492810205287782e+01
-2.763750137345023727e+00
2.834801066975999717e+01
2.112207316584121131e+01
1.821896231458789206e+00
1.536406340205084398e+01
-5.430310634302613515e+00
3.976273175772028168e+01
1.149342809836016777e+01
-4.920900249361133660e+01
