-7.421809644656018889e-01
5.887153546306912233e+00
6.497040120457134194e+00
9.126504097850759223e+00
9.308883001307345140e+00
7.074084548213065204e+00
-9.490414496098770414e+00
-4.284433792461005197e+00
-4.293661169809168676e+00
-8.677180723335492729e+00
2.631348589436245167e+00
-2.064846798877977285e+00
6.382896030167928281e+00
-8.094316189016204532e+00
-6.198418795678987792e+00
-9.495210516969764925e+00
-9.798821344458479743e+00
-9.732554183280182514e+00
-4.074169797543035543e+00
-7.743476043936065700e+00
-8.657876301766952443e-01
2.344696758671297454e-01
-4.219002429732261472e-01
-4.020480090923315153e+00
-9.333166797966383044e+00
5.739500474836455091e+00
9.196201987056266347e+00
5.150564444945356257e+00
4.123418071302479504e+00
-4.180896269803516141e+00
