-2.857333855132503331e+01
-1.602142433836892721e+01
-3.426673583292614467e+01
-4.581542470319512717e+01
-1.808332045162092783e+01
2.572768255525295800e+01
2.471496754883650127e+01
1.121625542104657391e+01
-1.213607808784147224e+01
-9.168107929831440517e-01
2.340641806084574483e+01
-3.146506398163629115e+01
-9.063599433273600070e+00
5.732415542506490880e+00
1.568540481003177689e+01
-2.158218886033926509e+01
-4.336888147207707789e+01
3.352268258915858556e+00
3.114603884249429200e+01
-2.990505333714945380e+01
2.543127018078029167e+01
-1.867141002025065433e+01
1.974718430751889997e+01
-2.442688467028429500e+01
3.031302309854760324e+01
7.074694110270650427e+00
-1.241837954334149074e+01
3.172387783308103693e+01
-3.595126575332285057e+01
-3.430014415871384870e+01
-5.951371025216432464e+00
4.163468326231250671e+01
1.787703895191080505e+01
3.650450075327002164e+00
1.070467755783074537e+01
3.417895996561264838e+01
2.369302985452379673e+01
2.464347499084022886e+01
3.438224782708132921e+01
-3.611528838528702323e+01
2.848040612547145400e+01
-2.844784219492670019e+00
2.830194445859082464e+01
2.101013704676476834e+01
1.845853907749480438e+00
1.516406513194009520e+01
-5.469661330228468898e+00
3.968735794405430539e+01
1.171142119256305847e+01
-4.941063613017715284e+01
