-2.857331665099874130e+01
-1.602039325728372177e+01
-3.426743110382567892e+01
-4.581752565759312290e+01
-1.807982204905180268e+01
2.572450128006438774e+01
2.471676315359325216e+01
1.121805605180461995e+01
-1.213832462910805354e+01
-9.136997541892961650e-01
2.340202070783846722e+01
-3.146316017305261070e+01
-9.069457669104124875e+00
5.738190101151212197e+00
1.568424278703188790e+01
-2.158429192614953607e+01
-4.336748124858904418e+01
3.351434773429983416e+00
3.114509993576003666e+01
-2.990335342297678523e+01
2.543332693463720062e+01
-1.867438824592334612e+01
1.974783558594211641e+01
-2.442557658678862254e+01
3.031303639500542602e+01
7.073925241260406338e+00
-1.241433558213880595e+01
3.172456002039375633e+01
-3.595618173282367991e+01
-3.429821184292546121e+01
-5.951171712043831441e+00
4.163288837852333302e+01
1.787974990749877691e+01
3.648515553466069150e+00
1.070536268033906957e+01
3.417964389808861370e+01
2.369180824293064447e+01
2.464520085091745472e+01
3.437947301041724302e+01
-3.611225911511917275e+01
2.847821929397762730e+01
-2.843063238048349373e+00
2.830043484763455197e+01
2.100971906345996842e+01
1.844348090033481213e+00
1.516402703717447586e+01
-5.467959373458183059e+00
3.968491349283181080e+01
1.171494022597610574e+01
-4.941096435641587448e+01
