-2.857390038500819429e+01
-1.602139962114280891e+01
-3.426465090709395156e+01
-4.581903899287408422e+01
-1.808000676468050827e+01
2.572807627232270988e+01
2.471413587704592985e+01
1.121612382061718449e+01
-1.213968381937183239e+01
-9.116258462861448475e-01
2.340658236332114939e+01
-3.146297096964801554e+01
-9.069608274955632155e+00
5.739616433656701489e+00
1.567839365133782614e+01
-2.158333414821872864e+01
-4.336962245771982083e+01
3.353593787085612732e+00
3.114539505509143424e+01
-2.990263072824920698e+01
2.542806058000715552e+01
-1.866792294443845179e+01
1.974551900575055896e+01
-2.442703168986976081e+01
3.031391563438236147e+01
7.073490460687652082e+00
-1.241639194741656738e+01
3.172747703438783873e+01
-3.595501137969347383e+01
-3.430018313578068501e+01
-5.950582445165067291e+00
4.163378556731088764e+01
1.788098973878279452e+01
3.645838676636373510e+00
1.070702899031790523e+01
3.417753991050339835e+01
2.369234465022087832e+01
2.464350804915918047e+01
3.438229605715785908e+01
-3.611339180769075341e+01
2.847989502131676787e+01
-2.844689497582558069e+00
2.829955926719465253e+01
2.101067224841784054e+01
1.845780963017093823e+00
1.516419190390547733e+01
-5.470446185882299694e+00
3.968954803045998858e+01
1.171303497206514876e+01
-4.941272818851464876e+01
