-1.020921684006741401e+02
-2.356218043409921137e+00
-2.356136510466328104e+00
-2.356155458982225781e+00
-2.356249882763240322e+00
-2.434730115328658684e+01
-2.356185089419936318e+00
-2.356224882361370732e+00
-8.639412224760565806e+00
-8.639394290956710520e+00
-1.178092103078945385e+01
-2.356138981976684477e+00
-1.492257879757621453e+01
-1.492262929182360409e+01
-2.356136697451706397e+00
-2.356166447464209668e+00
-1.806413338995947981e+01
-1.019320829340179699e+02
-1.021217398507465930e+02
-8.639408242443600727e+00
-5.497831080168218421e+00
-8.639395698816478841e+00
-1.178102344154119407e+01
-2.356149550233581635e+00
-1.492263072731592644e+01
