-2.865289038691999224e+01
-1.815639893679533756e+01
-3.373349044275515496e+01
-4.350043831456043364e+01
-1.767159375154358969e+01
2.746151040963396284e+01
2.552794577108768337e+01
1.049111621060826138e+01
-1.433473181822599507e+01
4.218214204337709106e-01
2.526804907613940898e+01
-3.382095641126176133e+01
-1.053906024915538353e+01
3.857131224039719086e+00
1.452123983234890403e+01
-1.997682894380028884e+01
-4.513153708701810984e+01
1.519468639680595645e+00
3.013167847449441794e+01
-3.048706456324708824e+01
2.382353600637291180e+01
-1.926580538097519124e+01
1.811498298522427675e+01
-2.358261475158337461e+01
3.095804627297082590e+01
8.813491400045156965e+00
-1.312468168117096567e+01
3.347199416884363643e+01
-3.402304725781516481e+01
-3.321494225905018283e+01
