-2.857240168279979997e+01
-1.602397931935613684e+01
-3.426610166215871800e+01
-4.581592266097131017e+01
-1.808253733393148011e+01
2.572917673017854057e+01
2.471972096445183098e+01
1.121161628057576465e+01
-1.213660363068805736e+01
-9.155886563597388506e-01
2.340652782043286351e+01
-3.147019801216065815e+01
-9.060612177060203720e+00
5.733932578659291401e+00
1.568113831968927663e+01
-2.157826282221550684e+01
-4.337142963009890195e+01
3.353883447909945748e+00
3.114471496559578156e+01
-2.990326459606828990e+01
2.543160944108919708e+01
-1.867651153053273561e+01
1.975286097301438204e+01
-2.443020005495414182e+01
3.031112202346749029e+01
7.077123152849020826e+00
-1.241543411973428235e+01
3.172504234015573843e+01
-3.595375744933342332e+01
-3.430215568104215862e+01
-5.948459934800345295e+00
4.163235260470122512e+01
1.787962082280252929e+01
3.649685450021188160e+00
1.070383884493715243e+01
3.417839016229827109e+01
2.369368281166073587e+01
2.464356238552666412e+01
3.438222647957778122e+01
-3.611512364744783099e+01
2.848152645131346716e+01
-2.844216361562544204e+00
2.829937299596086220e+01
2.101004676878543975e+01
1.845163239331707450e+00
1.516403128194239081e+01
-5.468403690872268186e+00
3.968540661566337491e+01
1.171443181545089729e+01
-4.941039122698883546e+01
