-1.322499506495352195e+00
-1.115132000782470989e+00
5.259615220355434495e+00
5.377885819451524441e+00
4.049902764307457270e-02
-4.160332066383538141e+00
-3.600155758221963875e+00
-2.709331368563109521e+00
1.483043844097238440e+00
1.803551689597459706e+00
4.343497625126611084e+00
-2.583267227205426231e+00
-3.204166892456958404e+00
2.130161288169242884e+00
4.905485816177471037e+00
3.988462681518751829e+00
-3.497854800988322577e+00
1.361915163555890151e+00
2.056889372634162161e+00
2.993513809035097673e+00
4.790365232392882255e+00
-2.702646351750037645e+00
-7.370429083484397736e-01
-4.057240121931360299e+00
1.339651688786436257e-01
-1.304046860550653851e-03
-4.759408785813068477e+00
-1.396722798161112111e+00
-8.721876384299709351e-02
-1.050800976153712263e+00
3.070306090671166110e+00
-1.140346839492077269e+00
-4.904841844039292909e+00
2.990799191210034902e+00
-9.106638937294617708e-01
3.237557865368648091e+00
1.582112530756359048e+00
-4.697327486097228721e+00
-1.483529131739104612e+00
9.220824096270304748e-01
-2.202266534960881650e+00
3.228454423642210247e-01
-3.573201951493294892e+00
2.543890858826840962e+00
7.295382983986340442e-01
7.604345534109022697e-01
2.526808809792717270e+00
-1.667645343729450058e+00
-2.939710852495303062e+00
-2.506016262226835600e+00
-9.212073742782875829e-01
-8.814019346977500780e-01
4.446185336489861584e+00
-2.910177972651561973e+00
4.026845146290813027e+00
4.228137053850608673e+00
-2.284360973613733137e+00
4.446571738125284945e+00
-4.848619350760976943e+00
6.895736732239957090e-02
4.653791049386585499e+00
3.279118466105237939e+00
1.597148984942513783e+00
1.337216981120147530e+00
1.765697429503101823e+00
1.853955783097614440e-01
-4.669342640154867219e+00
-2.210714353256776565e+00
-2.728562353560116005e+00
-4.080573985390007104e-03
4.047953773191258264e+00
3.398805430630222446e+00
3.171488376481900850e+00
-3.797315873004141196e-01
7.791357766919289052e-01
1.701733110593060205e+00
1.101396311150065088e+00
-3.927600057508476628e+00
-1.581587420217903661e+00
-4.908362896702509914e+00
-3.823986944073201943e+00
4.904449518072377501e+00
2.736083268991581274e+00
2.769497273728407372e+00
-2.717958116484704423e+00
2.148887649353228735e+00
-4.230567099423866217e+00
4.337177719734688353e-01
1.333585772129533886e+00
4.115603983668369104e+00
-9.303930699586113739e-01
1.948725938321923756e+00
1.404461983112357482e+00
1.030514138098551857e+00
-2.020166400932302264e-01
-4.366896273245397531e+00
4.381939197625375759e-01
3.812008901186507259e+00
-1.227745115365374423e-01
5.737748106152440117e-03
