-1.427402513107068449e+00
-1.293074541432916114e+00
4.957332606652925300e+00
4.880918382630902386e+00
-5.680334430094838849e-01
-4.654411593418674720e+00
-3.857320346860894311e+00
-2.760207451773030396e+00
1.486942316625334826e+00
1.803265857712180953e+00
4.321429046765780768e+00
-2.565588974974913672e+00
-3.208085325209428795e+00
2.120429626128510492e+00
4.900955729960829288e+00
3.969226045077721032e+00
-3.499904465473925086e+00
1.357539234860532407e+00
2.080535730206022560e+00
3.012280414821949304e+00
4.791985249115202627e+00
-2.681254986250177552e+00
-7.357390102210654703e-01
-4.054553469271149346e+00
1.174214785982756887e-01
3.345334196820067343e-03
-4.756413421492499793e+00
-1.402356955732258159e+00
-9.773480763270141203e-02
-1.066836530541015682e+00
3.084762517309374452e+00
-1.134295808460725974e+00
-4.891818342118790852e+00
3.004795147324532234e+00
-9.289575068844291295e-01
3.227467025732984496e+00
1.582711653666701412e+00
-4.714571672090681176e+00
-1.485329856965387441e+00
9.137183986066975683e-01
-2.191865065163413728e+00
3.318192160649272582e-01
-3.588280620921026287e+00
2.537962571590379302e+00
7.176834083538153886e-01
7.681118928086063669e-01
2.526116477165607499e+00
-1.655367758403446743e+00
-2.936606285708340369e+00
-2.505817960976921999e+00
-9.303615861115640540e-01
-8.810779468249975155e-01
4.456485125573640182e+00
-2.911918603703547603e+00
4.030063294581569977e+00
4.229952820986908613e+00
-2.280466694333562305e+00
4.455847632196515029e+00
-4.845433128341864126e+00
8.389566383486979362e-02
4.639726373526969816e+00
3.276523998131843030e+00
1.598848859078978002e+00
1.334724625935405973e+00
1.782472935872255082e+00
1.708061744882379829e-01
-4.686680004936368604e+00
-2.200880489346427105e+00
-2.728547877740750138e+00
-8.589435984629958595e-03
4.049947465525088219e+00
3.386517837150464061e+00
3.178289180428812699e+00
-3.682211911163499884e-01
7.776119724392224208e-01
1.698699801934632436e+00
1.101110556565141563e+00
-3.916175488819192640e+00
-1.572131006212416526e+00
-4.900703892877844581e+00
-3.840476041756213821e+00
4.896653578191616951e+00
2.718197195307231251e+00
2.750676238393392925e+00
-2.709741385945808378e+00
2.145527688285643109e+00
-4.226302828070292783e+00
4.399475211829342314e-01
1.347319583981962943e+00
4.118973967915199097e+00
-9.390862164304982773e-01
1.965630599982147286e+00
1.411802537665429069e+00
1.051675816040157585e+00
-1.962401526915872330e-01
-4.383560900832885743e+00
4.110979485905252861e-01
3.824883053049125348e+00
-1.327077880085577311e-01
2.902916136904708580e-02
