-2.771607935170402470e+01
-1.527684559786791674e+01
-3.459619553893785593e+01
-4.719962341234985814e+01
-1.892202734267268838e+01
2.522965853476122433e+01
2.415737373940168453e+01
1.214400281289719530e+01
-1.273341062107154542e+01
-7.243902591288257087e-01
2.389260165283177528e+01
-3.102270073774747061e+01
-8.508281032462035043e+00
5.419943624845398489e+00
1.554830756302969519e+01
-2.227342734611635322e+01
-4.391980116988348470e+01
4.181480635388107991e+00
3.083728086068389374e+01
-2.988068842727800600e+01
2.548890628070656206e+01
-1.833275608761616127e+01
2.122898172976805853e+01
-2.435527527474996745e+01
3.009967145108162967e+01
8.210559712762242057e+00
-1.209802598492005998e+01
3.092049245188589168e+01
-3.649328428408750113e+01
-3.355688261302690023e+01
-6.409309308433590147e+00
4.148179309626149802e+01
1.749239739016021389e+01
4.466597227924114399e+00
1.077496533291797931e+01
3.223569896237924581e+01
2.503331987857921703e+01
2.502103826686564503e+01
3.360518109949831000e+01
-3.632913670527068462e+01
2.900714522318257593e+01
-3.588758034028067812e+00
2.839300818875562982e+01
2.131474482863793085e+01
2.435603160073663176e+00
1.409726314469317821e+01
-5.994105828922992707e+00
3.935457601183944831e+01
1.118995233796038669e+01
-4.977011919469963885e+01
