-7.421847718720900877e-01
5.887142319631061049e+00
6.497058796746646436e+00
9.126530022474245385e+00
9.308903142810141418e+00
7.074092504957103067e+00
-9.490426500527526343e+00
-4.284448457299812496e+00
-4.293668435771121672e+00
-8.677197463677837064e+00
2.631338199777353282e+00
-2.064855832535849700e+00
6.382899492885877102e+00
-8.094350707931621258e+00
-6.198415073856367030e+00
-9.495194125485415526e+00
-9.798831203663359801e+00
-9.732558575441268900e+00
-4.074164625067768775e+00
-7.743482356568719638e+00
-8.657759692213928826e-01
2.344637397711810678e-01
-4.218764046104591658e-01
-4.020461024811898376e+00
-9.333171889370639462e+00
5.739489158989179884e+00
9.196214893160075121e+00
5.150560894629107267e+00
4.123415674752921589e+00
-4.180896322900194306e+00
3.923859168262499697e+00
1.722825470128934278e+00
-3.182260339390726056e+00
1.296002228905567266e+00
-7.851164147686133354e+00
9.202823433799427022e+00
3.382954911083586591e+00
3.950450256706460106e+00
-7.006182676902793283e+00
-5.937335847101691932e+00
1.787726908694185074e-02
2.588872455659573468e+00
9.268675385553528656e+00
9.975695940938388517e+00
-5.025601979879180448e+00
2.606278628934183494e+00
-9.530723461322510914e+00
-3.713341047967723796e+00
5.486334571548900030e+00
5.410692470338956284e+00
