-3.008308663612063327e+01
-1.649969908191153678e+01
-3.447603869405104149e+01
-4.624729513313230456e+01
-1.745968165210808110e+01
2.785599941044390704e+01
2.703343756570246015e+01
9.336984014749177163e+00
-8.473417759216218315e+00
-9.300024430163478240e-01
2.273389180266611120e+01
-3.086081276783382421e+01
-8.500174781049512518e+00
4.092465861526948245e+00
1.497071230373575723e+01
-2.156926097001527864e+01
-4.365208737199374411e+01
1.119071138082656791e+00
3.118883411544056372e+01
-3.091000481965496149e+01
2.687598610527947329e+01
-1.634828796682925400e+01
2.137410447294250204e+01
-2.436566497308363211e+01
2.853601082358481023e+01
6.923761631650807047e+00
-1.415438621821005150e+01
3.113952835118396933e+01
-3.365353554848678641e+01
-3.407040450426228517e+01
-5.897258500032590334e+00
3.969298452040651881e+01
1.710911165006135448e+01
4.999776953858933837e+00
1.145476304397615408e+01
3.162631294682183736e+01
2.178943239221693418e+01
2.504985802569378706e+01
3.481397606663605160e+01
-3.558555969712480049e+01
2.797811942245588668e+01
-2.643502670110652986e+00
2.691582544424472445e+01
2.332454030027582448e+01
-1.116065817248738323e+00
1.717328250195543760e+01
-6.764453057711276251e+00
4.085702846247660602e+01
1.335848609054161429e+01
-4.909004590614334518e+01
1.838400728278267593e+01
4.817687207177840492e+01
-4.354378477517740720e+01
-2.912876884050524851e+01
2.653309326466668594e+01
3.162644512812429198e+01
3.746304651379763584e+01
-4.597855866575005734e+01
-1.807634589681014958e+01
-2.545696756898409774e+01
3.932258971813763537e+01
8.944786193927754425e+00
1.970067937520846613e+01
-3.966579630222484809e+01
4.802906359829417937e+01
2.471230065285098831e+01
3.983867339334184265e+01
4.302489016894415386e+01
-4.667025110101365470e+01
-1.077322872511090601e+01
1.416062740759330119e+01
-2.983757945828133362e+00
-3.891972849022497627e+01
-2.927693798021715477e+00
2.679895695051365934e+01
-2.903303028379957951e+01
-2.031853600078713740e+01
-1.122088967663617076e+01
4.440037277596172771e+01
-7.595006801732780310e+00
-1.170285031391350117e+01
-1.858932985980351660e+01
-4.961122885018190942e+01
-3.143740593781820181e+01
4.978249153429253937e+01
-8.056411097095026008e+00
-1.873825498410185020e+01
4.740951891772412807e+01
-4.280462348046076926e+01
-6.950480470419665657e+00
1.269079066252395904e+01
4.746227356029248057e+01
2.430943404224762361e+01
2.577507118334795777e+01
2.699166408957091789e+01
1.177001701578180004e+01
4.691040347334286764e+00
-3.135456903352986213e+00
-2.356096700067804406e+01
4.933516180615063007e+01
