1.099870206651240023e+00 1.010000000000000000e+02
1.100058812865519986e+00 1.010000000000000000e+02
1.099839373246928709e+00 1.010000000000000000e+02
1.098985157940085111e+00 1.010000000000000000e+02
1.099999989194840433e+00 1.010000000000000000e+02
1.099912326718570643e+00 1.010000000000000000e+02
1.099998457555096953e+00 1.010000000000000000e+02
1.099954360767075645e+00 1.010000000000000000e+02
1.099365271569340496e+00 1.010000000000000000e+02
1.100002424466784978e+00 1.010000000000000000e+02
1.099824298571459691e+00 1.010000000000000000e+02
1.099561379278649165e+00 1.010000000000000000e+02
1.099780729949596747e+00 1.010000000000000000e+02
1.099782485279120925e+00 1.010000000000000000e+02
1.099795608730100405e+00 1.010000000000000000e+02
1.099997389118867686e+00 1.010000000000000000e+02
1.099857043463205786e+00 1.010000000000000000e+02
1.099970374282299490e+00 1.010000000000000000e+02
1.099304406197779027e+00 1.010000000000000000e+02
1.099851112222672844e+00 1.010000000000000000e+02
1.099941784865621663e+00 1.010000000000000000e+02
1.099923031228874581e+00 1.010000000000000000e+02
1.099875000911403777e+00 1.010000000000000000e+02
1.099983903306027244e+00 1.010000000000000000e+02
1.099978483498295079e+00 1.010000000000000000e+02
