-2.789383859289359080e+01
-1.479679343150240456e+01
-3.308693745077302140e+01
-4.812038150416996274e+01
-1.693411786103222383e+01
2.806556320552677164e+01
2.394717128348110435e+01
8.880517222933180577e+00
-1.327524192615648957e+01
-2.174445805030013279e+00
2.344871550608634081e+01
-3.050720062960796142e+01
-9.788662185698420615e+00
6.840202535056826960e+00
1.548549043464502084e+01
-2.220101182467954715e+01
-4.146783539906487448e+01
3.635758484425225312e+00
3.040685037681005909e+01
-3.002084173890958496e+01
2.465091382304175838e+01
-1.804205899781293354e+01
1.905206887255861048e+01
-2.523643884404413029e+01
3.081019483247596824e+01
9.442995024974537799e+00
-1.203351069011003283e+01
3.031865691042884947e+01
-3.635021858789917104e+01
-3.566881929713923682e+01
-5.192248905056244368e+00
4.186650209848647819e+01
2.103609044542796980e+01
3.420377004796070430e+00
1.009240294113521585e+01
3.386131709024525804e+01
2.289590580957835186e+01
2.442065956769365087e+01
3.391339520822016596e+01
-3.524915552510723415e+01
2.924146841842008371e+01
-1.584242052148962632e+00
2.854297319513171516e+01
2.154270543696767604e+01
5.562707068181654835e-01
1.438641621742148047e+01
-6.370165317715174247e+00
4.100314879263062551e+01
1.327046150324991203e+01
-4.825287790454460435e+01
2.124131738253871760e+01
4.726756400384964252e+01
-4.449656615743889887e+01
-2.750972128039632025e+01
2.611965302116931653e+01
3.070819415220998749e+01
3.821958795441335610e+01
-4.828066933211982814e+01
-1.762393571998584463e+01
-2.231066482861374567e+01
3.482672847655872772e+01
8.223634965841178257e+00
1.922089829993257482e+01
-4.100430359584412798e+01
4.802879512011445229e+01
2.413860864368436054e+01
4.159878010303997087e+01
4.470651439141522587e+01
-4.418891223347368680e+01
-1.168698367149166906e+01
1.470002161545589203e+01
-4.143094841007553875e+00
-4.118451418427543587e+01
-3.411362149498962104e+00
2.515428595897921582e+01
-2.804889173645469569e+01
-1.952018076237630240e+01
-1.345518627878860762e+01
4.736850997555006870e+01
-1.016996921219663363e+01
-8.239319230755526746e+00
-1.961782748952051136e+01
-4.989610178384666028e+01
-3.119991236535100043e+01
4.860362534803652323e+01
-6.229610286927985463e+00
-1.647096719855660751e+01
4.844909361857750696e+01
-4.587383474495363345e+01
-5.105719013781553350e+00
1.188000644123201965e+01
4.365682048520800862e+01
2.496846865984232267e+01
2.587666531356592969e+01
2.760210566281363498e+01
1.453243810859757446e+01
2.135035384958290372e+00
-2.606020566175253350e+00
-2.240556571311077505e+01
4.900304928994277276e+01
