-2.857288006295921790e+01
-1.602058764505029487e+01
-3.426727122712208029e+01
-4.581819902987133730e+01
-1.807987748093779601e+01
2.572584713782813282e+01
2.471625769065688161e+01
1.121598530769149882e+01
-1.213655324906750899e+01
-9.152584186617829243e-01
2.340556550794721957e+01
-3.146451209263885573e+01
-9.066514726801532476e+00
5.735276719010930613e+00
1.568387052506464485e+01
-2.158297200196864907e+01
-4.337005415000849951e+01
3.353585715680252655e+00
3.114561356619444865e+01
-2.990396990835656510e+01
2.543236788813725369e+01
-1.867374541174867986e+01
1.974886493875931848e+01
-2.442798961702124316e+01
3.031119855374690530e+01
7.076348238042871941e+00
-1.241707799032123205e+01
3.172443729017420111e+01
-3.595373846017007224e+01
-3.430111803653754521e+01
-5.950711599905231353e+00
4.163367454856182803e+01
1.788048231371327645e+01
3.647693675517547085e+00
1.070613113852590992e+01
3.417768404132105076e+01
2.369325527901668593e+01
2.464606237877713824e+01
3.438072353699620010e+01
-3.611363679572709628e+01
2.847907694147977864e+01
-2.843527837944865411e+00
2.829930931492600266e+01
2.101019616177790184e+01
1.844888286111257658e+00
1.516308949971371156e+01
-5.468438414881111598e+00
3.968839848796807956e+01
1.171318854118156771e+01
-4.941235663403793410e+01
2.073503574553528850e+01
4.802544396355327194e+01
-4.279682344245042458e+01
-2.678752474888974788e+01
2.648603090629092094e+01
3.041313403285925432e+01
3.774184799085237074e+01
-4.626386076483085219e+01
-1.839486624809048365e+01
-2.268439149496206397e+01
3.752010338769046172e+01
7.854279304386573735e+00
1.926792186391362804e+01
-4.202610334772845846e+01
4.896379325990608322e+01
2.461535730937040256e+01
4.057941893524274946e+01
4.402404489252212727e+01
-4.531822576674964154e+01
-1.255052516107964422e+01
1.379535187532607132e+01
-2.559460565727682546e+00
-4.083760975594634601e+01
-3.029892919934258355e+00
2.590590412431972211e+01
-2.964146924176018771e+01
-2.036530137771848459e+01
-1.032617873287550836e+01
4.527415914404021891e+01
-9.840235948236530916e+00
-1.111045253083918460e+01
-1.823571805019160408e+01
-4.879111440462072835e+01
-3.230861835523578662e+01
4.906433752246258706e+01
-9.464835658745036184e+00
-1.702608533541526370e+01
4.844498987005164992e+01
-4.403406703601986294e+01
-7.478273408549556578e+00
1.331669191077435777e+01
4.697541151365432199e+01
2.382375942094856214e+01
2.720476918436140323e+01
2.677361588459253738e+01
1.466145186556586388e+01
4.064550695697459304e+00
-3.106566453074136813e+00
-2.122661891085184394e+01
4.980545651980527566e+01
