-2.857297017236581027e+01
-1.602043121416507532e+01
-3.426734105765525840e+01
-4.581855960281176010e+01
-1.807972036820232731e+01
2.572570988256935820e+01
2.471649508700045317e+01
1.121621020448273498e+01
-1.213660203652633562e+01
-9.155609353761648972e-01
2.340576134560604515e+01
-3.146485822768567076e+01
-9.066034361750801907e+00
5.734886205146660032e+00
1.568323335609225921e+01
-2.158199929738157508e+01
-4.336983134093411962e+01
3.353659536271829111e+00
3.114483527234578375e+01
-2.990323352306490889e+01
2.543227167736260697e+01
-1.867365242374114587e+01
1.974908418054305770e+01
-2.442729678477339306e+01
3.031213373886185281e+01
7.076842499804270048e+00
-1.241590235043016399e+01
3.172517989130237126e+01
-3.595476677467857485e+01
-3.430093205065672635e+01
-5.949976107196508046e+00
4.163368660041452074e+01
1.787872452298168824e+01
3.648249006037854514e+00
1.070663127456075969e+01
3.417802997014225497e+01
2.369294063484661450e+01
2.464513600311630270e+01
3.438108587003593897e+01
-3.611356028729166212e+01
2.847832138775607547e+01
-2.843952267703556913e+00
2.830003353052596538e+01
2.101084321715648429e+01
1.845538392645592829e+00
1.516374065726410869e+01
-5.469030832143914722e+00
3.968703999449337516e+01
1.171376438228418948e+01
-4.941132247574839198e+01
2.073463913835837502e+01
4.802636901762744515e+01
-4.279761946204855860e+01
-2.678901750994397091e+01
2.648708086967856445e+01
3.041290575865585311e+01
3.774361441304642995e+01
-4.626432594657069330e+01
-1.839461597579798280e+01
-2.268496342440462143e+01
3.751911056957889912e+01
7.854312054242893915e+00
1.926818395138295159e+01
-4.202464684384681703e+01
4.896261460677484223e+01
2.461332576271284367e+01
4.058090332150635504e+01
4.402402251994988802e+01
-4.531994429954009718e+01
-1.254955313883762713e+01
1.379680923220769628e+01
-2.559558454104760461e+00
-4.083739548984538459e+01
-3.029718013112448372e+00
2.590663339667489140e+01
-2.963982088624749167e+01
-2.036588156131569960e+01
-1.032477642923700145e+01
4.527360270826009270e+01
-9.840015964836675622e+00
-1.111174790724663275e+01
-1.823441330885771094e+01
-4.879026474023854831e+01
-3.230864107370708638e+01
4.906416363200730046e+01
-9.466136570883737278e+00
-1.702717742932164668e+01
4.844445284361054149e+01
-4.403256019905415286e+01
-7.479233019755214151e+00
1.331917941077297662e+01
4.697638994620847086e+01
2.382463343486067231e+01
2.720445873659261693e+01
2.677412070452108495e+01
1.466125356588897333e+01
4.063564698697175182e+00
-3.105849374703079757e+00
-2.122543564431505558e+01
4.980470420544386911e+01
