-2.857300235458223270e+01
-1.602073353227159203e+01
-3.426727885121528061e+01
-4.581808666220985771e+01
-1.807946819249682235e+01
2.572596828951581927e+01
2.471640258175099802e+01
1.121605436708488135e+01
-1.213658362688701686e+01
-9.153636978174515271e-01
2.340577600999678509e+01
-3.146477477520583577e+01
-9.066326600699023075e+00
5.734670619393712698e+00
1.568418626445944852e+01
-2.158231936776504511e+01
-4.337052457189547994e+01
3.353594605704801612e+00
3.114497526762464830e+01
-2.990416117949413888e+01
2.543237502959204832e+01
-1.867448769986101453e+01
1.974858948636395439e+01
-2.442779769173739624e+01
3.031169870130958088e+01
7.076383332049584141e+00
-1.241626505925625423e+01
3.172430049006090158e+01
-3.595554102013854703e+01
-3.430053087774036413e+01
-5.950508501084872393e+00
4.163441064785502022e+01
1.788018576591364095e+01
3.648373094832956021e+00
1.070589087080177748e+01
3.417733173664581159e+01
2.369322100000117359e+01
2.464493777226165605e+01
3.438127051311570881e+01
-3.611318365869610858e+01
2.847900482221981022e+01
-2.843639915007153185e+00
2.829971457972580495e+01
2.101006522503596585e+01
1.845639685781625960e+00
1.516441125114272559e+01
-5.468874744663326126e+00
3.968665571571602868e+01
1.171284723331624100e+01
-4.941168728482907824e+01
2.073535903727561447e+01
4.802639518950702779e+01
-4.279760868590336287e+01
-2.678793606627450075e+01
2.648607194466618964e+01
3.041220795467305038e+01
3.774339709922016795e+01
-4.626342480803291579e+01
-1.839401252120293151e+01
-2.268414564153914981e+01
3.751814828402500979e+01
7.855688635658475860e+00
1.926784274423766519e+01
-4.202555585011720751e+01
4.896302773537398423e+01
2.461251040782497768e+01
4.058063402521075602e+01
4.402416178337409747e+01
-4.531792176841679520e+01
-1.254979595405323778e+01
1.379598985356726182e+01
-2.560550913846523446e+00
-4.083757766586601434e+01
-3.029957100321846397e+00
2.590588856486381175e+01
-2.964031950106891600e+01
-2.036525738171939537e+01
-1.032468046369667647e+01
4.527371744161180800e+01
-9.840569842281281510e+00
-1.111083977678942958e+01
-1.823590001731559695e+01
-4.879137096756083025e+01
-3.230863533655330855e+01
4.906551389013662856e+01
-9.465735422111636765e+00
-1.702552672832675640e+01
4.844414887249627810e+01
-4.403332752472948641e+01
-7.475982594651551238e+00
1.331787653701921670e+01
4.697480077293460710e+01
2.382390347057103241e+01
2.720346076490553600e+01
2.677467266777898303e+01
1.466189486314209489e+01
4.063198375372097715e+00
-3.106978464407151197e+00
-2.122743297680518992e+01
4.980409031198754377e+01
