-2.478161086258578649e+01
-1.815419366144023527e+01
-3.199324023511945825e+01
-5.705250972362683370e+01
-1.336023411910626990e+01
2.395379315081310878e+01
2.878090960742567006e+01
5.901652939418779553e+00
-9.229661220281766276e+00
-6.064082044969083540e+00
2.360446558944156692e+01
-3.045080617939643020e+01
-5.690443263650900363e+00
-4.522741701217757315e-01
1.452862245049259471e+01
-2.368992932401960516e+01
-4.396419987511302452e+01
-1.206811890059597658e+00
3.266086599936678425e+01
-3.155323954653489338e+01
3.021607538541042004e+01
-1.845757069936395567e+01
2.348112053959168932e+01
-2.235848549621036696e+01
2.394786870478692720e+01
1.053133596174622788e+01
-2.334599038838486607e+01
2.779268806363995026e+01
-3.000538578876652451e+01
-3.581473341442420377e+01
1.435031533897547007e+00
3.963572571085366292e+01
1.556693759370619823e+01
3.007680934748790946e-03
1.028951965400246493e+01
3.166034013264308555e+01
3.046809147749190316e+01
2.631161402240496017e+01
3.710949322498778713e+01
-3.087375491084437584e+01
2.762338420595010646e+01
-1.981273789863490009e+00
3.084624697269399007e+01
2.204007507216813622e+01
-9.089856802835338812e+00
1.889078670022383122e+01
-8.870381122422331899e+00
3.983646569585369690e+01
1.636349318740849412e+01
-3.298129916804121819e+01
2.510253550633036568e+01
3.807653924823520697e+01
-4.058498853646803184e+01
-2.455897649668980165e+01
2.797568290790023227e+01
2.914068403251870620e+01
3.937110691588218003e+01
-4.495902758022160839e+01
-2.156593357247867360e+01
-2.819460478918729152e+01
3.173004077569622439e+01
1.001947152093684679e+01
1.865305117427369197e+01
-4.035393222913623390e+01
5.016782998030060270e+01
2.928830718304440950e+01
4.043974587276640165e+01
4.486065152736195927e+01
-4.717386127389485040e+01
-1.201561652721743201e+01
2.924817503241463612e+01
6.486210144019452173e+00
-2.989997652050917409e+01
-9.792329048494613275e+00
3.880674020688930170e+01
-3.296915320083292045e+01
-1.591316852470369980e+01
-1.629896437761687977e+01
4.085955597065064637e+01
-1.958427992391917982e+01
-4.537631026867421369e+00
-2.039872516958588733e+01
-5.235503521362738866e+01
-2.926329366929642006e+01
4.410593668437086023e+01
-1.437512031689065850e+01
-1.408450655344164915e+01
4.258320747423218222e+01
-3.756343256664187891e+01
-1.663200941734599070e+01
1.382011422373968301e+01
4.793532311949277158e+01
2.376154463097389424e+01
2.847278076228182542e+01
2.551272234720509147e+01
8.826591911464200635e+00
2.668846086370627813e+00
-4.837364519766349957e+00
-2.304797170118170158e+01
4.992215911523666705e+01
