-2.121362105048376989e+01
-1.454545799395500794e+01
-4.049321959498218604e+01
-5.846521229365207972e+01
-3.054658146162214649e+01
2.905422532986096940e+01
1.868363881712868491e+01
1.073892549799333906e+01
-4.927875603542238636e+00
6.734778425141779934e+00
2.283886707317778431e+01
-2.590262202514409751e+01
-1.515527242576825273e+01
1.108113692179579957e+01
1.160420559425802800e+01
-2.415033562115899457e+01
-4.813337162601992247e+01
7.496954749076928159e+00
2.837928162980228564e+01
-3.286606286468645521e+01
3.280112904151562248e+01
-1.441620584906206126e+01
1.221143206400065573e+01
-2.406419664107821887e+01
2.498204120421709362e+01
6.761187924996154841e+00
-3.959593548936489071e+00
2.081627684238143416e+01
-4.033526511975344420e+01
-3.384228812619176097e+01
-2.323740903750124431e+00
4.035313091538250063e+01
1.958658392982814789e+01
1.627192473424077690e+01
2.190551392597102165e+01
2.315848977318088231e+01
2.784526442106302113e+01
3.068887513442093251e+01
2.645055177268607594e+01
-4.515373625059356755e+01
2.827321980029762116e+01
-7.202318911235337850e+00
2.660646040693747238e+01
2.535286271453048812e+01
3.911880893063259368e+00
5.188283978499174331e+00
8.006210511568164989e+00
3.356057905116900031e+01
9.695796797250828547e+00
-3.919173194922991854e+01
1.925486243622487947e+01
4.631923517378836408e+01
-4.768548116238604706e+01
-3.015147971433612994e+01
2.300812618173326740e+01
3.395395628959707324e+01
3.368898645683870541e+01
-4.680835468158923618e+01
-1.311879633871651230e+01
-1.933756036221388896e+01
3.549254038270546374e+01
5.926075655707395029e+00
3.686484751346269206e+01
-3.553538939918635009e+01
4.056655327025731594e+01
2.551678892898799944e+01
4.972621045149804786e+01
4.671539350858836315e+01
-4.878186947126956596e+01
-1.326681671358324444e+01
1.644793183419917781e+01
-9.884482779915508388e+00
-3.574450983812301530e+01
-2.898803078692262503e-01
2.326737834613251721e+01
-3.489698770762438329e+01
-2.056075318921684314e+01
9.973013778876371305e+00
4.707311332093306788e+01
-1.162766596082795445e+01
-7.295837703711794298e+00
-2.006763484324325120e+01
-4.052222578226400174e+01
-3.891385596733512386e+01
4.855608036923990056e+01
-6.067264887396262019e+00
-1.715968809494459535e+01
4.186143842877510934e+01
-3.660752498134854704e+01
-7.906326308441714801e+00
1.758724764465972612e+01
4.849957843146671621e+01
2.430175075055871048e+01
1.648478189720608356e+01
1.367778128604445520e+01
1.479172949545713855e+01
5.060699040602614218e+00
-7.053467139007481457e+00
-1.932976752689556221e+01
4.641547509314702324e+01
