-7.458403527501978658e+00
-9.971762458796957773e+00
-7.027836799461253392e+00
-1.000000000000000000e+01
-8.898056322757422976e+00
4.348817759915133863e+00
-9.897751929683705541e+00
1.734421493450077456e+00
-2.294039186434280619e+00
1.999089151528993913e+00
-9.942732961313385687e+00
-3.309097316866274063e+00
4.056877429572058880e-01
5.042059171449912114e+00
1.207804106261912036e+00
-2.068273010153205860e+00
-6.694570313548375395e+00
-6.255243527836833017e+00
1.022970383194524935e+00
-9.588631887524858399e+00
-3.289925515107332554e-01
-1.674904203032825389e+00
-8.050052666221109376e+00
4.205528637367915934e+00
-9.556045794820601458e+00
1.313772734433764189e+00
-7.731034702541204950e+00
1.265231353837911854e+00
3.706091531866873012e+00
-5.680006150317000291e+00
