-2.857140741729236666e+01
-1.601543143235734945e+01
-3.427396755369318271e+01
-4.580929145678857140e+01
-1.807830813650645396e+01
2.571155657043185983e+01
2.473075334073488918e+01
1.120144173687465283e+01
-1.212388430451292543e+01
-9.214114074870310978e-01
2.341179674369460528e+01
-3.147940679359565408e+01
-9.053222779368825357e+00
5.728767743034646642e+00
1.568583857819830030e+01
-2.158267294161854366e+01
-4.336508721800004196e+01
3.368202238088342515e+00
3.111772709403972925e+01
-2.991147608386665979e+01
2.544335101081970052e+01
-1.867451823478686634e+01
1.976833687616252533e+01
-2.444345269910749607e+01
3.031447602349200210e+01
7.068930352068925060e+00
-1.241462064344277216e+01
3.171955054961498632e+01
-3.593987418386863908e+01
-3.431138470694959608e+01
-5.940642957574052474e+00
4.161133306560515877e+01
1.790178734297523988e+01
3.633668115249747643e+00
1.070104167456937638e+01
3.418134068021905136e+01
2.369993610340870660e+01
2.463524731003727553e+01
3.438563482825978923e+01
-3.610597715160000121e+01
2.847377221246728496e+01
-2.839899558508534039e+00
2.830156829650513117e+01
2.100415982747137988e+01
1.855934935448057654e+00
1.515074927977790331e+01
-5.455250974230606786e+00
3.967956958733908834e+01
1.170865037514813523e+01
-4.939704247383425439e+01
