-2.859044608788319763e+01
-1.600966843704524223e+01
-3.426209520033057743e+01
-4.580786875865153007e+01
-1.809804072706695521e+01
2.574797292557457595e+01
2.472253114055160950e+01
1.118403059861471149e+01
-1.211638466858560648e+01
-9.139692133279816444e-01
2.338183979080968911e+01
-3.145900777933325188e+01
-9.058812538892910382e+00
5.735927794303647076e+00
1.568703267237315480e+01
-2.158650870956112655e+01
-4.334526404315266745e+01
3.318862092381546169e+00
3.114749014350485368e+01
-2.988275951960314458e+01
2.541849017797212795e+01
-1.866063427408201747e+01
1.972829128081988159e+01
-2.441551435134445569e+01
3.031069895506172784e+01
7.082538424855890469e+00
-1.243837800741141209e+01
3.173371839505186642e+01
-3.594815447585337864e+01
-3.430634148645896886e+01
-5.939769304367706226e+00
4.163748261878284751e+01
1.787300387545674596e+01
3.642363371854461462e+00
1.071046405340339902e+01
3.418704841943105777e+01
2.368013220113710560e+01
2.465335991550018946e+01
3.437335801438490535e+01
-3.611628146076679968e+01
2.848175535301236039e+01
-2.848526849337672306e+00
2.830901399704407240e+01
2.100586906037245072e+01
1.847597698776229480e+00
1.516971688688444964e+01
-5.475286424219164338e+00
3.968374633132076212e+01
1.171376962669663868e+01
-4.940664641094571152e+01
