-2.856219011757506010e+01
-1.598309645400971846e+01
-3.427176352063469267e+01
-4.583073390422922699e+01
-1.808741228581884997e+01
2.571007266815620085e+01
2.471087889013205441e+01
1.121046350092663069e+01
-1.213961228137710613e+01
-9.355609380803295849e-01
2.340884091325990113e+01
-3.148754537286858479e+01
-9.093951916053553575e+00
6.691958518508728915e+00
1.570279156491077188e+01
-2.259011088092247377e+01
-4.335951113024508885e+01
4.343646367692131527e+00
3.114484697337032770e+01
-2.988365578691620073e+01
2.541894341684643877e+01
-1.865987185689665750e+01
1.975071809059488714e+01
-2.444042079449058136e+01
3.030401885519050253e+01
7.055768908642528814e+00
-1.241877596953813523e+01
3.170991699877199110e+01
-3.592765199816486898e+01
-3.333149081213798581e+01
