-2.855484056088577915e+01
-1.500200246867378873e+01
-3.427964117067455874e+01
-4.585782724974906444e+01
-1.812346896036830302e+01
2.569259683580031250e+01
2.470800438312453196e+01
1.120359736899439973e+01
-1.213183486663828070e+01
-9.195202746779097547e-01
2.341218258732844859e+01
-3.145008251998737592e+01
-8.062702298223133113e+00
4.760052312338293845e+00
1.568283096630167606e+01
-2.256986295688596300e+01
-4.336200591781447145e+01
3.345311628052666908e+00
3.114887761789054821e+01
-2.990801127928808256e+01
2.542556547368423026e+01
-1.868043256360061832e+01
1.976492317168123591e+01
-2.437730451794810804e+01
3.030603698657390765e+01
7.036082441308172619e+00
-1.238883866877258910e+01
3.171561402933002682e+01
-3.594953389969153079e+01
-3.430688280660269385e+01
