-2.857007487648711930e+01
-1.603391096159209894e+01
-3.429305857897169574e+01
-4.678062143005409013e+01
-1.803621657093042074e+01
2.572809186363497602e+01
2.472233017806745536e+01
1.122711091646030113e+01
-1.111483977572355819e+01
-9.023330552253820969e-01
2.339001511890855411e+01
-3.148632950316740775e+01
-9.046871110238773994e+00
5.726711846748707480e+00
1.566938836427970294e+01
-2.158276168174013421e+01
-4.335456161884176396e+01
3.346528180694134047e+00
3.112803368241765156e+01
-2.992751214872944843e+01
2.542215239167034468e+01
-1.866617457879613795e+01
1.975996351810846363e+01
-2.439686461233954162e+01
2.934454282751254794e+01
7.045866549249479860e+00
-1.241470620701121774e+01
3.073378646732992081e+01
-3.592921023938280456e+01
-3.428814763310558789e+01
