-2.670923820454834186e+01
-1.596037070515541778e+01
-3.424898885526072689e+01
-4.607081610391736604e+01
-1.787247492650156744e+01
2.582526280635916649e+01
2.468954547395492582e+01
1.114094802101909210e+01
-1.200051701612375332e+01
-8.045781154302389382e-01
2.329348793766888193e+01
-3.155708001922234729e+01
-9.084958267859619241e+00
5.777183136201379909e+00
1.565268181984165352e+01
-2.160312370032828611e+01
-4.339896796045398730e+01
3.216259819658636054e+00
3.124730924208323657e+01
-2.979863963272091354e+01
2.517906290698274674e+01
-1.875227762992939518e+01
1.969642992926226199e+01
-2.441700715891692042e+01
3.056452783035972232e+01
7.004023473365137420e+00
-1.238114808959599600e+01
3.196194237656825621e+01
-3.590779808154830732e+01
-3.398300832250370718e+01
