-2.692125176749410542e+01
-1.561215623398183361e+01
-3.247112340553165666e+01
-4.657286729629668542e+01
-1.879919348076614938e+01
2.652720929915527392e+01
2.501782206204453018e+01
1.083989245918292710e+01
-1.180971683412539797e+01
-1.394882760034698688e+00
2.457731397113860794e+01
-3.120687099763809869e+01
-9.770567556850982882e+00
4.666301059930028750e+00
1.597352208885208746e+01
-2.071675417076632542e+01
-4.292517469171396272e+01
4.441152182911705992e+00
3.024608616325020094e+01
-3.054695874040744030e+01
2.658140789756820865e+01
-1.816500850224932151e+01
2.025390396054849163e+01
-2.434188061158483407e+01
3.000674474148377158e+01
7.477376116818039264e+00
-1.292660535355907392e+01
3.142697675213694097e+01
-3.437386869772944920e+01
-3.427886220928236582e+01
-6.405361364210401476e+00
4.106309591564375694e+01
1.705465691671893325e+01
2.961769886376201200e+00
1.213999542969180823e+01
3.531720645706488426e+01
2.332369852207331817e+01
2.325056567975337174e+01
3.472625903164777128e+01
-3.648052289768777001e+01
2.825373448232159390e+01
-2.386034833228797059e+00
2.879434993651781127e+01
2.040805301637654523e+01
1.368350653226797720e+00
1.567247920160928309e+01
-5.954674438322960839e+00
3.867674505198181123e+01
1.218001134922366013e+01
-4.952757219534846911e+01
