-2.899194697748211524e+01
-1.501501527303088679e+01
-3.397863341734725395e+01
-4.577160979690550846e+01
-1.844739416514082464e+01
2.513286483535434002e+01
2.385897182556164253e+01
1.124947296881570935e+01
-1.346478588982552793e+01
-8.495289530748773021e-01
2.343324990170251354e+01
-3.034758265502816954e+01
-8.556989449130668390e+00
5.949321010259876807e+00
1.636281754940796418e+01
-2.192553928665187257e+01
-4.464277294191734313e+01
4.220854442529409667e+00
3.126370435772384582e+01
-2.959456864081876049e+01
2.491815421287011034e+01
-1.953457083913515291e+01
2.115395928301666828e+01
-2.445535546445946906e+01
2.939941290209421609e+01
7.826624941064703300e+00
-1.211028360991769404e+01
3.046125117007825978e+01
-3.636599997354789338e+01
-3.403374263945821099e+01
-4.950277827049937684e+00
4.254561024537478175e+01
1.757208065391357366e+01
5.932919018675832490e+00
1.075161481493168480e+01
3.419252098398085593e+01
2.447593790302141770e+01
2.506412609301118977e+01
3.354731211488174125e+01
-3.621323415211453778e+01
2.953188383743224676e+01
-4.689002256358913989e+00
2.856090063093156672e+01
2.055842401750950543e+01
2.235600621573444968e+00
1.510392035779333852e+01
-6.282539016947662702e+00
3.818817946498723614e+01
1.075493261967942260e+01
-4.972985182414007710e+01
