-2.513486816535232720e+02
-2.513499078908666320e+02
-2.513398229422412271e+02
-2.513417877372754390e+02
-2.513473850166330124e+02
-2.513488464615039106e+02
-2.513472949924107525e+02
-2.513464564588001906e+02
-2.513499527755970746e+02
-2.513452942175848932e+02
-2.513491551595343196e+02
-2.513472037105318577e+02
-2.513482798726096519e+02
-2.513453193241920189e+02
-2.513494768216908142e+02
-2.513477436083836665e+02
-2.513465265724940707e+02
-2.513468071143706197e+02
-2.513493390475360059e+02
-2.513483154348533617e+02
-2.513511311361769174e+02
-2.513463423699917314e+02
-2.513491504095240998e+02
-2.513501047756273010e+02
-2.513449445044798551e+02
