-2.550379304171001138e+01
-1.641534031337022981e+01
-3.527508890742502956e+01
-5.045831217725186946e+01
-1.922613695594304062e+01
2.555684735496702231e+01
2.226383053650073407e+01
1.041934445367170348e+01
-1.267786945086778161e+01
-1.808802802568947765e+00
2.281733307750617712e+01
-3.102111311067275778e+01
-8.685869011211410751e+00
3.496174577267563865e+00
1.550850506284977826e+01
-2.251890257559860586e+01
-4.366211617870251871e+01
2.747705581146123954e+00
3.172629523491076853e+01
-2.959548320159980861e+01
2.509643271858072922e+01
-1.973784574782638046e+01
1.886995266332960952e+01
-2.515029837734364193e+01
2.996385725798463540e+01
7.290625825594283071e+00
-1.095239834975249948e+01
3.378505965041691184e+01
-3.808015707507807690e+01
-3.318685622809764624e+01
-3.312602303847699048e+00
3.823541172917764186e+01
1.710770873138450909e+01
2.149513282523275670e+00
1.040010271486096372e+01
3.496749316730134893e+01
2.543807241813975040e+01
2.254386663331063545e+01
3.327573748155172950e+01
-3.552339526874732201e+01
2.915956287885392939e+01
-1.136714244391698436e+00
3.258477584543306449e+01
2.227539825989591904e+01
-2.795422180105467946e-01
1.914268379301267231e+01
-5.018579520841883301e+00
4.245069083986192027e+01
9.027985211310099345e+00
-4.704383073763998624e+01
1.789976828839028400e+01
5.109917440296047886e+01
-4.297680812955314167e+01
-2.555062712103473288e+01
2.430163334658420382e+01
2.538430355993140353e+01
3.716210021795132690e+01
-4.624112815636527785e+01
-1.834000457654199323e+01
-2.059451611441425811e+01
3.714726698701335295e+01
8.386709114344904847e+00
1.925217383483743561e+01
-4.495485770121360503e+01
4.655190491741239356e+01
2.561051929822899709e+01
3.454217630294998287e+01
4.357250267477974859e+01
-4.500936339615422810e+01
-1.531359081937932487e+01
1.435483806158848807e+01
1.097603515911953265e+00
-4.565370650997223123e+01
-6.511448911242936344e-01
2.593359737176994173e+01
-3.115954273172750177e+01
-2.088526914881831686e+01
-9.368204304033969976e+00
4.674508869132256450e+01
-1.043673776388920160e+01
-1.355232677303782651e+01
-1.812234432400832773e+01
-4.505590538687929580e+01
-3.382984615646564208e+01
4.607111967519799833e+01
-6.508083357695357840e+00
-2.117112104605596556e+01
4.667693984261784124e+01
-4.473338326344978810e+01
-8.266016883369781354e+00
1.296532307729357036e+01
4.952551200847283042e+01
2.496931706717625588e+01
2.683547409448552301e+01
2.716301908249698727e+01
1.260001149159892897e+01
4.061031115636163591e+00
-9.833481669946038117e-01
-2.093623351037650693e+01
4.991039643155431094e+01
