-2.857287831964192293e+01
-1.602071553438457485e+01
-3.426732940893077739e+01
-4.581811248299175787e+01
-1.807976982950307132e+01
2.572568887401454418e+01
2.471655840486661759e+01
1.121569847662529007e+01
-1.213662157677306652e+01
-9.155067267129901598e-01
2.340530796457736784e+01
-3.146467623549879278e+01
-9.066305891695982666e+00
5.734985743219980669e+00
1.568415536089172946e+01
-2.158248496859213006e+01
-4.337020520137973278e+01
3.353660701595801985e+00
3.114533628084284445e+01
-2.990398374530757408e+01
2.543268242066209339e+01
-1.867393580534832154e+01
1.974921182269345366e+01
-2.442751705264049278e+01
3.031124233392629108e+01
7.076425105678518790e+00
-1.241643032517127132e+01
3.172484415969994487e+01
-3.595470455878317750e+01
-3.430050222936211668e+01
-5.950188530442584778e+00
4.163390522730801280e+01
1.788016896135398426e+01
3.647976677709671378e+00
1.070596541528017021e+01
3.417759613140007957e+01
2.369306303713104711e+01
2.464510290565484496e+01
3.438063395862924665e+01
-3.611375913237245783e+01
2.847954651661083858e+01
-2.843705674523904214e+00
2.829985190813476947e+01
2.101032284285301799e+01
1.845479433527524415e+00
1.516358074842341885e+01
-5.468730803200721802e+00
3.968670249049945653e+01
1.171355039783590435e+01
-4.941103714051144635e+01
2.073508665587387156e+01
4.802637483001670660e+01
-4.279755681330428274e+01
-2.678821397435143581e+01
2.648576457885730662e+01
3.041236276741473077e+01
3.774267036413189658e+01
-4.626394216365316225e+01
-1.839459390037628239e+01
-2.268407954717891428e+01
3.751905674368158117e+01
7.855521584978570004e+00
1.926812168311425211e+01
-4.202561455443944283e+01
4.896307361520155865e+01
2.461281106448129208e+01
4.058017187676527016e+01
4.402368920280132158e+01
-4.531875328958363269e+01
-1.255028196416852460e+01
1.379596389648363086e+01
-2.560419465414510487e+00
-4.083787802805616707e+01
-3.029887366446362140e+00
2.590618761779927937e+01
-2.964047056678694503e+01
-2.036561178399582417e+01
-1.032501300286877211e+01
4.527340656306641620e+01
-9.840168153353149094e+00
-1.111150561460521402e+01
-1.823645158774482056e+01
-4.879069391492620156e+01
-3.230852299147709772e+01
4.906476768019378198e+01
-9.465439271630991414e+00
-1.702628179017744969e+01
4.844473805851947645e+01
-4.403309410513533351e+01
-7.477361584161577923e+00
1.331787531858204332e+01
4.697547979027297060e+01
2.382462478746889545e+01
2.720392982028924678e+01
2.677428058691794277e+01
1.466168426727402618e+01
4.063549074912623738e+00
-3.106136981172781919e+00
-2.122633656272995850e+01
4.980458936470517983e+01
