-2.857289881829652600e+01
-1.602069456199630082e+01
-3.426733963149183637e+01
-4.581811150172808311e+01
-1.807977952348321082e+01
2.572566936404055582e+01
2.471654476034978742e+01
1.121569641160248132e+01
-1.213661057062967608e+01
-9.155070056543620494e-01
2.340531392618986928e+01
-3.146470872721863188e+01
-9.066284192774864081e+00
5.735027827268658562e+00
1.568413873230938371e+01
-2.158241674883043615e+01
-4.337024104843033001e+01
3.353631838074704330e+00
3.114530089515569955e+01
-2.990395429555579554e+01
2.543269176524671238e+01
-1.867392566171220381e+01
1.974924453332660335e+01
-2.442751405982671642e+01
3.031124557075401427e+01
7.076434814032691811e+00
-1.241641792083464679e+01
3.172482960362121318e+01
-3.595467102389075364e+01
-3.430051153408470554e+01
-5.950191532316510212e+00
4.163391020530066555e+01
1.788017785782695057e+01
3.647989962415498777e+00
1.070599809868340735e+01
3.417760115577232938e+01
2.369304055852495239e+01
2.464507572439254801e+01
3.438065337771279673e+01
-3.611374279926685205e+01
2.847955203007446912e+01
-2.843733840753265518e+00
2.829984852302717258e+01
2.101034837441297753e+01
1.845455401898350889e+00
1.516360489125673894e+01
-5.468736314031984236e+00
3.968670148790666019e+01
1.171354782216597634e+01
-4.941108174946626264e+01
2.073511234049554730e+01
4.802635131385108025e+01
-4.279755009679722377e+01
-2.678822766358661411e+01
2.648574773049694642e+01
3.041235585538926500e+01
3.774266640238124637e+01
-4.626395942669712014e+01
-1.839455725475749759e+01
-2.268408988551401961e+01
3.751903375941999030e+01
7.855540335380648997e+00
1.926812075386302681e+01
-4.202557794947097136e+01
4.896305946099666073e+01
2.461281754412175005e+01
4.058019746216703538e+01
4.402367085507295030e+01
-4.531882407583280781e+01
-1.255024915826889043e+01
1.379596532272784870e+01
-2.560413155093079318e+00
-4.083787845545226247e+01
-3.029875934703548879e+00
2.590620020234401011e+01
-2.964047098479253251e+01
-2.036561444499319862e+01
-1.032498722531051172e+01
4.527343032410368551e+01
-9.840199428071709775e+00
-1.111150608417875141e+01
-1.823643570716067686e+01
-4.879067563760214910e+01
-3.230854127252624153e+01
4.906477504462936423e+01
-9.465405998531251086e+00
-1.702630115537983357e+01
4.844473859969212270e+01
-4.403311179888463300e+01
-7.477370776940910346e+00
1.331787970909631547e+01
4.697543103144234777e+01
2.382467119952564616e+01
2.720394125092416715e+01
2.677429719978074019e+01
1.466166033987751582e+01
4.063575962259292851e+00
-3.106123972250875998e+00
-2.122634707034316648e+01
4.980463398725935065e+01
