-8.436296317539637712e+00
-9.037706455564990193e+00
-8.155518784927432208e+00
-9.392876794107740679e+00
-4.999862644285699709e-01
8.434008172104938694e+00
-9.785292363214539435e+00
2.928861283886728728e+00
-7.633227421247598343e+00
4.477981304545163077e+00
-9.562873927067832014e+00
-2.635786947758034682e+00
-3.664279718457194690e+00
7.630767480731980079e+00
-4.203227986571974384e+00
-1.337472421305300863e+00
-4.728809975631616425e+00
-4.067640185492546578e+00
-1.397116241861984243e+00
-8.787993627743954761e+00
1.470850996575634895e+00
-2.249915879514763906e-01
-6.747544780953747434e+00
6.384670383840441055e+00
-9.235958132724924496e+00
4.322254732661398258e+00
-2.573561796856808748e+00
2.271623720055426343e+00
-7.822487396332339138e+00
4.184053748370254233e+00
-1.335603780134287488e+00
-6.764277441703931970e+00
-5.998594268297408050e+00
6.756708677844537547e+00
-3.582184047795673454e+00
8.667223873027547043e+00
-9.987122318148239586e+00
-1.123267342388198697e+00
-9.787748910824031867e+00
-5.532108294649299651e+00
-9.201754367502159582e+00
9.267801125790467998e-01
-7.286244756338025041e+00
1.080904495164610291e+00
-7.524592124179235064e+00
5.472325391138683770e+00
-7.940234201846687156e+00
-3.282363217637112918e+00
-4.393954132791706435e+00
-9.770271532775595347e+00
