-6.385800273403536842e+00
-9.037071488715429979e+00
-6.998381736333866066e+00
-9.392955796873295071e+00
-7.422566758628859951e+00
8.434072082306874663e+00
-7.732970581814729627e+00
2.928958207680611991e+00
-1.312077547192900262e+00
4.477971887056121147e+00
-9.790025052118753734e+00
-2.635897979053494655e+00
2.486061308493180633e+00
7.630688439642899112e+00
4.025524819619106687e+00
-1.337483816410891313e+00
-7.345174946310381259e+00
-4.067673093529007744e+00
-3.000692190374058654e+00
-8.788008733383474436e+00
3.136575854140929209e+00
-2.250339522005448678e-01
-6.502007497992165597e+00
6.384763782613656069e+00
-9.921488347176332212e+00
4.322304281150502803e+00
-3.676847050074364631e+00
2.271707408583043986e+00
-7.682686175077975577e+00
4.184076239096992111e+00
-9.869233977874070973e+00
-6.764324281970371722e+00
-7.046666054972389404e+00
6.756751239963579181e+00
-6.801458872153709478e+00
8.667192880494505758e+00
-9.987449265182268832e+00
-1.123214218513392204e+00
-9.923628158543298383e+00
-5.532119193776178889e+00
3.700039348002896133e+00
9.267611266505587642e-01
-4.594719154141329476e+00
1.080888129197125291e+00
-8.006313077409988210e+00
5.472308473866136502e+00
-8.285727203027303034e+00
-3.282404880535588987e+00
-8.187953163622747610e-01
-9.770224120091128839e+00
