-9.034423267098528498e+00
-9.036474364503014556e+00
-4.135809325558164495e+00
-9.392854961395942226e+00
-5.465763442248110948e+00
8.434056301408446643e+00
-8.237197172420756885e+00
2.928945929796251679e+00
-4.221605771803802476e+00
4.477998194247636121e+00
-9.604365124791137021e+00
-2.635833340951389658e+00
-3.179572205691819420e+00
7.630754801823935729e+00
-6.685346514853195643e+00
-1.337470832973644663e+00
-1.753424285263848414e+00
-4.067683609474453732e+00
-1.608127244715957804e+00
-8.788034746191895508e+00
-1.752966101927583731e+00
-2.250111083641452292e-01
-9.881326640531204575e+00
6.384794165160579738e+00
-9.359060558312634726e+00
4.322278637688499181e+00
-2.932169745184259213e+00
2.271646038004521806e+00
6.721310863591902773e-01
4.184036296072362049e+00
-6.556735677903493986e+00
-6.764309611537019151e+00
-7.432493824595536758e+00
6.756723374938067295e+00
3.173558875720649652e+00
8.667210923684683266e+00
-9.959750825713763689e+00
-1.123245649917137046e+00
-9.975989589525612544e+00
-5.532126400148002610e+00
-4.432705381622866980e+00
9.267343443552209514e-01
-5.549590303142283076e+00
1.080890012901007724e+00
-2.235899824338595465e+00
5.472252239984954691e+00
-6.180704563109853389e+00
-3.282447697069079240e+00
-1.084316167677293219e+00
-9.770236267875358038e+00
