-2.857796358988566254e+01
-1.599825718975618827e+01
-3.427049731221862316e+01
-4.584159857680818106e+01
-1.806027336541481887e+01
2.571939351416415676e+01
2.469839704968412875e+01
1.121613324121470789e+01
-1.214453078653232154e+01
-9.131834012001660561e-01
2.342314793286409014e+01
-3.147673898385941627e+01
-9.089952086489862637e+00
5.748014096202878065e+00
1.568801465135523543e+01
-2.157942910907595291e+01
-4.336872470922566691e+01
3.336550870974557714e+00
3.113356387405874059e+01
-2.991983629073808260e+01
2.541781723916156466e+01
-1.867122520083326975e+01
1.975719237651118476e+01
-2.440337404578227165e+01
3.031871800007793283e+01
7.101921817687792071e+00
-1.241423220298643670e+01
3.171970610811191804e+01
-3.594540460199321075e+01
-3.429428338156805012e+01
-5.948493982522055745e+00
4.163609577375555659e+01
1.784896515824770802e+01
3.633729171657222867e+00
1.070665856540828820e+01
3.417928781584258502e+01
2.368767496420946017e+01
2.463136454600706315e+01
3.437411811309807774e+01
-3.610566195607181328e+01
2.848052850647177436e+01
-2.847337003350706386e+00
2.827913179205106431e+01
2.102358367789852167e+01
1.837126388546418188e+00
1.513926896522801613e+01
-5.462271270651207544e+00
3.967226150688682651e+01
1.171889391088514287e+01
-4.940412198710191660e+01
