-2.857881681032225174e+01
-1.599164889472475082e+01
-3.426242898405334358e+01
-4.584893294916427209e+01
-1.807114676075408966e+01
2.572630315653384514e+01
2.469920287873767961e+01
1.122334165846385368e+01
-1.214544547192321744e+01
-9.157041084054333702e-01
2.342675961153745590e+01
-3.148577613484119908e+01
-9.099491631625914678e+00
5.755059644817259290e+00
1.568564099629869091e+01
-2.158118275319014856e+01
-4.336739758977941506e+01
3.322019742486793881e+00
3.113904981112719383e+01
-2.992484618910236449e+01
2.541606289030259447e+01
-1.866446409407502216e+01
1.975722235886180655e+01
-2.440612984208876668e+01
3.032437093904773917e+01
7.099560357753055939e+00
-1.241235458045209405e+01
3.171491498020428423e+01
-3.594507537387521978e+01
-3.429082216473793210e+01
-5.947592169994762479e+00
4.162860225096933675e+01
1.784568379873455157e+01
3.637903427689120228e+00
1.071203087138200871e+01
3.417652001253114236e+01
2.368713306841776500e+01
2.462980801713012013e+01
3.436335046738886234e+01
-3.609715086610744805e+01
2.846863713164538723e+01
-2.850384106528623285e+00
2.827402718269861026e+01
2.102843904396917196e+01
1.830337703329653065e+00
1.513227367119151623e+01
-5.457742566988870614e+00
3.967051116262519628e+01
1.173414372041945697e+01
-4.940194820858432934e+01
