-3.011031723034568941e+01
-1.387348029242996716e+01
-4.031325007582519504e+01
-3.012372782290892914e+01
-2.052828593261172685e+01
1.355751999448158074e+01
3.393200947537903289e+01
2.042106510713847101e+01
-5.521496304340223205e+00
8.989153028448768623e+00
2.369533605165323564e+01
-4.142313009810474966e+01
-1.189246945373108133e+01
-3.842962592736356875e+00
1.019145087560542251e+01
-2.009290914163435460e+01
-5.290116610348708548e+01
-6.637749985014947285e+00
3.233186861984084004e+01
-2.365257975846120786e+01
7.286673437708861556e+00
-2.119649447679545773e+01
1.184727279361979235e+01
-3.226436904662313765e+01
1.921790956300172581e+01
9.162536124055131737e+00
-2.296459983229360091e+01
2.776238653153282598e+01
-3.207770936328513756e+01
-2.041757913157002235e+01
-6.827966921909958131e-01
3.715290624866324976e+01
2.654306273551914330e+01
-1.672275892918759865e+01
5.712748058874320023e+00
1.635756542313125195e+01
2.185571378983057045e+01
8.859603751419978579e+00
1.589825982612469346e+01
-4.960615215776155651e+01
3.231435007559687733e+01
-5.261135470276615322e+00
2.620431288294517458e+01
3.073708179929180062e+01
1.324843224753194981e+01
2.058020288850904222e+01
-5.030544721880310988e+00
3.838307946061733844e+01
-7.381364216175968274e+00
-4.260180613416426354e+01
2.039661061190331992e+01
5.252213696769155860e+01
-6.732887526242600984e+01
-3.343264758856981445e+01
5.397474819172175842e+01
1.837210386841904253e+01
4.520288687286729612e+01
-5.626965054445446413e+01
-2.089097439304687498e+01
-1.301100070496590888e+01
2.093598778183488562e+01
1.361605240690327179e+01
1.639028281633499518e+01
-4.488667744538312832e+01
5.731652795095691033e+01
3.583912902162066416e+01
1.920915389955964514e+01
5.764754389948144109e+01
-4.597281049824593424e+01
-1.402356634899951260e+01
9.852812822099522805e+00
-4.098350457436998440e+00
-3.705192120293821034e+01
7.163992229996062555e+00
2.808633896598880852e+01
-2.011429897194053495e+01
-4.123009996646707975e+00
-1.133702161519989637e+01
4.037570131120858719e+01
3.849428407785337125e+00
-2.555031468022907859e+01
-1.964589949587007567e+01
-3.993349301759099035e+01
-3.972491602823873791e+01
7.357781227125684609e+01
-1.552699150324406041e+01
-2.195529522802243605e+01
5.267177195336040540e+01
-4.369235829474992272e+01
5.519866808983364237e+00
1.603292469359440631e+01
3.869538925339417546e+01
2.448699727079876709e+01
3.651965278433564777e+01
2.991476351103797526e+01
2.106339173484276017e+01
5.161830088302595598e+00
-1.097454048451090891e+01
-1.436407963096366913e+01
5.426008748117034486e+01
