-2.268200966697076026e+01
-2.321956996886599711e+01
-2.810970366352050220e+01
-3.873248992817257630e+01
-2.134314844305018610e+01
1.372606430601503291e+01
1.239955351284287843e+01
5.071240888333657715e+00
-4.969739228303010847e+00
5.257532700797841407e+00
2.206472700263540077e+01
-4.107860685145273294e+01
1.759204110838366475e+00
9.160994043030353140e+00
1.871800783860460982e+01
-1.563379780004966513e+01
-4.741108821858755817e+01
-3.977409467075583294e+00
3.355526173641862187e+01
-2.821844293911544810e+01
2.655465236505999727e+01
-1.402894100708101455e+01
1.551237737840786046e+01
-3.072185089701603289e+01
3.573638875904646994e+01
6.774000394425501170e+00
-1.444454729928504655e+01
3.004910440066226940e+01
-3.669014016291183111e+01
-3.757368572012774877e+01
-5.142210816962160536e-01
4.307468306829915150e+01
2.164300108095229547e+01
-1.280940805161724594e+00
4.358706981223204657e+00
3.531027800119644411e+01
2.695239605329111399e+01
1.415383680608316830e+01
4.341617088240099775e+01
-4.055377268947271574e+01
2.207234833515477135e+01
-5.806426549597666131e+00
3.276429292381158120e+01
1.418791141796522304e+01
7.329876497629417287e-01
1.421056314841912638e+01
-1.003947226248946833e+01
4.238545256998304467e+01
1.186326989976661750e+01
-5.305535493740930519e+01
2.092665007059856208e+01
5.243055780816037270e+01
-4.848730792528181865e+01
-2.918897816500447817e+01
2.783341323329077710e+01
3.227849915437526818e+01
3.950542153507453946e+01
-4.649012926914148380e+01
-1.542592483474886578e+01
-2.061963653320698597e+01
2.583521652633241672e+01
9.072152005628353777e+00
1.685194175402225270e+01
-4.218850705207456997e+01
5.006317057321205510e+01
2.749557712362630468e+01
3.648402810778776484e+01
4.682972546168228689e+01
-4.641691009645334276e+01
-1.296989888755293485e+01
1.187481284531956760e+01
-1.808032568470354651e-01
-5.725403090337131573e+01
-5.351683192053836358e+00
2.829039313404660660e+01
-2.449612519845585012e+01
-2.764455165785545177e+01
-7.573301166557836694e+00
3.865609224088573370e+01
-1.927589828900667257e+01
-6.040827246475442891e+00
-2.208688069846124691e+01
-4.273013559539668904e+01
-3.328192780675140483e+01
4.989580894334128658e+01
-9.285276642811162162e-01
-2.330483668279975262e+01
5.103305288567443654e+01
-4.446502453478470329e+01
-7.909291713822165448e+00
1.412707743527008475e+01
4.245722027142932120e+01
1.891897014998986037e+01
2.613508806067748935e+01
2.001574512091314517e+01
6.533370322876796976e+00
3.839929500618759484e+00
-2.635957555831119681e+00
-7.804079045732848385e+00
5.068276586654878457e+01
