-7.741093943210583348e+03
-7.741093943210583348e+03
-7.741093943210583348e+03
-7.741093943210583348e+03
-7.741093943210583348e+03
-7.741093943210583348e+03
-7.741093943210583348e+03
-7.741093943210583348e+03
-7.741093943210582438e+03
-7.741093943210583348e+03
-7.741093943210583348e+03
-7.741093943210583348e+03
-7.741093943210583348e+03
-7.741093943210583348e+03
-7.741093943210583348e+03
-7.741093943210583348e+03
-7.741093943210583348e+03
-7.741093943210584257e+03
-7.741093943210583348e+03
-7.741093943210583348e+03
-7.741093943210583348e+03
-7.741093943210583348e+03
-7.741093943210583348e+03
-7.741093943210583348e+03
-7.741093943210582438e+03
