-2.972373205950919228e+01
-1.716818647076618021e+01
-3.541483710825893638e+01
-4.696559904827226717e+01
-1.922726814911381865e+01
2.457819203960686494e+01
2.356907684472474074e+01
1.006823250610579379e+01
-1.328410409405095471e+01
-2.062993638833258814e+00
2.225782276309331564e+01
-3.261219352215140077e+01
-1.021378653421737148e+01
4.587527604249122426e+00
1.453668006150443937e+01
-2.272996044708410324e+01
-4.451771836927867554e+01
2.206145208385729362e+00
2.999784646429279888e+01
-3.105143783288016479e+01
2.428520217695553995e+01
-1.982141672229126073e+01
1.860174403033754942e+01
-2.557501105224227089e+01
2.916375080260319308e+01
5.928933601585667290e+00
-1.356390364597742426e+01
3.057734598278329585e+01
-3.710219122377363732e+01
-3.544799918830857166e+01
-7.097677301821830653e+00
4.048641634711505333e+01
1.673269182471943495e+01
2.500486616078675617e+00
9.558500941682108731e+00
3.303011478429374392e+01
2.254556668198741320e+01
2.349760470082756569e+01
3.323316008681495504e+01
-3.726123356992528812e+01
2.733204913285631577e+01
-3.991215516181160439e+00
2.715236958776459275e+01
1.986283626037300820e+01
6.979761769608194832e-01
1.401609159495584755e+01
-6.616208743378312107e+00
3.853921205107725001e+01
1.056517681776609763e+01
-4.773861297585361996e+01
