-2.972373205834478327e+01
-1.716818656490585937e+01
-3.541483707173206597e+01
-4.696559903858228324e+01
-1.922726805203962996e+01
2.457819209263455207e+01
2.356907697615499231e+01
1.006823255740569145e+01
-1.328410398596031783e+01
-2.062993629117563898e+00
2.225782267926821589e+01
-3.261219337761856707e+01
-1.021378649338550737e+01
4.587527588983475901e+00
1.453667994484847625e+01
-2.272996042726057198e+01
-4.451771840665128366e+01
2.206145204347573774e+00
2.999784634904340308e+01
-3.105143783640900779e+01
2.428520230710861938e+01
-1.982141661107190345e+01
1.860174390133517619e+01
-2.557501095048578321e+01
2.916375079212526700e+01
5.928933665132682052e+00
-1.356390361623620322e+01
3.057734615792912791e+01
-3.710219128982160441e+01
-3.544799907142736117e+01
-7.097677224826493436e+00
4.048641634083900698e+01
1.673269175165195222e+01
2.500486443905939105e+00
9.558501092281581180e+00
3.303011472682393190e+01
2.254556671646065880e+01
2.349760464492621281e+01
3.323316001862047386e+01
-3.726123354236079877e+01
2.733204909576990715e+01
-3.991215565882071381e+00
2.715236969247942511e+01
1.986283636941789865e+01
6.979761033915998780e-01
1.401609166408818119e+01
-6.616208682913892858e+00
3.853921188984193691e+01
1.056517684908552290e+01
-4.773861302779780402e+01
