-1.085776088837832987e+01
2.834471287699743414e+01
-6.717907582750700612e+01
1.178905379698782951e+01
-6.406529919140564289e+01
-2.946864468230651823e+01
4.943720146547521210e+01
1.832169987053561044e+00
1.430579390514380833e+01
-8.076806156793912805e+01
5.033427240252086676e+01
9.757608245828288318e+01
5.092898887315880785e+01
-2.585714059212554972e+01
9.590509810545814418e+00
1.315166395312813563e+01
-5.700837401627656931e+01
5.919608997882318135e+01
-2.053763265737818600e+01
-1.323031128319910188e+01
6.175774140762646525e+00
6.734585199128672173e+01
7.669551906260772967e+01
-3.783732310187277648e+01
7.197625304936750013e+01
1.027064549854917175e+01
7.967024020107859883e+01
4.476854240823998765e+01
-1.072137510363020851e+00
-1.092215690549451779e+01
-2.121569669471190878e+01
7.107977321044307928e+01
-6.768676825232587291e+00
3.977954189634733950e+01
-9.868641570614485659e+00
-8.216275943100967538e+00
-1.037255391407855853e+01
1.056741639329242588e+00
1.943220715574878810e+01
-2.528097598429339143e+01
7.646195330169248905e+01
2.022040303754522128e+01
7.801313400756470173e+00
1.586427340654683604e+01
1.176260669402533665e+01
6.362424736321955265e+00
-4.994460716492071128e+00
2.204921279067306727e+01
-8.641508521059192560e+01
1.057603002059600072e+01
-2.649853554521592258e+01
3.114343329183848397e+01
-7.801168539935058988e+00
-1.804464986461328380e+01
-6.763941288889374448e+01
4.551169735846085018e+01
-4.421865264034499887e+01
-7.366857385499520205e+01
1.029599312691042456e+01
3.480533654822546197e+01
3.132929072861281838e+01
-6.529250283247836251e+01
-6.227783613236836402e+01
5.814615375178652812e+01
2.764500393251313426e+01
-6.172369646697549683e+01
-4.256535971895918635e+01
6.133366205537422644e+01
-4.538418088368840841e+01
-2.112094967866458362e+01
3.465918783234684497e+01
3.228473980978549207e+01
-5.035478373249759443e+01
-3.245721106827096492e+01
-1.834063174607987889e+01
-1.204864925739943615e+01
-5.555124750640830200e+01
6.683596589953677380e+01
3.366311283434252744e+01
1.942920089072828205e-01
3.594822768460508655e+01
-1.872981655675363299e+01
3.386109926717638530e+01
-8.372809745970543815e+01
9.117273818291070597e+01
-9.989808566332027340e+01
7.511372258804811963e+00
-1.557337252347656431e+01
9.590323933552095781e+00
-4.276178350191436550e+01
4.015145177830520140e+01
-3.461819654892273945e+00
7.486406482067201296e+01
-5.562875594217173614e+01
2.567162550722560965e+01
-9.591629377570816928e+01
-2.987136962146009012e+01
-1.591525956090805494e+01
5.191239475843319440e+01
-4.145940731368075660e+01
