-2.857313934546716538e+01
-1.602076508680936229e+01
-3.426718760387750251e+01
-4.581781562675213593e+01
-1.807957902329033928e+01
2.572598198552513082e+01
2.471651282480161527e+01
1.121554786572284002e+01
-1.213689831271184971e+01
-9.156371847281553622e-01
2.340518891286680514e+01
-3.146440796020224084e+01
-9.066040328208957888e+00
5.735334351975141409e+00
1.568391523550314126e+01
-2.158286056439437672e+01
-4.436545663744795576e+01
4.348824224831819407e+00
3.114554854119928606e+01
-2.990362523169813613e+01
2.642773440640101867e+01
-1.867386131312803599e+01
1.974894325800529060e+01
-2.442800848741606856e+01
3.031169887126645079e+01
7.076819404666625069e+00
-1.241614001719392135e+01
3.172521154384474684e+01
-3.595518849946340367e+01
-3.430013555429671612e+01
-5.950668506354085174e+00
4.163361416031574436e+01
1.787991775585430076e+01
3.647523249546443136e+00
1.170149637203558335e+01
3.417728379515870074e+01
2.369275863504941171e+01
2.464538066235286351e+01
3.438012033814225532e+01
-3.611415236086322977e+01
2.847986982044853121e+01
-2.843439172591831099e+00
2.829994916091376567e+01
2.101023545604672904e+01
1.845206703802288128e+00
1.516332063903618455e+01
-5.469038824387009612e+00
3.968700613398634403e+01
1.171313374285920084e+01
-4.941131352722529613e+01
2.073552485642062848e+01
4.802605724805089693e+01
-4.279742367976101747e+01
-2.678807673215604268e+01
2.648542776840018931e+01
3.041258915580214151e+01
3.774285743858847297e+01
-4.626411348839123860e+01
-1.839446737448297853e+01
-2.268398069832647934e+01
3.751915620559925912e+01
7.855588779106986053e+00
1.926821697896873076e+01
-4.202569599220139196e+01
4.896302326091223733e+01
2.461286636550055462e+01
4.058011650349308752e+01
4.402360937337429192e+01
-4.531874185593711957e+01
-1.255017265411512106e+01
1.379583272826645590e+01
-2.560366798159614987e+00
-4.083793812765349429e+01
-3.029918492501726401e+00
2.590612728264090237e+01
-2.964037347092969199e+01
-2.036577751776061618e+01
-1.032509383029561967e+01
4.527333798990793667e+01
-9.840262835944651343e+00
-1.111149031642180773e+01
-1.823635193375466912e+01
-4.879073269715409111e+01
-3.230847013827696657e+01
4.906488996633571986e+01
-9.465341880767578431e+00
-1.702645785831780856e+01
4.844462414795808769e+01
-4.403317568558681927e+01
-7.477399211464521578e+00
1.331802775623617130e+01
4.697536961189040028e+01
2.382452519805222479e+01
2.720407022752872805e+01
2.677414043690528445e+01
1.466149360786644529e+01
4.063444368474419477e+00
-3.106289219242853950e+00
-2.122620631358301324e+01
4.980450390899682844e+01
