1.442492187168836537e+01
8.209661072785785052e+00
9.571407712893000053e+01
5.324088242652486258e+01
2.974578020357952823e+01
6.180855880612165265e+01
3.670890374084362406e+01
3.682650029233866462e+01
5.304903793892657760e+00
-2.803455789776501206e+01
-6.669121539793921727e+01
-4.605128928283008349e+00
3.028008154335670099e+01
2.483231152311958567e+01
-3.749028624048467151e+01
-5.989517837051819527e+01
6.633915001862195027e+01
-7.480837786785336618e+01
-3.315814410224301412e+01
2.774044004012850451e+00
-8.247272292331129506e+01
9.956431289878096891e+01
9.079696415888169270e+01
2.776371964628667399e+01
-3.227274857956659559e+01
1.309010623851100874e+01
-1.012682913957196718e+01
9.858511488158853808e+00
-4.859617584392613310e+01
-3.264637720453313818e+01
2.848113479972050754e+01
-6.548155423164445210e+00
3.242623230073282059e+01
6.557778103132058334e+01
-3.966217950231509803e-02
9.626288863409024543e+01
8.959317039645107172e+01
3.070027949966433312e+01
5.865276273582287558e+01
-3.578704365139195431e+00
9.268345249191014545e+00
-3.560002227222034321e+01
1.867919769152024401e+01
5.698064158114601696e+01
-2.821282429245056989e+01
-8.953459792976390474e+01
-4.924652889386158705e+01
-8.830642738930862379e+01
-2.214804155113550621e+01
4.186816488663521341e+01
5.687970900240235750e+01
1.872344570895792515e+01
-9.496410862369346262e+01
-7.316523479172374778e+01
5.923721091481021972e+01
-2.656490919856468480e+01
-1.218583599761197966e+01
-3.420149854631030450e+01
-6.053522285808716674e+01
8.952100760661477352e+01
4.908653043514522096e+01
2.722851067143355408e+01
7.867328820493341368e+01
2.732630837050746209e+01
-1.906882811705941094e+01
-4.037570797756405483e+01
-2.761371281966782476e+01
-1.689668849358092473e+01
-1.333917856363520116e+00
5.280112167427153480e+01
2.403577866032036781e+01
2.024050234385889269e+01
7.278981586439586238e+01
5.924253304134698794e+01
4.568986048007736400e+01
3.364316328569603343e+01
-6.643868746946652948e+01
2.229497135320654522e+01
-7.215719647627702216e+01
-3.026969412720100294e+01
4.471923129739036540e+01
3.752362753466093181e+01
-5.104374834415880002e+01
-6.939582376591762625e+01
1.939903758268038558e+01
4.223470175598308174e+01
-2.853195727656512304e+01
-6.686797251358663630e+01
5.730093620740448301e+01
-1.268011567372773740e+01
8.881573060287107069e+01
2.573794757675690903e+01
-6.460083717491124844e+01
-1.418679835004737200e+01
-4.631572083906311121e+01
-4.585088928900358951e+01
-2.132352703856277643e+01
6.716595025593144896e+01
5.050091999458072678e+01
3.914093572178396130e+01
