3.147263678967401290e+01
4.057987471263290047e+01
-3.730104332311659476e+01
4.133683821105549328e+01
1.323526872435614088e+01
-4.024534983513353836e+01
-2.214947787251819378e+01
4.688875867966852518e+00
4.575140232058256373e+01
4.648934055802810406e+01
-3.423933733495255183e+01
4.705538453451757874e+01
4.571737015890526123e+01
-1.461957384183317332e+00
3.002822992020740145e+01
-3.581081402382905310e+01
-7.823147947993975393e+00
4.157427486187148702e+01
2.922078257161479087e+01
4.594873592310433708e+01
1.557472855296793846e+01
-4.642833626646245193e+01
3.491070853920254535e+01
4.339990471245801018e+01
1.787392552340628882e+01
2.577297158779857966e+01
2.431230376083930622e+01
-1.077745684293042139e+01
1.554722822967034368e+01
-3.288074815707243204e+01
