3.147110388189758012e+01
4.058012571580057681e+01
-3.730239336475839451e+01
4.133792456536802717e+01
1.323534698041121871e+01
-4.024503731431789078e+01
-2.215031725318563360e+01
4.688537403505209866e+00
4.575161555165271920e+01
4.648886817797076532e+01
-3.423858128282423507e+01
4.705944334922068606e+01
4.571756880907982890e+01
-1.464252286107370349e+00
3.002843231895363729e+01
-3.581211798225869813e+01
-7.824243267597254636e+00
4.157436862755093188e+01
2.922085786740867874e+01
4.594821466714388691e+01
1.557491330628179682e+01
-4.642859081301813262e+01
3.491135317023654494e+01
4.339932609105520100e+01
1.787443571736017134e+01
2.577479518519369250e+01
2.431299722925647444e+01
-1.077964730820368366e+01
1.554849230044433028e+01
-3.288205027598166907e+01
