-2.853523188933414190e+01
-1.590167274907964412e+01
-3.441187869431807655e+01
-4.564945377981192109e+01
-1.805705414947612297e+01
2.576552567041734321e+01
2.466537716533142444e+01
1.143284062768057474e+01
-1.194929426987238763e+01
-1.178803347695499104e+00
2.352565882020586940e+01
-3.163197041372283635e+01
-9.037792374950566199e+00
5.679106715616978107e+00
1.568401290713536511e+01
-2.156925070505939246e+01
-4.333504320124428943e+01
3.270473189640916711e+00
3.123119557145221492e+01
-2.988154053563912527e+01
2.541786268598696452e+01
-1.847794307804012703e+01
1.966329062396787819e+01
-2.430116204867976748e+01
3.033485849886325880e+01
7.045056387604867076e+00
-1.227562327603837922e+01
3.189861486102615373e+01
-3.597123102850387966e+01
-3.439964922083569121e+01
-5.818755352121680602e+00
4.166729252240777726e+01
1.774634586639372458e+01
3.470795287145371333e+00
1.052613084245291297e+01
3.429265436456761762e+01
2.379316305347583693e+01
2.479617094570901514e+01
3.434558133631890087e+01
-3.609046499316617229e+01
2.896381978888435071e+01
-2.904848101958504625e+00
2.827794305206705872e+01
2.093572627154751942e+01
2.006632029940817130e+00
1.500950445752293838e+01
-5.187055462705453479e+00
3.954057753039983680e+01
1.162211302278749692e+01
-4.933215745913112471e+01
2.079213820349776043e+01
4.808597033591156134e+01
-4.272720322225727330e+01
-2.669601852232743866e+01
2.664329721366295445e+01
3.037068362317983983e+01
3.767367433853812031e+01
-4.638450491213692573e+01
-1.865373752904574189e+01
-2.274303714635188456e+01
3.741656911295638821e+01
7.819612957294348021e+00
1.921563258335595492e+01
-4.212872203740463561e+01
4.890174583818455289e+01
2.464625484049681248e+01
4.045493267438908447e+01
4.387696614944522366e+01
-4.536108624679619794e+01
-1.251035793335933377e+01
1.364081265167817669e+01
-2.054745692695188808e+00
-4.097606968427948715e+01
-3.161958359870192137e+00
2.596310124184000756e+01
-2.955290006187983920e+01
-2.029428901010406250e+01
-1.041003131001761339e+01
4.535891092239325673e+01
-9.918654204655103612e+00
-1.104279692489865994e+01
-1.822851589750778700e+01
-4.876372332573983215e+01
-3.218982143669371965e+01
4.938015842276568890e+01
-9.465362215874854712e+00
-1.675610254592701764e+01
4.837533973408228860e+01
-4.400739708700669439e+01
-7.483933415672709089e+00
1.329785186447435130e+01
4.706013024578988535e+01
2.374052039552909577e+01
2.709936394785110281e+01
2.670619834701129847e+01
1.472324862439862514e+01
4.114112015615616791e+00
-3.180176228595079646e+00
-2.105228922850978890e+01
4.984575996499141581e+01
