-2.857273460960470146e+01
-1.602106267110154647e+01
-3.426762768315765584e+01
-4.581792616962383136e+01
-1.807957236040179083e+01
2.572496872308501992e+01
2.471674479375477773e+01
1.121555937634139255e+01
-1.213630453681322408e+01
-9.158580899737867043e-01
2.340563590256397575e+01
-3.146627397645698920e+01
-9.064972857265368944e+00
5.736241513335912146e+00
1.568453688305874572e+01
-2.158255131502120250e+01
-4.337022992405265143e+01
3.354029605970127115e+00
3.114457628934451350e+01
-2.990236025173486567e+01
2.543218243451554272e+01
-1.867319652889868564e+01
1.974937578040600883e+01
-2.442646442421139952e+01
3.031241146752758198e+01
7.076863735344391060e+00
-1.241669247613733162e+01
3.172424497235861907e+01
-3.595552953764175186e+01
-3.429978370704550628e+01
-5.948333759026466439e+00
4.163338099665214287e+01
1.787926701958462772e+01
3.647827085287457027e+00
1.070775129315095420e+01
3.417621924368848596e+01
2.369449186964288145e+01
2.464415858329061138e+01
3.438173716901734878e+01
-3.611637824196441215e+01
2.848072223018812466e+01
-2.844355060113479716e+00
2.829947270984205332e+01
2.101171517309578718e+01
1.847344891658686983e+00
1.516626478828255387e+01
-5.466546939377888492e+00
3.968961278686140304e+01
1.171237426175722618e+01
-4.940944922704257891e+01
