-9.905722122561819276e+01
-9.919889252134495905e+01
-9.971881140849878022e+01
-9.855171682208836614e+01
-9.962017133966357108e+01
-8.417130388515959183e+00
-9.761072937917217018e+01
-9.890502930398443482e+01
-9.983134860541549926e+01
-9.923374022631315938e+01
-9.974259280829262764e+01
-9.997793554531239124e+01
-9.996322682375975432e+01
-9.967696059980944767e+01
-9.973568786322213953e+01
-9.959000473283973065e+01
-9.985754633728672047e+01
-9.960250622219548688e+01
-9.925811996013017335e+01
-9.973191859068408860e+01
-9.981619071139354560e+01
-9.945730691915737509e+01
-9.980001178676883455e+01
-9.991497897375514015e+01
-9.910713188212453417e+01
-9.951822962149798002e+01
-9.917160039880572242e+01
-9.941202952510568025e+01
-9.928711372580058026e+01
-9.892135919504303843e+01
