-2.757287614757767713e+01
-1.502069210435918833e+01
-3.326734959337267128e+01
-4.481811263039023885e+01
-1.707978156051174778e+01
2.672567852576795033e+01
2.571656324069531152e+01
1.221571864912301209e+01
-1.113661628504391032e+01
8.449368326915598915e-02
2.440530758357277463e+01
-3.046470903346093451e+01
-8.066300696251056834e+00
6.735016351172526505e+00
1.668416914858819666e+01
-2.058247176250252153e+01
-4.237023161221017631e+01
4.353631062332112833e+00
3.214532190269300571e+01
-2.890395021986303092e+01
2.643269419339024395e+01
-1.767393342439626025e+01
2.074922544101844224e+01
-2.342751923072106734e+01
3.131123757758998494e+01
8.076414115993951981e+00
-1.141643228601733817e+01
3.272483792692075610e+01
-3.495469047936397544e+01
-3.330048209382863433e+01
-4.950158523309473146e+00
4.263393373109156670e+01
1.888023368277166725e+01
4.648021998368756513e+00
1.170600431698013466e+01
3.517764114795545538e+01
2.469300009856489098e+01
2.564509156934802903e+01
3.538072142447705914e+01
-3.511358867049352739e+01
2.947934694562214020e+01
-1.844017356269289198e+00
2.929963657004849864e+01
2.201035936769343593e+01
2.845441705933787979e+00
1.616327525837056456e+01
-4.469544624710946046e+00
4.068572061686278118e+01
1.271278209430076522e+01
-4.841225978685564257e+01
2.173220298063838030e+01
4.902051873412040095e+01
-4.180950648956934401e+01
-2.580940356199288743e+01
2.744194912720820057e+01
3.132422651869454810e+01
3.856461000107023551e+01
-4.561604523018782942e+01
-1.803329195637627791e+01
-2.257634100865626081e+01
3.753633856809429403e+01
7.866711969926188708e+00
1.927853393728906539e+01
-4.201495948182561335e+01
4.897267800520194214e+01
2.462220736041485125e+01
4.059031902108591794e+01
4.403368894798514788e+01
-4.530841633719525419e+01
-1.254025029185005735e+01
1.380629173671160714e+01
-2.550154806634875815e+00
-4.082762784299416126e+01
-3.019717489413018541e+00
2.591638019609678167e+01
-2.963021706320973436e+01
-2.035541310735045428e+01
-1.031480495977001510e+01
4.528363418514417305e+01
-9.829980921630667723e+00
-1.110130530390390113e+01
-1.822625008613637831e+01
-4.878047815983700985e+01
-3.229834493168240073e+01
4.907499885308111232e+01
-9.455198898082043613e+00
-1.701608989276132178e+01
4.845495387967512357e+01
-4.402289073124217111e+01
-7.467155070554629681e+00
1.332809557450902815e+01
4.698565870180105009e+01
2.383487170302182889e+01
2.721413130566873662e+01
2.678449071272445181e+01
1.467188698000689762e+01
4.073760145896356377e+00
-3.095912529801001067e+00
-2.121633993115269945e+01
4.980471772126878705e+01
