5.595190007853318992e-01 0.000000000000000000e+00
4.054443596122009330e-01 0.000000000000000000e+00
4.326004814077624716e-01 0.000000000000000000e+00
4.250749859692991572e-01 0.000000000000000000e+00
3.995603934709850424e-01 0.000000000000000000e+00
2.712177071439152987e-01 0.000000000000000000e+00
4.812073705960954184e-01 0.000000000000000000e+00
5.255712464486330671e-01 0.000000000000000000e+00
4.246455529182039390e-01 0.000000000000000000e+00
3.634880260945110297e-01 0.000000000000000000e+00
4.958261608474228699e-01 0.000000000000000000e+00
4.682571549242757203e-01 0.000000000000000000e+00
5.894479734290238859e-01 0.000000000000000000e+00
4.191906720534451791e-01 0.000000000000000000e+00
4.418306237766541633e-01 0.000000000000000000e+00
4.473527167381856628e-01 0.000000000000000000e+00
3.587594503957700076e-01 0.000000000000000000e+00
4.117795599885001878e-01 0.000000000000000000e+00
4.298119502418823457e-01 0.000000000000000000e+00
4.175178819842038647e-01 0.000000000000000000e+00
4.723751548177014814e-01 0.000000000000000000e+00
5.298232474815702808e-01 0.000000000000000000e+00
5.007795942171919812e-01 0.000000000000000000e+00
3.928681938513989835e-01 0.000000000000000000e+00
5.060715406653628623e-01 0.000000000000000000e+00
