6.200658971757772520e+01
-5.832230671498436436e+00
5.646311736310832430e+01
-3.898680179328631823e+01
2.222863840896879140e+01
3.371835106647608882e+01
9.361562916582374783e+01
4.145004162882127474e+00
5.988769871881589779e+01
-2.672115059049687602e+00
1.285948860686630724e+00
6.020100984358494145e+01
7.236951177391722467e+01
1.069086080678993866e+01
2.705233591222980749e+01
2.045690584449511107e+01
-1.536207643361810682e+01
4.867056856484629179e+01
4.476402025482759939e+01
1.506384892134937559e+01
-5.007919635732154262e+01
2.692105166292414609e+01
-5.922059779647431554e+01
-4.374932031738107696e+01
5.101423913114238928e+01
7.980273770730619276e+01
9.761990139229739327e+01
9.912154640469614719e+01
-1.789395736449360896e+00
-2.763219883328229898e+01
4.392890650673396635e+01
3.322449769580697421e+01
-2.588164543353954627e+00
-4.247209783330694677e+01
2.002539619046281416e+01
3.430047908887299002e+01
4.792423828796998464e+00
3.954567753035064470e+00
-5.114628614285226149e+01
1.729430220198398160e+01
3.223780385668499093e+01
-5.298948046275675949e+01
-1.973348391733545526e+01
-8.812516927189726346e+00
-7.534992881642079254e+00
-6.286343461484837292e+01
-1.158410433860623456e+01
4.726062329506078186e+01
1.775286480206039386e+01
-6.138185477719360961e+00
