3.293390126511545901e+01
1.557671909220114514e+01
-3.236965276639467248e+01
6.135940788391481249e+01
5.347161549780119572e+01
1.765727420464888553e+01
6.138306171183374715e+01
2.749035535762772042e+00
-1.666459366299389444e+01
-1.259835451615001034e+01
-1.216129987702375814e+01
-4.406847491317573429e+01
8.461929922614974231e+00
6.556370165763425462e-02
-2.788980441035941737e+01
-4.009947552638877255e+01
-4.139929577393748872e+01
8.505646651737677644e+01
-2.742973060648488115e+01
-4.164163465674471354e+01
-8.379911551251576896e+01
2.974006387119342065e+01
5.441341870879532649e+01
-2.600261627647078910e+01
3.928728514304988551e+01
3.999519330685725294e+01
7.272892562424780749e+01
5.379155139794389129e+01
2.269234912486712119e+01
-1.120967956364941642e+01
-3.583888984862601035e+01
-9.321537840279628995e+01
2.729443816262298839e+01
3.725357221839512789e+00
2.010010419778043200e+01
4.686291797331768549e+01
9.738643662140731294e+01
9.298502505099804694e+00
-6.836658099777787356e+01
-4.983554824891325552e+01
-3.410551623036944591e+00
5.846401852239699082e+01
-9.203411244069583574e+01
4.394946910564408427e+01
4.648146711050068802e+01
-1.354244961345982290e+01
4.703651485391062437e+01
4.946040827589823152e+01
3.218610189756822137e+01
-2.534982717345957326e+01
