2.595054683633022385e+00
5.260804928400546032e+00
-6.812863962291180187e+00
-2.014204600752468366e+01
-6.098727542915784028e+01
6.226852236188588563e+01
6.787494347147645612e+01
2.088420241960742629e+01
-7.143089282216733693e+01
-3.005204673680574956e+01
6.428078001082501203e+01
-3.031314478676292623e+01
9.127956323806107264e+01
9.031667454893860025e+00
5.671779367888488821e+01
-2.604674223027045699e+01
2.863133185919481605e+01
-3.446652977686586183e-01
5.260639836698755545e+01
1.064423823500213473e+00
1.903075110973274064e+01
-7.871477535188233787e-01
8.298998302399476756e+01
-5.956819007486572559e+01
-8.674918909742075357e-01
-6.478802721164200307e+01
-4.240277282842523476e+00
-7.475660061380847310e+01
5.733437574851677709e+01
8.459087417561181610e+01
-1.637793010201460220e+01
-2.980715577910415703e+01
-1.397233338971635774e+01
-1.670139302169286566e+01
4.933532823003298518e+01
6.609569066211378185e+01
-1.579151450662259037e+00
6.070960488062813454e+01
1.532583919979877862e+01
-8.904596188045333349e+01
-6.441896100695205973e+01
-4.052784782538569885e+01
3.002248970719490728e+01
5.220197834206101106e+01
-2.630943755275986007e+00
-6.961115883029998486e+01
-3.466024761059086856e+00
-5.790882808762426492e+01
-4.497928256430557781e+01
-1.017459391165367322e+01
