8.375212539778398479e+01
-3.086953512002001787e+01
4.292738795276079600e+01
-1.097436156441067112e+01
-2.735601165916124344e+00
5.305220310905934156e+01
-5.226654630677968072e+01
3.908392381399195870e+01
-3.279391453711463100e+01
-5.722125685096413861e+01
7.350812812028885901e+01
-5.787770089843225918e+01
-3.591528695863823373e+01
2.162874632274115427e+01
-9.994275301869137706e-02
-2.038182676179139463e+01
3.509083836722371075e+01
8.900665901443601058e+01
7.790462796181276417e+01
-3.557893615352321603e+01
2.266088878450774047e+01
6.237065503724725346e+00
-3.768615545311297943e+00
1.642776916435488488e+01
1.494425043768168848e+01
4.109575946001530156e+01
-6.123372443789363473e+01
6.050940221486945347e+01
-2.817271521246784260e+00
-7.200798363572062044e+01
8.081647414464087831e+01
-7.734205679252711718e+01
3.046583250091011763e+01
4.935339940836448136e+01
6.637075825372130566e+01
-3.374915645780233575e+01
8.445141750062657593e+01
-8.250149910204758186e+00
2.520390832402041426e+01
-3.928061553987666343e+01
2.823232114923558811e+01
3.409399182024870356e+00
-8.742594664837545793e+01
-1.887218016461982728e+01
-2.921684182636429483e+01
5.484271362115985227e+01
-4.617265365915744013e+01
4.351230580993005503e+01
6.843426915832975510e+01
1.404957216406311282e+01
