-2.913757647865372036e+01
-1.570160359336779621e+01
-3.416558953710719493e+01
-4.580769820568053063e+01
-1.807986208845575504e+01
2.572540833631558144e+01
2.471652977829615239e+01
1.121612744763312897e+01
-1.213671558843230613e+01
-9.154086426891542283e-01
2.340539119922140898e+01
-3.146454175212975457e+01
-9.066170522143767840e+00
5.734755251708625323e+00
1.568388312519655692e+01
-2.158233073896990817e+01
-4.337041411369055055e+01
3.353916399394964998e+00
3.114544581631239595e+01
-2.990373141715208050e+01
2.543270826429848341e+01
-1.867396633444638354e+01
1.974930539563483123e+01
-2.442743201749912885e+01
3.031108592483600006e+01
7.076436777629355745e+00
-1.241671573231441172e+01
3.172474116265751931e+01
-3.595451762132178430e+01
-3.430026956980512409e+01
