-2.913790725495508127e+01
-1.570151921267553519e+01
-3.416563956054565665e+01
-4.580768899958518148e+01
-1.807979597073503442e+01
2.572560660464396420e+01
2.471642338747368228e+01
1.121595853709364832e+01
-1.213671898617791456e+01
-9.156982015885406501e-01
2.340491859030805699e+01
-3.146473749914004259e+01
-9.066407391422854900e+00
5.735116761056762158e+00
1.568412799690954174e+01
-2.158252931961741439e+01
-4.337055399210633055e+01
3.353439218977858349e+00
3.114544694276954573e+01
-2.990406211246151358e+01
2.543270903782977399e+01
-1.867377495003066201e+01
1.974881844611182302e+01
-2.442737053562005656e+01
3.031082508179893154e+01
7.076269938218076483e+00
-1.241640389062615668e+01
3.172469705522147621e+01
-3.595455691200454140e+01
-3.430038324280829443e+01
