3.147302957494217779e+01
4.057970371537069099e+01
-3.730122435050228091e+01
4.133609789206357732e+01
1.323660970943817361e+01
-4.024512802021584434e+01
-2.214936042305439301e+01
4.686296365914382811e+00
4.575112233103359927e+01
4.648951667829795298e+01
-3.424163744239422869e+01
4.705939692465142343e+01
4.571752634472380095e+01
-1.461612521970398371e+00
3.002859436372008517e+01
-3.581192751807222407e+01
-7.824009361654176153e+00
4.157288563523515990e+01
2.922118491482696712e+01
4.594969251752528550e+01
1.557402918026774508e+01
-4.642809044070408220e+01
3.491131211536663415e+01
4.339819187570774517e+01
1.787392355326294080e+01
2.577430818036008020e+01
2.431392345193048143e+01
-1.077646652615392320e+01
1.554662851754444830e+01
-3.288072176659104429e+01
2.060524677298907648e+01
-4.681700287095813451e+01
-2.230803487347322900e+01
-4.538374172317991651e+01
-4.028807643734071320e+01
3.234650302879160222e+01
1.948333305137374083e+01
-1.828998656954399848e+01
4.502275978539071843e+01
-4.655468312635978378e+01
-6.124975991995534663e+00
-1.184378177927949594e+01
2.655001563154861088e+01
2.951979324244125280e+01
-3.131225199016466831e+01
-1.022964711639001489e+00
-5.440739127347287152e+00
1.463116793594704390e+01
2.093401455176557491e+01
2.546750517915947754e+01
-2.239704058806881193e+01
1.797107676350422878e+01
1.551062904235033812e+01
-3.373955868949214221e+01
-3.810079717440233793e+01
-1.632774203329876439e-01
4.597518627070727604e+01
-1.596079890537287937e+01
8.526296623175158018e+00
-2.761805780532714039e+01
2.512742472706278107e+01
-2.449100832895732083e+01
5.954027469573379694e-01
1.990709173371383400e+01
3.909033632424582549e+01
4.592944757789174304e+01
4.721436350866704323e+00
-3.613730796101679488e+01
-3.507015744885705288e+01
-2.424936029898624668e+01
3.407158763788716271e+01
-2.457223909978479170e+01
3.142823490729140090e+01
-2.564770744612209796e+01
4.292632610112201519e+01
-1.500133550000506943e+01
-3.034024001243496471e+01
-2.489176897681295486e+01
1.160442000721521438e+01
-2.671175273558455299e+00
-1.483409487122579051e+01
3.308325801226290253e+01
8.526496364951389850e+00
4.972467938368882123e+00
4.171913742150384508e+01
-2.141570896047223371e+01
2.571956762236535710e+01
2.537250688310609448e+01
-1.195492546918141308e+01
6.782169300747751706e+00
-4.241456113124913685e+01
-4.460483611369724599e+01
3.079542953382082615e+00
2.791699068836659592e+01
4.340136415513811130e+01
-3.700913299794656552e+01
6.882313036293323805e+00
-3.061740030618044006e+00
-4.881036470921561232e+01
-1.628725451701185989e+01
