-2.800830718462694335e+01
-1.570217242431165516e+01
-3.416589587177369225e+01
-4.580765108998360802e+01
-1.807947200189552817e+01
2.572545005982428634e+01
2.471677027277756977e+01
1.121589859615592744e+01
-1.213682352511663076e+01
-9.156969878392768880e-01
2.340511487032354410e+01
-3.146488739002499102e+01
-9.066117043985020274e+00
5.735186319074095707e+00
1.568398731840118820e+01
-2.158229726660027126e+01
-4.337003893310730263e+01
3.353827519608028940e+00
3.114550081253554481e+01
-2.990379265366292216e+01
2.543289801895894442e+01
-1.867375496398218004e+01
1.974942887910867029e+01
-2.442736370598806417e+01
3.031142470273534073e+01
7.076610001624870527e+00
-1.241659766764633410e+01
3.172464348080311680e+01
-3.595451854484995380e+01
-3.430071281362155133e+01
