2.085745408181071525e+01
-1.208508444423607386e+00
1.324096702294995254e+01
-5.670458276119304486e+01
-6.541276121326524162e+01
-2.513229903363166073e+01
3.562338078494460092e+01
1.949811630735732138e+01
1.667046808619844711e+01
-1.426132705411012580e+01
2.057310484984694909e+01
-1.489974264201332232e+01
7.133085316339844439e+00
4.255202173245993436e+01
1.973833328070884363e+01
-5.011771557205812400e+01
3.744495268184770254e+01
4.548664923667118387e-01
4.556491211664016561e+01
-7.513546250183040343e+01
2.239311897401131901e+01
9.142508499888563733e+01
2.604028147425617945e+01
6.024411449227005733e+01
5.422722840122141008e+01
2.194656095706358556e+00
3.290750529114647094e+01
3.179024108019281769e+01
8.456280693520669445e+01
-7.712331957098029989e+01
4.022394335217926908e+01
-1.441876025329769817e+01
-1.190074598032371966e+01
5.945111562799255012e+01
-3.274118259933322150e+01
6.967547283461000518e+01
-1.849797398954199679e+01
3.370816822665214829e+01
2.462794385034367650e+00
-4.947503276942214967e+01
8.437066737638875225e+01
8.314863321500992299e+01
-3.906973290498290652e+01
-3.148264093830363208e+00
-2.297725433894542135e+01
2.410930676968954245e+00
-4.176758678833972027e+01
6.488595779126815444e+01
-2.899492232852471574e+01
-5.559531147853872568e+01
