-9.977758198207052232e+00
3.258163219988335868e+01
-8.103711273919560654e+01
2.221410453873133406e+00
-3.820794707448239791e+01
1.458402921350349146e+01
-2.349408048955472061e+00
-1.290919536305786508e+01
2.740532227389105913e+01
-2.514979436900075882e+01
8.307989493099177025e+01
-6.706033939494852802e+01
4.842665531304213289e+01
-3.264641621980509001e+01
3.507702430623498202e+01
1.322707720548179822e+01
-5.655300767010732699e+00
6.525532894164985009e+01
-2.079745791621034101e+01
-6.186574162023802614e+00
6.949041788335304659e+01
3.398455930996162522e+01
-1.450989128706480713e+01
7.893613789519295665e+01
5.829303110355485273e+01
-5.064939142825636509e+01
2.475358696143838699e+01
7.195958320989288381e+01
4.865720084368007292e+01
-5.327695312023183050e+01
4.400149493498855691e+01
6.852033051559741850e+00
3.069123169708850440e+01
4.018145723761318777e+01
7.909178887386820733e+00
-1.201749699815174566e+01
8.097919490561359623e+00
8.744672653114113459e+00
4.099489568541059015e+01
1.219048242294286943e+01
-8.519224489871049855e+00
7.933398097279237504e+00
6.316565571998935980e+00
2.372920523847633234e+01
-2.153073888736927088e+01
1.088982732472597803e+01
-4.845036305816316258e+01
7.025081503271658789e+01
-6.103596723902846577e+01
-2.932775816942093172e+01
