5.181827003817805810e+00
-2.843755640297453624e+01
-7.979867602014838468e+00
4.456139498008482747e+01
-8.444854021031858338e+01
-3.196082174541849952e+00
1.533190230161698508e+01
2.470249262527472922e+01
9.697070168904820875e+00
-1.826176096792686820e+01
-6.446568198033347130e+00
2.843729391784961535e+01
7.033629321558978020e+00
-1.186184428330251706e+01
-3.027218196216421831e+01
4.888403114893081636e+01
1.729658146148924658e+01
2.863655720816363726e+01
-1.443392757223013589e+01
-2.308856012316861950e+01
7.393139939839034014e+01
-4.102661676663983847e+00
9.440368434219180926e+01
5.575252043600437446e+01
-5.581593406843010996e+01
5.940362266670040015e+01
1.921916586214760514e+01
8.190691819617424585e+01
1.483059633385482812e+01
-4.076216768018810654e+01
-1.321735572420293892e+01
8.821029829745683060e+00
3.088701815466423994e+01
2.018597201887332560e+01
1.873296519258910209e+01
3.066761381933896047e+01
2.640928281382083753e+01
7.276366888671113031e+01
-1.505560331688260334e+01
-5.098521282742708394e+01
5.742747863705415767e+01
3.410593021906217359e+01
1.260535944166291422e+01
-5.959553447082741684e+01
4.368838831582971238e+01
-2.222070427583845387e+01
-2.858500253937791058e+01
1.465943233855729488e+01
-5.883123368538229414e+01
4.998240117388779424e+01
