-9.555589652638104781e+00
-1.123029209801494233e+00
1.767672121118168604e+01
-7.050377856645548036e+01
-5.975858564306744825e+01
4.899528889229806339e+01
-8.504510528128065516e+00
7.823578737322426946e+01
-7.399831950547054760e+01
-3.043937556305714054e+01
6.886694087575287426e+01
-5.763526437981326467e+01
4.505858818564282586e+01
-5.547631611117645889e+01
9.661327818855434657e+01
6.133179978372534435e+01
-5.205181179116242163e+01
2.905411183612660508e+01
2.276929771343464637e+01
-5.998112771757584483e+01
3.745571936743306907e+01
8.621723991652194741e+01
6.181441256196904988e+00
8.466617885329480941e+01
3.415917622328251468e+01
-2.098233552381325495e+01
5.336548859660080524e+01
5.396283156671871950e+01
2.802350924270963617e+01
-5.930149257255331463e+01
3.381230212353503362e+01
3.488418224777765886e+01
2.769520089439284050e+01
-1.989549713118719865e+00
-3.563064147294627304e+01
-2.990917793654311652e+00
4.366381206046456498e+01
4.082846260964252139e+01
1.447851987986599909e+01
4.387170924170563069e+01
-4.417724882552269605e+01
6.836482495218926658e+01
2.992736001345833685e+01
-4.585078914307800346e+01
-3.577171139178894066e+01
1.631704114061586708e+01
2.246335590073763555e+01
-6.306815202015654620e+01
4.056682246806779801e+01
-5.107003183377411659e+01
