-2.457696281285457829e+01 -1.898727404412635167e+01 -3.323806465324728521e+01 -5.164377107148953172e+01 -1.946261189318649798e+01 2.315270984241251284e+01 2.601460349576468190e+01 5.756174169505786864e+00 -1.388163641584473496e+01 -1.324791273206867404e+00
-2.471557623393583469e+01 -1.605427182602243619e+01 -2.734139208339176363e+01 -4.401702281633770042e+01 -2.137728911844618551e+01 2.572391199388081873e+01 2.420419284102192137e+01 9.762340735361345168e+00 -1.057591552087635023e+01 8.290579641592310534e-01
-3.372479560093704265e+01 -1.788226097352449528e+01 -3.666073099796030732e+01 -5.075082575739681801e+01 -2.070810366395144797e+01 2.957816249248193685e+01 2.284067991658375263e+01 1.578082270435256973e+01 -1.049892701710284015e+01 -1.362600321312960716e+00
-2.371800346562193695e+01 -1.645557582935984797e+01 -3.745429523528672178e+01 -4.365044146210438925e+01 -2.532412119911370851e+01 1.932496609299504087e+01 2.112060286397458597e+01 8.805255676048391322e+00 -1.353881034510653159e+01 1.900282763113797235e-01
-2.423611907349679484e+01 -1.486103532339319067e+01 -3.871251264517749746e+01 -4.474303990791883479e+01 -1.668111651383694394e+01 2.540252894349445256e+01 2.387510309525527319e+01 1.500992377884875317e+01 -1.329299655535584179e+01 5.284561879924768668e+00
-2.789780024861125440e+01 -2.037916651298862547e+01 -3.904204923951313333e+01 -4.431500560968488855e+01 -1.882774463421359101e+01 3.265680894899202258e+01 2.291275705166028587e+01 8.757375328534429570e+00 -1.395096207196893445e+01 -1.907839143385326786e+00
-2.658933029195244657e+01 -1.606233310939959935e+01 -3.627396276608096315e+01 -4.111528731854284757e+01 -1.603309157725974643e+01 3.138985835902376564e+01 2.038757152071164924e+01 8.726741803980324619e+00 -9.643589029291526060e+00 7.418470087343385089e-01
-2.721869030596414518e+01 -1.795443255647515102e+01 -3.404787845553516945e+01 -4.322050788372378349e+01 -1.252813659368670507e+01 2.396963935656890854e+01 2.323687763259733430e+01 5.170049449231087557e+00 -9.198991154383596935e+00 2.136847854173456351e+00
-2.873729753893830718e+01 -1.859435717703679813e+01 -2.919674504633762169e+01 -5.831538115176807935e+01 -1.639799114454655538e+01 2.500565090527077317e+01 2.814082034482066774e+01 4.189034212315829286e+00 -1.829692070932896542e+01 -5.455724863581666639e+00
-2.581885857806293316e+01 -1.408166543481335609e+01 -3.288840843073393216e+01 -4.773761104527014254e+01 -1.978191156181283361e+01 2.416112929089881689e+01 2.483932771759049984e+01 1.255833061795331318e+01 -1.232392272449051163e+01 -2.278675696554391283e+00
-2.956351154208669385e+01 -1.784787981077572994e+01 -3.322107055674926102e+01 -4.490066064592602402e+01 -1.446364223808682326e+01 2.667091075673900846e+01 2.575034720676768174e+01 1.200827618984554057e+01 -1.040834931492429050e+01 2.098367893347353075e+00
-2.690105288536627626e+01 -1.839422330124563132e+01 -3.177777401678638824e+01 -4.605500987359218357e+01 -1.675423222921733668e+01 2.657014237268433376e+01 2.366176323288837935e+01 1.416358083273494017e+01 -1.325229077705517611e+01 -5.402737564927080349e+00
-2.883029624970769333e+01 -1.815355363677995371e+01 -3.254076069602059817e+01 -4.306715696580168640e+01 -1.375471988605124274e+01 2.514391296335360337e+01 2.412461312015489057e+01 1.141604447398641575e+01 -1.052556530639200716e+01 1.614824693587431081e-01
-3.309516551237672388e+01 -1.254948940141618330e+01 -2.962670016092913627e+01 -4.411403275799944623e+01 -1.680609607211232515e+01 2.501759047027320193e+01 2.482618604706109622e+01 1.813892706363978391e+01 -1.522489880797915340e+01 1.514458522053472311e+00
-2.828105453588742435e+01 -1.432100979390577677e+01 -3.872319159780301590e+01 -4.450040690095822526e+01 -2.190844523283962886e+01 2.967776507121945073e+01 2.369516593007691796e+01 9.076549008140423425e+00 -1.523760140147614806e+01 1.085097685271527945e+00
-3.232913980110650698e+01 -1.801360662775238097e+01 -2.899542140433426241e+01 -5.498447143688292016e+01 -2.108372724552251043e+01 2.543325902676073369e+01 2.919662613257690964e+01 5.901469588161011970e+00 -1.224985609788677010e+01 -3.533017749965792209e+00
-2.815937625748166795e+01 -1.640470702883349219e+01 -2.953375090798451197e+01 -4.369796117447152284e+01 -1.604377662239932079e+01 2.277675238306286332e+01 2.394952577941194605e+01 1.330509094635950973e+01 -1.200831642403069566e+01 -6.909319494221407565e-01
-2.687847246029488701e+01 -2.304136614945969086e+01 -3.611911996344588971e+01 -4.561931759396364328e+01 -1.495889564239932312e+01 2.984737058509971774e+01 2.250861994234063701e+01 9.081194970663558408e+00 -1.272478827590301620e+01 -8.248357394143194909e+00
-3.009001075196912822e+01 -1.552640525812768679e+01 -3.275753817022535941e+01 -4.229874627070682180e+01 -1.563840591376608202e+01 2.901488437677988230e+01 2.372626162236134206e+01 9.392806875709084125e+00 -1.404764959436317895e+01 -5.979793820892203016e+00
-2.990154165515311391e+01 -1.530538244084078947e+01 -3.347496817420139337e+01 -4.919255919575385860e+01 -1.783323042214159670e+01 2.534949089155335145e+01 2.427703799777491867e+01 1.100876564349912989e+01 -1.260901946145655117e+01 5.254063429398332374e-01
-3.143103565883544803e+01 -1.586620400080572679e+01 -3.276997174254005074e+01 -4.807901241943785919e+01 -1.814641899780303547e+01 2.774003013869722878e+01 2.279469981338521478e+01 7.239714461054180816e+00 -1.425500498519938297e+01 -2.205923558759822267e+00
-3.179888026452547223e+01 -1.123678710269467373e+01 -2.936242495685359799e+01 -4.705915798890334401e+01 -1.781822169809373690e+01 2.752465836998790394e+01 2.202204180014731350e+01 4.284689256092423904e+00 -1.321054247517491476e+01 -2.450983713217469440e+00
-3.033963620996541266e+01 -1.635962412330120586e+01 -2.902680663645972459e+01 -4.143324274884412262e+01 -2.232827034476033035e+01 2.032664339467221382e+01 2.695282969046771981e+01 1.379227553996117628e+01 -1.647504940489713121e+01 -2.037624822104477929e-01
-3.435068634642436791e+01 -1.487664813614268944e+01 -3.232356259790737596e+01 -4.784414544209693076e+01 -2.067789528267856980e+01 1.892777051795010124e+01 2.547253866482798301e+01 1.954614879846502618e+01 -1.346444259059454396e+01 7.992548615140183443e+00
-3.128658502114907947e+01 -1.593841088949530871e+01 -3.451439872610284709e+01 -4.357280853538124177e+01 -1.455309313209586541e+01 2.683879908891891120e+01 2.282276578150865021e+01 5.492211998994838140e+00 -1.097481325226264381e+01 1.657444535838361599e+00
