4.816065978823763771e+01
5.249855762722976493e+01
-6.952364709779985219e+01
2.161156631378867488e+01
4.077489399640374756e+01
-1.426090871828385787e+01
-1.130346135334083613e+01
3.657667959380204081e+01
-1.829937706525199559e+01
7.091518258230205163e+01
-3.232920059853626071e+01
2.292703789353896937e+01
6.136156800514370957e+01
1.213284091519519947e+01
-8.358708399023903723e+00
-3.819618615661344307e+01
-2.237274223800122641e+00
6.819731813558883005e+01
2.203846457349411736e+01
7.125212037839506252e+01
-1.947375937548258662e+00
-3.092479203777957508e+01
4.684219293743019819e+01
4.953126674058586332e+01
5.138459101874516932e+00
5.269565588224836006e-01
2.483122345832764921e+01
-8.865012416733559775e+00
2.314131038659606432e+01
-2.855106811325557459e+01
4.428584699097049793e+01
-1.635148723921510694e+01
7.241050371031600541e+00
-6.180255948604637695e+01
-2.666718456286760386e+01
2.516880647953737338e+00
1.974430827216452400e+01
-4.225978683142150771e+01
-3.766145075905897954e+01
-4.835979514681064018e+01
6.317835142820428018e+00
1.166159388521011309e+01
9.326161916401360941e+00
5.568117167190595751e+01
-2.379068073667172456e+01
2.653911748310753538e+01
2.280387599882491756e+01
-7.009882241595553864e+01
3.512600114147776509e+00
3.334026941397547006e+01
-6.652299269568371187e+01
2.683197185841441268e+01
3.549105085615795474e+01
-1.990785070950231983e+01
-1.887542790266295611e+01
2.160214174165150780e+01
6.572043944324110498e+01
1.217753509292078462e+01
-2.990867312959330349e+01
-6.722762999801101103e+01
-7.771104018995863782e+00
1.645589560831449916e+00
-2.530522365695803444e+01
-6.518081956133264043e+01
5.039750507371687149e+01
5.452354677900442681e+01
2.687188674204494987e+01
-1.895764320826375737e+01
-6.474713016047101632e+01
-5.476128317193117212e+00
1.196850941698254900e+01
-2.488316596170430017e+01
2.562457630601278780e+01
6.714231636065761677e-01
6.218515254624060162e+01
-2.021308364617216569e+01
1.925871095878441963e+00
-3.632770180880979183e+01
2.732933078111443592e+01
4.102941107529701981e+00
-6.455708355816238964e+01
1.228811401179941853e+01
1.968763731593814015e+01
2.070357135826772677e+01
-1.046885023453666008e+01
-5.228301308314949125e+01
-3.637845902085892646e+01
-2.095339415873315403e+01
-6.685253831473730202e+01
-2.622635183186793739e+01
-3.772909624821313912e+01
-3.108696239738300449e+01
1.768719270137817645e+01
3.769498609454691973e+01
-8.977089059144037719e+01
-9.448809120013225993e+01
-1.234554885206442520e+01
2.642843053173134393e+01
-5.684966845563251070e+01
-6.999638803525620290e+00
