-2.876754011676169753e+01
-1.622989084963151640e+01
-3.417298334838596929e+01
-4.582323330802816486e+01
-1.784520345398661689e+01
2.552162405789361443e+01
2.514159483568611009e+01
1.095593712638220474e+01
-1.205989164598113561e+01
-1.108311526407109948e+00
2.360458746720496492e+01
-3.196816404729935357e+01
-8.781161888080029954e+00
5.892247225608956640e+00
1.575815472799534156e+01
-2.177387185755171828e+01
-4.310593090075553846e+01
3.019328978568382560e+00
3.141927219150386108e+01
-3.058872943583216752e+01
2.576943834774888842e+01
-1.808732342763579837e+01
1.943899288650687396e+01
-2.385913182414110878e+01
3.042118777416817110e+01
6.027136892424094228e+00
-1.247589064332553477e+01
3.247031373487728700e+01
-3.570881900464613068e+01
-3.384538898962100006e+01
-7.113952298913007510e+00
4.099640125106017763e+01
1.860520402321992606e+01
4.267460431717339020e+00
1.010210133902745611e+01
3.437807946694761085e+01
2.249779806828621531e+01
2.575875918243086105e+01
3.454528611849249842e+01
-3.597725496239516474e+01
2.796343262078136860e+01
-2.580216122197755979e+00
2.856545475370751674e+01
2.102980452442408676e+01
1.351340286988845563e+00
1.480688591089929318e+01
-4.687585682664776598e+00
3.947463318974617152e+01
1.186037971324778617e+01
-4.998424950380224629e+01
2.120998982128654475e+01
4.781709792840855755e+01
-4.233681818280319220e+01
-2.760623333930354661e+01
2.637761323124192003e+01
3.081415600645857111e+01
3.819736863323568343e+01
-4.687645465015288693e+01
-1.840709389567189191e+01
-2.246689736401162207e+01
3.769325870496865605e+01
8.329967155105158838e+00
1.895006598011077159e+01
-4.228748605528723914e+01
4.910613532762628353e+01
2.472443367458595276e+01
4.040541497223488676e+01
4.408883546323288982e+01
-4.534266877707711529e+01
-1.237454605581018008e+01
1.359763096636561386e+01
-2.618980426849510934e+00
-4.069601628753617462e+01
-3.235241266243438218e+00
2.614241836708596267e+01
-2.969778773755837875e+01
-2.027616609231961675e+01
-1.038902336397380033e+01
4.512528702163812255e+01
-9.822134914040260512e+00
-1.117353121999039800e+01
-1.821615797707100626e+01
-4.880025536152304255e+01
-3.227004058265269748e+01
4.919026276835703726e+01
-9.543322060215920999e+00
-1.698297013823357204e+01
4.842860219314693637e+01
-4.416394236391403894e+01
-7.377212481551944201e+00
1.335718661527717721e+01
4.689087899349058830e+01
2.376268629311339708e+01
2.725003077523122741e+01
2.682970364001590013e+01
1.470183205848885777e+01
4.062705546328648332e+00
-3.051369981809761267e+00
-2.131075153304523795e+01
4.981309673020424356e+01
