-2.851389124437251255e+01
-1.603076426360646423e+01
-3.434158226447586770e+01
-4.597027944021308343e+01
-1.794019690334216577e+01
2.554013960152891016e+01
2.474631783171336963e+01
1.116457638079982218e+01
-1.218043045373480737e+01
-8.391148179956836595e-01
2.359444552197761524e+01
-3.173969413555287034e+01
-9.137456268728156417e+00
5.764951292673025307e+00
1.531335866096037002e+01
-2.117923189413513896e+01
-4.305688782597975006e+01
3.202732597089660516e+00
3.172085041642774073e+01
-3.041342845003266149e+01
2.578309887596105199e+01
-1.893181531882236612e+01
1.959989419294455359e+01
-2.457011430947104103e+01
3.120726141990633806e+01
6.318931751436661415e+00
-1.251729095889466237e+01
3.303022298112010446e+01
-3.688612368865682356e+01
-3.417552099067865612e+01
-6.668449865193432302e+00
4.241830603102295782e+01
1.753177058378736675e+01
4.149528477239235791e+00
9.890342204547689420e+00
3.488372577815319175e+01
2.284041144580219651e+01
2.524485105383690708e+01
3.506682506561706703e+01
-3.664127694335147112e+01
2.865595868062040097e+01
-3.149781110317548816e+00
2.786293389023141742e+01
2.087110586550885216e+01
2.398039874963931783e+00
1.549140645473673317e+01
-5.999777822426513474e+00
3.953522186466822319e+01
1.177810175591787001e+01
-4.899761251581847432e+01
2.050690139547081614e+01
4.808827804706081821e+01
-4.299908577483034833e+01
-2.631284028780267548e+01
2.655902061257146940e+01
3.003670411795652484e+01
3.778900989934825816e+01
-4.620371063858466698e+01
-1.852001958692777706e+01
-2.264969571431813833e+01
3.748180674069146789e+01
7.796772267399131096e+00
1.924798381146354131e+01
-4.202748706434551451e+01
4.900799944448163359e+01
2.457470611558310125e+01
4.060149775297928443e+01
4.396643170734688510e+01
-4.507059933014140540e+01
-1.268063414831831359e+01
1.392119716448382505e+01
-2.713624642204158111e+00
-4.098573813751698935e+01
-2.832733571065612299e+00
2.579401292455964878e+01
-2.960726131396387473e+01
-2.035725736943641806e+01
-1.032400160693173774e+01
4.521368468690727127e+01
-9.630561854743312722e+00
-1.123681860371260122e+01
-1.824483683785988930e+01
-4.876522130972758617e+01
-3.233617650024307011e+01
4.903523421702581686e+01
-9.475909556879660300e+00
-1.703264716134907175e+01
4.847982614164217097e+01
-4.413631174295263548e+01
-7.240348758209663949e+00
1.331871226338811631e+01
4.693431753149891961e+01
2.375975709896769317e+01
2.727350170924021455e+01
2.674759354285912138e+01
1.464710857851787296e+01
3.980377891717986838e+00
-3.052792172344382937e+00
-2.129625395983644864e+01
4.982795707440193667e+01
