-2.868780282519484004e+01
-1.587735797091770173e+01
-3.454497470876547993e+01
-4.560315581437127719e+01
-1.792444956192671768e+01
2.608249054245069942e+01
2.416544999632014168e+01
1.129780868577209496e+01
-1.229437490903044505e+01
-5.232433748372371518e-01
2.368702553205501715e+01
-3.200655505802392042e+01
-8.822530809404639740e+00
5.543168060234910932e+00
1.533884489770401416e+01
-2.202740772989914930e+01
-4.284817147292985595e+01
4.077185727770251233e+00
3.041030420762909969e+01
-2.957591138523260099e+01
2.550023672065576363e+01
-1.837872747778881077e+01
1.956945898633776437e+01
-2.474002073411832470e+01
3.029956477829617256e+01
7.344971164684640286e+00
-1.345637052467678352e+01
3.261271359238571677e+01
-3.581688862745060931e+01
-3.484205330219145225e+01
-6.030642206392898608e+00
4.158555038940066595e+01
1.889132223774430130e+01
2.797862407290089948e+00
1.059738094115023088e+01
3.498167771253213942e+01
2.393186990279595605e+01
2.357912580963204618e+01
3.492199354947290146e+01
-3.580506377593649603e+01
2.803227157487292587e+01
-2.717945082963555414e+00
2.775442723590201410e+01
2.146009482169252536e+01
1.790313776809172364e+00
1.554982494278455185e+01
-5.528476663506463495e+00
3.912575837286512126e+01
1.197404984542320250e+01
-4.948428817508589361e+01
2.072382108682400670e+01
4.839443534595113761e+01
-4.353276126413460645e+01
-2.626926967231883836e+01
2.647677227618846629e+01
3.071404843670621787e+01
3.763279819164174711e+01
-4.627404981709660348e+01
-1.838785482301275920e+01
-2.273111909303837663e+01
3.729907952150183092e+01
7.916890051338807410e+00
1.918572803981814801e+01
-4.193135748092775117e+01
4.879148831112675566e+01
2.489623210385371266e+01
4.062417722146734889e+01
4.406704844679946831e+01
-4.534856342649498373e+01
-1.280475524075348481e+01
1.387927863289924346e+01
-2.765085646660957241e+00
-4.069573064588179534e+01
-3.094660727678135270e+00
2.612069519502563963e+01
-2.968599402243265928e+01
-2.042812269161623107e+01
-1.017740415288716882e+01
4.519876736160583874e+01
-9.743039895346987223e+00
-1.126974749034150136e+01
-1.825091626293748348e+01
-4.883036726869311650e+01
-3.216212011266505044e+01
4.885219465641454661e+01
-9.291096194430911837e+00
-1.713561759415288321e+01
4.837925924458374283e+01
-4.396215470346740517e+01
-7.496336818693609239e+00
1.336370049933393922e+01
4.700147704440049523e+01
2.381762023614529511e+01
2.710800408916643889e+01
2.690188223472630824e+01
1.469226904314348836e+01
4.025389446042461294e+00
-3.201989155535017950e+00
-2.109205447198603878e+01
4.973132680742965306e+01
