-2.866200456616739700e+01
-1.612127773835238287e+01
-3.383945679531113626e+01
-4.648040065007973709e+01
-1.774256344041031142e+01
2.510061500148185942e+01
2.553828697620566146e+01
1.084077904256493419e+01
-1.213061498416579553e+01
-6.733206146673852421e-01
2.347091071108270910e+01
-3.182722992872423617e+01
-8.898072101955033730e+00
5.261051229702712106e+00
1.678537273824465359e+01
-2.211390156392544171e+01
-4.316422884835332496e+01
3.529211706038915430e+00
3.047561768680857597e+01
-2.936541507923969618e+01
2.518996076685668584e+01
-1.893209919270869079e+01
1.920664907430830226e+01
-2.335624961381889975e+01
3.110617226063313723e+01
6.286876968923396092e+00
-1.208217763515656884e+01
3.092202474512003008e+01
-3.532281325031138408e+01
-3.449428774710590773e+01
-5.598973652250735178e+00
4.125234941248866960e+01
1.767071943582218552e+01
3.017043553888393959e+00
1.173581603851517130e+01
3.329714178215549936e+01
2.439111254599411183e+01
2.448927396364322462e+01
3.386944943044195355e+01
-3.623858402309515725e+01
2.921247856835163503e+01
-3.128155865376235578e+00
2.842007447850268065e+01
2.085113332189134638e+01
1.772055204103101245e+00
1.558221628456697694e+01
-6.238086262990831798e+00
4.034799393411667268e+01
1.205657851585031537e+01
-4.971594378236321887e+01
2.089535358976426238e+01
4.794728825212826706e+01
-4.256565464762684314e+01
-2.716301060489290009e+01
2.660590461365190507e+01
3.038849392394684301e+01
3.781916401568390285e+01
-4.624916795113350076e+01
-1.875303241859490200e+01
-2.288407067278382101e+01
3.763497392284315168e+01
8.292521410861303011e+00
1.902944376826837924e+01
-4.205056703302246035e+01
4.877942207596581881e+01
2.481194053395971721e+01
4.054555271011965090e+01
4.407639429213613624e+01
-4.514118012616733466e+01
-1.282211252559774728e+01
1.389678988876619492e+01
-2.583790579641919827e+00
-4.073715693022161588e+01
-2.972673439890429314e+00
2.572969206475228532e+01
-2.952864364287596999e+01
-2.045530933235712467e+01
-1.014557357683165506e+01
4.504916261805026068e+01
-9.720821447668479109e+00
-1.123415606119720422e+01
-1.818857566698739703e+01
-4.873126420987013319e+01
-3.223051938518149484e+01
4.884652987569442928e+01
-9.314177449731873892e+00
-1.718622680512713075e+01
4.860601163809196379e+01
-4.406021124277493328e+01
-7.474082300169537341e+00
1.336873137193711614e+01
4.690830668014076110e+01
2.384402911076576714e+01
2.718408610470234521e+01
2.683875056673871740e+01
1.465520158471481516e+01
4.145984430939363641e+00
-3.248659008781110913e+00
-2.117579467065738896e+01
4.972350485982617840e+01
