-2.883889411151791649e+01
-1.605734060203430147e+01
-3.435791365158568311e+01
-4.584609068109996599e+01
-1.810996515959030972e+01
2.572033694236190726e+01
2.473295594784300988e+01
1.126024622943186593e+01
-1.162995609719476597e+01
-5.565340775587472866e-01
2.315408477043572333e+01
-3.130186509428010311e+01
-8.144964818427022024e+00
6.688901353971104413e+00
1.548792627111056497e+01
-2.185219402715459935e+01
-4.358556907551933080e+01
2.997677637158480568e+00
3.067148836431514880e+01
-2.737423970075125368e+01
2.364561760184534478e+01
-1.745830679331746893e+01
1.833355333335563486e+01
-2.352120920410136051e+01
3.202565026385794056e+01
8.143210020069421518e+00
-1.006834095194485634e+01
3.226825971237449409e+01
-3.626742163413796760e+01
-3.330269743737107291e+01
-6.575042532113456240e+00
4.231115883299958114e+01
2.106740743751606360e+01
4.638568436801856265e+00
1.539594072354615584e+01
3.152091824245594864e+01
2.454948654302588551e+01
2.309337169463071149e+01
3.382120767712586229e+01
-3.559372315166186951e+01
2.968260614371776640e+01
-1.144007259291988099e+00
3.224491105916500544e+01
1.516541652734982470e+01
5.063341043822490839e+00
9.986327702383167804e+00
-1.157437907933206667e+00
3.771722415509138671e+01
1.469934177201494307e+01
-4.719127246276081422e+01
