-4.239960632964078968e+01
-1.648124878651102421e+01
-3.443646650001370801e+01
-4.544062668073129174e+01
-1.805387281602089189e+01
2.564016430948719716e+01
2.471854942527686205e+01
1.124361367049434968e+01
-1.208452866350353716e+01
-7.601739502401886339e-01
2.299786098589598993e+01
-3.131072528715852243e+01
-8.849800802078002349e+00
6.189582104027021359e+00
1.550652405869189643e+01
-2.162399873646697657e+01
-4.321543396984351659e+01
3.040412470003317047e+00
3.055508509225264646e+01
-2.997328014423360187e+01
2.547842538281657454e+01
-1.889684410132518622e+01
2.011801971521270715e+01
-2.485570779918749196e+01
3.061297644106769411e+01
7.037260679697289412e+00
-1.248110808992899301e+01
3.176385314116776115e+01
-3.622567406031586756e+01
-3.429739987967303705e+01
-5.468413362205437167e+00
4.114177543404119319e+01
1.731249262039649039e+01
4.635108000454589039e+00
1.036136389521593415e+01
3.397530743349899041e+01
2.397225268386704045e+01
2.451194758716516375e+01
3.404622028723883886e+01
-3.540086750524837100e+01
2.827985475163369955e+01
-2.758173544126370835e+00
2.713474111910355546e+01
2.013377971880989747e+01
2.611027417818125418e+00
1.552071906620204977e+01
-5.234858541116804709e+00
3.860207743100644961e+01
1.171441006858949763e+01
-4.979034435471011477e+01
