-1.297631424927903510e+00
2.618358270112064012e+00
1.170928905172539780e+00
-4.867014986433862433e-01
4.521927156378970358e-01
3.156004200556369543e+00
-3.245710774480283334e+00
-5.229090514314163052e-01
5.802731012622404982e+00
2.191155947420941885e-01
7.531819004511360660e+00
-1.521875111253502943e+00
-5.763356420250280721e+00
2.232216392307365460e+00
4.272009354993307362e+00
-6.021304620767842231e+00
-4.901848175689612397e+00
3.052454859632672157e+00
-2.851945434028607007e+00
-6.804967634750899164e-01
1.357379160778992011e+00
9.612728674413562047e-01
-2.248675905839127021e-01
2.134733286858805368e+00
-1.977894268227125885e+00
2.271858694864474337e+00
-5.367479042872969508e+00
-4.373838049276232098e+00
-1.321257600428614509e+00
3.673004349315338146e+00
-3.405576315322360603e-01
2.568766501768669830e+00
3.161911418264023776e+00
2.309494390760378213e+00
-4.218834163597978915e+00
1.528817782104072931e+00
-4.754177847407142110e+00
1.371628840278605432e+00
-3.580042920284619345e+00
1.012784846927662352e+00
-3.935778817585048994e+00
3.196980639092953158e+00
2.771553939416494305e+00
1.473322722047325062e+00
1.646113657256445872e+00
-9.984903133613328707e-01
3.296677372334493761e+00
-1.197514448394900288e+00
3.892780030786662238e+00
-4.759831940545057094e+00
3.627305776434871287e+00
-1.543541259671576737e+00
1.717781206569677588e+00
3.526784568179090584e+00
1.552894095446492040e+00
1.841322903189049898e-01
3.240738254165224763e+00
1.391046855192204168e+00
-4.131528072037489174e+00
2.227247295002949379e+00
-1.751177915843897814e+00
-3.567077474811905624e+00
-4.514803367694244507e+00
1.389061851952397841e+00
-3.929584447630415145e+00
-2.803587227093434220e-01
-6.732788658192802034e-01
8.467998884880806543e+00
2.864782070492022825e+00
-2.742652858502941937e-02
7.793549082654462890e-01
-4.223278134202082867e+00
2.278844841909369201e+00
5.183448114906276105e-01
2.957861202880193829e+00
5.308613384108064048e-01
2.494384752252677639e+00
-2.120376279711335243e+00
5.018153268852534765e+00
-3.897749105627853705e+00
4.118179624235205338e+00
-4.405008010465063961e+00
-4.426339879893542495e+00
-2.245964861374957877e+00
2.279205768851282343e+00
3.416155765826562885e+00
1.138549478128953130e+00
-3.595401631688359245e+00
6.086053078175091002e+00
-4.270426048244714501e+00
-2.201267077710382658e+00
-8.654120015700947022e+00
7.617040301248015899e-01
6.167276012414237840e+00
8.676196364014270301e+00
4.613499087543082133e+00
-4.028938295509925105e+00
-2.224414284775988015e+00
5.823345043548588951e-01
1.514032151099831580e+00
