-2.116167399405122218e-01
2.768527867007686716e+00
1.206012269291650618e+00
2.499002812533849482e+00
-6.831811505326859102e-01
4.166036703273115371e+00
-6.218271101276132029e+00
-3.720352338180134666e+00
4.987392883257132148e+00
5.524932843948375805e+00
4.575841571864152968e+00
-1.597839794856084517e+00
3.251430892847273491e+00
3.495627884702583454e+00
3.392383205774436750e+00
-5.807931366018292074e+00
-1.880500763129249631e+00
4.117782554587166466e+00
-3.813483010262705974e+00
-4.566770350398395628e+00
3.122037117902365821e+00
1.761685064342177753e+00
-1.306986533114627758e+00
3.096769271290701564e+00
-2.022854147796168345e+00
3.462715048459742206e+00
-5.544911615762890378e+00
-3.404391226342718735e+00
-1.589597564976455324e+00
3.495228532520674225e+00
-2.530015469486069368e-01
2.701542186356413744e+00
-7.520205276786082749e-01
1.976212421779393047e-01
-5.161646361732894484e+00
4.181504563089227799e-01
-5.582316360994812321e+00
3.448728602411403443e+00
-3.659376104916633565e+00
1.174003991683634229e+00
-2.773750539256078618e+00
2.202850213978764682e+00
2.595926269119348540e+00
-7.324808288816294422e+00
2.654053533624318284e+00
-9.755856377176126415e-01
3.350955401348236329e+00
-5.803935433344061812e-01
2.889047299219239751e+00
-4.611761288334633058e+00
-2.358243968890472164e+00
-1.372349075215446579e+00
8.222647224357442219e-01
3.619384908001082035e-01
8.025196932543433581e-01
2.176795285731487062e-01
2.449514088419515900e+00
1.350342041880616017e+00
-3.748735952504343771e+00
1.270750147643926464e+00
2.529603146445399409e-01
5.619062522120658043e-01
4.053164232866736105e-01
1.168936114021125183e+00
-8.553192995983947000e+00
-2.168893139952810412e+00
4.424585840926395619e+00
4.352167342984587961e+00
5.674129102875953734e+00
-1.924079713297884409e+00
8.275509230998876475e-01
-4.322164141113294278e+00
4.323325740184232657e+00
-3.337366916124159033e+00
3.110233466547742243e+00
1.494570185856181954e+00
3.385052876045298920e+00
-3.094705678863818754e+00
-9.464565735376702094e-01
-2.963412926661694424e+00
4.327707351668843572e+00
-4.298288269966212383e+00
-3.419902808843782616e+00
-3.348126632065136832e+00
3.244212727759651749e+00
3.333792040710170212e+00
3.167451832140688595e+00
-3.378280426218762234e+00
4.329602315701785997e-02
-4.132623179521466739e+00
-3.198058544244517076e+00
-4.600767677037293168e+00
1.553573227494633890e+00
2.312002058159642104e+00
4.623008926756066117e+00
4.500515622700714147e+00
-4.253638676810251873e+00
-4.232915305936392869e+00
-3.374845241977961763e+00
2.459311143516794473e+00
