6.590182885981843697e+01
8.421503990783900662e+00
-7.063856403313496912e+01
6.461689904300547482e+01
1.754361841763170915e+01
5.751008479917040006e+00
-5.788507204217674484e+01
4.951750645841764964e+01
9.193162332243517199e+00
2.650926522192814616e+01
5.801410231575438559e+01
-9.676263403224004023e+00
-6.505055372822364745e+01
1.365656741208317726e+01
-3.996173048568462605e+01
3.812904387846502630e+01
-1.523689401342129202e+01
-6.323352778555060638e+01
3.064576709177185165e+00
-2.608647258415231818e+01
9.445840677777491123e+01
2.460167194323459228e+01
5.596674953530144592e+01
1.914113379356038536e+01
6.081268177065277314e+01
-3.302514122416317832e+01
-3.567159199089054766e+00
-4.279419598420486182e+01
-9.851121139931989035e+01
8.080794275177026975e+00
