-4.732491034072334202e+01
-4.242156717916140707e+01
-2.250176565668484585e+01
1.699708097173677501e+01
-4.256031077689319631e+01
-4.749012625930261322e+01
-6.384415699298816804e+00
-4.595370214632875161e+01
-3.457477177626989828e+01
-4.327016911129459231e+01
-4.104146234528032977e+01
-4.505656031351745838e+01
-4.718421240700271113e+01
-5.300567556481166953e+00
-4.172400916267642401e+01
2.041765362165352826e+01
-1.462542341737447771e+01
-4.351083288739198451e+01
-4.977352783590711738e+01
-2.342814929985443939e+01
-2.662763385545805406e+01
1.182217883182708995e+01
-1.519333307740287609e+01
-4.541250376115748111e+01
-1.852437570677929557e+01
3.783467598498781115e+01
-4.036084576655935052e+01
-4.513618727387422780e+01
-1.872306457799068369e+01
-2.916829028821124581e+01
1.446603534073311437e+01
-2.554653109293629498e+01
-3.025763245625397602e+01
-2.016399850886392286e+01
-4.333142856770461293e+01
-2.838306826175520214e+01
3.267778976650194522e+01
-4.018425274978157802e+01
-3.270415312048720580e+01
-4.815062215722851846e+01
-8.583644597899814599e+00
-3.585135184218539450e+01
-1.630558803808779089e+01
-2.931017544336812364e+01
-2.702232708250201654e+01
-2.970298661109241323e+01
-2.743335490336127336e+01
5.472774788154879388e-01
-4.524948272193609711e+01
-1.973638078807516649e+01
