-4.428812073982445696e+01
2.108626434770560110e+01
-5.177661126428080962e+00
-6.694704581126622145e+00
-4.137149580699944806e+01
-1.224630962382111221e+01
4.389576161272092492e+01
-6.757683016789646047e+01
1.930402377750584009e+01
1.763729859979017078e+01
2.808476980113738364e+01
-2.234439977143050271e+01
3.381928867340819522e+01
-5.582274352261606509e+00
5.319731019098191638e+01
1.765499084319581868e+01
4.157018408208159599e+00
4.672192426983201585e-02
-2.449419246479605761e+01
-9.369235634031547022e+00
3.613797099672486723e+01
1.901189072265041347e+01
6.332601628234049684e+01
1.062252655623263919e+01
9.982583725745688241e+01
8.744376557546623019e+00
4.310538858781131211e+01
2.490847776078327058e+01
3.847131710373660241e+01
-4.305406311819128007e+01
