7.780355215275896796e+00
-2.614351242690106147e+01
-3.948764970358477910e+01
6.296698716295097142e+00
-2.881241168353052018e+01
7.132199807759037391e+00
1.534013192985875840e+01
-2.209125553951198384e+01
3.016640920109544766e+00
7.460957913428362787e+00
2.917649895280274919e+01
-1.282184616939472477e+01
6.510180371899513929e+00
2.634556384290174691e+01
1.193553749770335060e+01
5.284659518356924934e+00
4.919726107552892813e+01
-3.355063090555240990e+01
1.266786912242387331e+01
-2.081486266238846028e+01
4.855454042653830271e+01
2.212934649972969936e+01
7.647619942956011130e+01
8.427378621986623131e+00
5.064214730748358306e+01
2.693860848727570456e+01
2.017775351021685637e+01
3.856489714520041900e+01
3.232549131339774107e+01
-3.511206799346989982e+00
