-2.717797236523960436e+01
-1.202012624729191259e+01
1.414800583401976652e+01
-3.463508558588222996e+01
-2.964506283687471111e+01
-1.942956066070314236e+01
7.292594818694790604e+01
5.026483455114430399e+00
-8.066453316454477829e+01
-1.971643853428659199e+01
8.689058149792269603e+01
1.153991663120888234e+01
2.161104010447857604e+00
7.962157056738027094e+00
1.868203823012298415e+01
-2.578948607162150353e+00
3.860653426234173935e+01
1.913697642459610648e+01
-2.330225674298695537e+01
1.984936190706765302e+00
1.892457107282675111e+01
6.049934285801601419e+01
4.031864188299854135e+01
1.253119970553774110e+01
7.729908515492448373e+01
-1.513347712888799634e+01
3.281809605114865747e+01
6.120340906093886701e+01
7.134949401828757232e+01
-9.701140882790863884e+01
