6.106695888140642126e+00
6.409451878993289142e+01
-7.552001025604589302e+00
-8.591570276063066558e+00
-4.762089281150736042e+00
3.816278185851756888e+01
-3.536996126697360410e-01
-5.508193070012055159e-01
-1.345936599708971215e+01
4.583066128595466893e+01
-3.504492878672206047e+00
7.044003073920772806e+01
-5.269892608002660239e+01
5.451241144233381419e+01
-6.844731215343205122e+01
2.763815805009374316e+01
-5.815885756626971670e+01
5.024839030137925988e+01
8.329668819154012738e+01
-6.710350968938257665e+01
3.256739164254612007e+01
3.120981045743264204e+01
6.434413523463490492e+00
-5.069234063018068071e+01
-8.648650711326457241e+00
2.600069795351125279e+01
-2.036696642693803483e+01
1.210691562477401462e+01
-8.081609952803330543e+01
4.464575082474321732e+01
