2.126814874571039127e-01
-3.809838023371842297e+01
-5.230346601650859384e+01
-3.096497537228774632e+01
-8.526205224358132284e+01
-6.817337066733702500e+01
2.365650087206685726e+01
3.421411804384075594e+01
-9.230653807302344660e+01
-1.900036804493483444e+01
-3.646963420351212193e+01
7.183066859699451356e+00
5.250194614633450385e+00
-3.871842852649256628e+01
-4.058508363687604259e+01
2.623313339192536375e+01
-8.791118315625156754e+01
1.560590234049510627e+01
-3.093038388018326756e+01
-5.674634908989224868e+01
2.572980397622513848e+01
1.059643700352348716e+01
7.210788370684781512e+00
5.276123884581414814e+01
5.315098004816911725e+01
2.038806531852232595e+01
6.684671922519017073e+01
-4.710957566571177324e+01
2.163238925740203911e+01
-3.550603460381860543e+01
