-5.740491022903723817e+00
-9.035496810353915720e+00
-6.574875539191652685e+00
-9.392865335073793176e+00
-1.497659821772128197e+00
8.434050616202295458e+00
-8.532724356080654715e+00
2.928929040298457132e+00
-5.883825828276859404e+00
4.477982757614184628e+00
-9.898790240042240285e+00
-2.635844727102373941e+00
-2.095531944332136298e+00
7.630749304896156104e+00
2.110474465494132090e+00
-1.337483381686026096e+00
-3.233154911668333575e+00
-4.067697452250767398e+00
-2.368451196990247531e+00
-8.788032080347928598e+00
1.759606152781389987e+00
-2.250262590686965269e-01
-8.906943588448756444e+00
6.384780659759262456e+00
-9.362532640889146052e+00
4.322284248358075232e+00
-7.768420434920660256e+00
2.271673354681321477e+00
2.500360904856522293e+00
4.184050496133205677e+00
-1.364131502419873465e+00
-6.764329321100535530e+00
-9.641427614769495946e+00
6.756744042896076330e+00
8.614543043921775833e+00
8.667197812430540438e+00
-9.961238702728950400e+00
-1.123239319060624686e+00
-9.939302962062962266e+00
-5.532147009376902957e+00
-5.739397060738398615e+00
9.267239522911888683e-01
-8.361146304788583450e+00
1.080883135578538878e+00
-5.115387419628336652e+00
5.472276287925655680e+00
-6.073737562462449446e+00
-3.282360279886965326e+00
3.581704479690314358e+00
-9.770244579087801640e+00
