-7.262473978105840722e+00
-9.035498337740975217e+00
-4.727607782911435130e+00
-9.392865334412515921e+00
-9.608054959215893476e+00
8.434050606516263926e+00
-8.701020484301494662e+00
2.928929047511267925e+00
-9.379002636576039720e+00
4.477982757797200009e+00
-9.812222850517697381e+00
-2.635844722302746579e+00
1.987147036138218414e+00
7.630749303635088410e+00
4.356398540413972675e+00
-1.337483388258827954e+00
-7.024124059464763592e-01
-4.067697454513874433e+00
-3.989991044007178189e+00
-8.788032091991095029e+00
3.841504682000573823e+00
-2.250262778282062226e-01
-9.286983158579300124e+00
6.384780664902520719e+00
-8.965073543808676604e+00
4.322284247668548574e+00
-2.857534729858557387e+00
2.271673358219163052e+00
4.886669436925630272e+00
4.184050511800502470e+00
-3.138842497457773106e+00
-6.764329325840284568e+00
-6.175313248708926395e+00
6.756744031143389506e+00
-7.007627514194075147e+00
8.667197793705073039e+00
-9.957319722586191801e+00
-1.123239322329092627e+00
-9.831480086950373121e+00
-5.532147002267826963e+00
-2.177875031273979189e-01
9.267239456457211366e-01
-6.501058892853428084e+00
1.080883150150962368e+00
-5.384295418297951663e+00
5.472276295200464880e+00
-5.712929583380508269e+00
-3.282360237434663652e+00
2.277488340361609964e+00
-9.770244586429098987e+00
