-1.987561329715456238e-01
3.672215050521413282e+00
1.279073511682226272e+00
1.413176818786652023e+00
3.267636603895875513e+00
4.143444543662709201e+00
-8.239852852866361488e+00
-2.728455681721555504e+00
4.939089706988039730e+00
4.391431322174403462e+00
2.534677076942275509e+00
-1.517409055565290155e+00
-7.430260825161899563e-01
2.375572054052993654e+00
4.257906444665779944e+00
-4.958061277235809250e+00
-1.832472821719133060e+00
4.052956224072503666e+00
-3.901437307240946062e+00
-2.595274914265571553e+00
3.227147320755520354e+00
1.958105547879779529e+00
-1.440293634338640216e-01
3.147836905110422023e+00
-2.052516708687869507e+00
3.252401604325410034e+00
-1.398388303350789119e+00
-3.458626178596125644e+00
-1.370549952177025244e+00
2.777228187163441220e+00
5.960328236122680590e-01
2.690457314604086214e+00
3.147830798319914969e+00
1.167738477924321838e+00
-4.176580032479090043e+00
1.308127082752795323e+00
-4.618529139690137342e+00
-5.666986497085100272e-01
-3.612078700537912468e+00
1.113356980439011990e+00
-2.859970142156137651e+00
3.210613699879468985e+00
2.685502232545529999e+00
-3.315114928059933241e+00
2.593005842118461857e+00
3.127326040507504512e+00
3.306718115534272862e+00
-1.347020432836222525e+00
3.915784707334016179e+00
-4.843897232452377466e+00
-1.388420130610406922e+00
-1.347593981053557100e+00
7.382535499443392268e-01
3.508196591966300737e+00
6.915727507318799594e-01
2.116742174114827346e-01
3.161609257071873902e+00
1.248361971838623186e+00
-4.006734201110804250e+00
1.224040004320048114e+00
-8.189220303384291411e-01
5.499921671768303044e-01
4.752008757675657558e-01
1.285314741689376872e+00
-4.676059373986482193e+00
-2.220282590022057967e+00
3.987361554572103062e-01
4.410297861419762988e+00
3.740753775743296039e+00
-8.865883127078316717e-01
7.529361377371127650e-01
-4.342060258108269011e+00
3.324598742591542866e+00
5.343685063404550739e-01
3.973279309497747658e+00
1.455389342388173191e+00
3.455552110540209831e+00
-2.153927704593464387e+00
4.083030696848299002e+00
-1.994701735709724311e+00
4.195520687656013159e+00
-4.279247596945760179e+00
-4.412855448206952858e+00
-3.345275149205498177e+00
2.154221569555606397e+00
3.310347542883337990e+00
2.056727351038667440e+00
-3.575816630676909913e+00
4.303064384527011121e+00
-3.246942655535246747e+00
-3.185450925742586481e+00
-4.741827499854395889e+00
6.112894795473842180e-01
3.284891611314407545e+00
4.744260175744994257e+00
4.702331868427950923e+00
-4.182980390924955216e+00
-2.229164671034467915e+00
-2.389902061750813100e+00
2.484974797698038085e+00
