-3.051515858626236621e+01
-1.264378140394902772e+01
-3.286329258956612875e+01
-4.869902790604157161e+01
-1.364173364731016491e+01
2.506220577148988582e+01
2.555460395181754052e+01
9.384797542833211992e+00
-3.565371585327923754e+00
-1.182070393142158782e+00
3.308900910506991977e+01
-3.476769237571185300e+01
-8.150741777043741365e+00
-2.762262624553031287e-01
1.118466515130579886e+01
-2.637080845837312992e+01
-3.883579800296037376e+01
6.288026666741909132e+00
2.904833638742549340e+01
-2.726238043354837615e+01
2.428775375112079615e+01
-1.946544194218141755e+01
7.563836155773621783e+00
-2.754148696680689312e+01
3.298421781721878432e+01
4.384878361791860968e+00
-8.092878023089976836e+00
3.074225653350733367e+01
-3.788216585514134493e+01
-4.089688830030755184e+01
-2.714499387613679815e+00
4.534479103652726906e+01
1.851813423899647049e+01
5.678353201212426704e+00
5.891888570624831623e+00
2.588585821418683253e+01
2.625835726513589208e+01
2.554641740771838698e+01
3.957231302039404142e+01
-2.933180717448511388e+01
3.933580325876047823e+01
4.380205625392557423e+00
2.785710612197217628e+01
2.480555206772878307e+01
-6.367413907032303477e+00
1.484137232012535890e+01
-6.753491876141376693e+00
3.499111922128091834e+01
1.136849339179932628e+01
-5.212906599890089154e+01
