-3.360471425246939958e+01
-1.637552368381915358e+01
-3.759769448295790539e+01
-4.400781752561118765e+01
-9.250378280100594708e+00
2.426438767397111462e+01
3.089525667341901638e+01
1.067995771649276193e+01
-1.000245865356308173e+01
-2.039161628199662069e+00
3.046447770246464160e+01
-3.955245320760416661e+01
-8.152416449165881929e+00
7.892689517008302680e+00
1.204524118698037682e+01
-2.352152520973948668e+01
-4.453484357890847178e+01
-9.984119793471464277e-01
2.885453200807445384e+01
-2.562992148765316358e+01
2.155786130491393848e+01
-2.268846581719940758e+01
1.959280204560817040e+01
-2.519167298239038999e+01
3.000328524647765605e+01
9.380958180620940112e+00
-2.982267144306708673e+01
2.976463600601057635e+01
-2.327534678604998319e+01
-2.969478304174169381e+01
-1.454345084695040491e+01
4.314531429940467433e+01
8.553725235785162084e+00
-1.724364267418319052e-01
8.250098864160893442e+00
2.337321102272987972e+01
2.691243587013885374e+01
3.216739742052848072e+01
3.231016523345719804e+01
-4.153575409540528796e+01
1.949205806039401168e+01
-1.111079238090297494e+01
2.832596395941027723e+01
2.297930578928903600e+01
3.027209543780140066e+00
1.771542501029008321e+01
-5.535806642484100593e+00
3.428762060396610423e+01
1.882520838114881911e+01
-4.735354634520963657e+01
