-2.046220601580051124e+01
-1.838733710254044240e+01
-3.702079121632959158e+01
-4.379204099104825332e+01
-1.842648160302994853e+01
2.109036817910494932e+01
1.962835788108267110e+01
6.260432016317862391e+00
-9.867425402627830522e+00
-5.944089601287092073e+00
1.936700662018496288e+01
-2.814300094163107246e+01
-3.425160389947046191e-01
1.239852748517176373e+01
1.487308749761195159e+01
-2.608388117693234420e+01
-4.466707389671747563e+01
-6.705946677996115213e-01
3.588025761186261064e+01
-3.115915707651370425e+01
3.840281272533102452e+01
-2.352993214116854404e+01
2.026439028817883070e+01
-2.578979939959799950e+01
2.195123551839872178e+01
1.997281806559829676e+00
-6.773292272435175398e+00
2.665551306913742025e+01
-3.774228197835911658e+01
-4.065617522606662249e+01
-4.960752475904948611e+00
3.289629611418313004e+01
1.372306038687928265e+01
-3.347931160434325815e+00
2.315455998301161955e+01
4.182264653478716099e+01
3.499318273314712258e+01
2.971146691209873936e+01
3.953664409714582462e+01
-3.974071031017864186e+01
2.416607388740505158e+01
1.561975996682870793e+00
2.348111845328907421e+01
2.869531557380159370e+01
1.972631934685461719e+00
1.117192241461533797e+01
-5.303818467236516732e+00
4.157101533052089337e+01
9.139061943130329269e+00
-4.916317122321723332e+01
