-2.240166734402569659e+01
-2.836726246065567381e+01
-3.885150897825229777e+01
-4.633953483976160470e+01
-4.378555925735053478e+00
2.953550251752772837e+01
1.376625977383324084e+01
-1.078821475618482317e+01
-2.790834280353125862e+01
1.262604989776397169e+01
1.392752636746294215e+01
-2.439699204353039619e+01
4.615448809621332416e+00
2.452284474542892312e+01
2.336452031514917493e+01
-1.769121576316724287e+01
-7.157594744938006670e+01
8.642730345212072507e+00
2.640366494770998429e+01
-2.505518846312011760e+01
1.234317671323518795e+01
-1.867841114621288767e+01
5.681455769401852152e+00
-3.242608084780621880e+01
3.086729226711392826e+01
1.735599579416654592e+01
1.932049990170868625e+01
4.200729846426587955e+01
-3.767732946046524489e+01
-3.152603650736010721e+01
2.815961254897062815e+01
5.937487426702506355e+01
3.605681749925498991e+01
1.499708652561055899e+01
1.463090322001593435e+01
3.112962191213033236e+01
1.775346853861751129e+01
9.265223310849371785e+00
1.402418101394930261e+01
-3.278328172132260931e+01
4.228413720326776115e+01
-5.709054952171118913e+00
7.748940886277418727e+00
1.247306131049224120e+01
2.729525823752018354e+00
2.035278304063731980e+01
1.565398152660076825e+01
2.040546016988355404e+01
5.005261060195849154e+00
-5.446036976648008476e+01
1.846241026638403682e+01
3.671072016700600926e+01
-4.094623115828016324e+01
-3.682799139270379385e+01
1.326182220927384492e+01
3.446816158714990763e+01
3.715782439892276301e+01
-5.638229697351675185e+01
-1.186536599289363636e+01
-1.779584679484408838e+01
3.684736951099342406e+01
6.691714135234819949e+00
2.974377219189216248e+01
-3.582618007585438136e+01
4.805470665237052685e+01
3.764921090077234567e+01
3.337696933688672374e+01
4.492927267705510985e+01
-3.161377510002098390e+01
1.302123016617535001e+01
6.676711285062726375e+00
7.724391149215854568e+00
-1.320454717994216409e+01
-5.960422300548920305e+00
2.272472584174970223e+01
-2.973873332083655185e+01
-2.244977766196489455e+01
-1.855774359527915252e+01
4.871288931939030675e+01
-1.027847762560149825e+01
-1.126913421248091751e+01
-2.710069546085664172e+01
-2.397472067428619624e+01
-2.285973060591624773e+01
6.865498503405089536e+01
1.792367212332399262e+01
-3.765693651738585945e+00
2.440695364307930149e+01
-3.654286682409106390e+01
-1.075451345019922300e+01
5.046137889377565244e+00
2.451216688703129876e+01
2.170737822049282428e+01
2.415575564696453625e+01
4.570977700883767625e+01
6.612594592208773214e+00
3.921304867229935098e+00
-7.079947686160570797e+00
-1.105982012649007551e+01
4.212741758062560393e+01
