-2.853763775272778958e+01
-1.592951120095456297e+01
-3.409586893770234184e+01
-4.596296552695782367e+01
-1.813664357794779747e+01
2.585261042067359938e+01
2.484579809364680614e+01
1.138696023766121712e+01
-1.251232389119958199e+01
-9.494472844195175343e-01
2.346735447705444955e+01
-3.137844972212888450e+01
-9.131529202815210411e+00
5.370635903483506723e+00
1.594543935672538559e+01
-2.113100029848063599e+01
-4.350060433899368206e+01
3.174312473598125184e+00
3.143703630839255680e+01
-2.987218087732030725e+01
2.551155803727021265e+01
-1.897114244206179023e+01
1.983754427839261680e+01
-2.434950554141127554e+01
3.023986753327886845e+01
7.008055538729742295e+00
-1.253659913427397754e+01
3.185741497749557283e+01
-3.546128455263478685e+01
-3.433862917008260496e+01
