-7.679311040459472792e+01
-8.194405788272754876e+01
-7.359993133040555335e+01
-7.992953097096284409e+01
-8.570238881392182861e+01
-8.626216572478541877e+01
-8.621940614601105324e+01
-8.456161787503467053e+01
-6.743841118559848269e+01
-6.812618232264301810e+01
-8.162246195574175545e+01
-8.379090917291230767e+01
-7.084058935953922287e+01
-7.058839202547865455e+01
-7.268699279414194336e+01
-7.358076077627619327e+01
-7.726179969732316977e+01
-6.721583550804058405e+01
-6.973635731736514742e+01
-7.243804552933562491e+01
-5.467963337188316331e+01
-6.530321414608634711e+01
-6.287288893820387869e+01
-5.460825700698217844e+01
-5.932014645691082677e+01
-5.328713373608242421e+01
-6.449485827198003562e+01
-4.637670373912837363e+01
-5.489210949627746317e+01
-4.563497403277398234e+01
-5.132259667160717953e+01
-5.155146856595600724e+01
-3.770423321729116850e+01
-3.395221886171506043e+01
-4.409683227152491014e+01
-3.572693548556646448e+01
-2.944033561095198692e+01
-2.843178668105203855e+01
-3.798399045540574548e+01
-2.834898585120902581e+01
-2.003388217106488156e+01
-2.383150742643050535e+01
-2.847973269894265869e+01
-9.551671374663445846e+00
-2.113497261923675907e+01
-1.170291599214038314e+01
-5.664850169893643539e+00
-1.081998027200360468e+01
-4.845979954148278424e+00
-2.903609405276308397e+00
