2.115805907840756728e+00
-5.575320072329353671e+00
-1.997993650204759122e-02
-9.141793465328859725e+00
-1.775184657248358633e+01
-2.124707926932438440e+01
-2.413224568510316104e+01
-2.543040058856096763e+01
-1.138050587060962826e+01
-1.514418960041482620e+01
-3.167992746085462130e+01
-3.693472283583732718e+01
-2.723512952375343943e+01
-3.032540138696335319e+01
-3.577764723840628136e+01
-3.995515476675954858e+01
-4.692936624985906491e+01
-4.038445861989451657e+01
-4.633867087275540086e+01
-5.245697405930098256e+01
-3.807215704276308799e+01
-5.203903011809322976e+01
-5.308574225166538696e+01
-4.832235799099696294e+01
-5.628165333974440898e+01
-5.346313705638667102e+01
-6.805097342044233244e+01
-5.323907329100753572e+01
-6.532472253219151526e+01
-5.965113412845612118e+01
-6.873623390683121670e+01
-7.240075988944698793e+01
-6.200163845154985154e+01
-6.169759322759778541e+01
-7.524841543815087164e+01
-7.015734586538435735e+01
-6.727200608449116714e+01
-6.962657784892783752e+01
-8.256847642422496847e+01
-7.619671716477076018e+01
-7.102221636031758578e+01
-7.796034542642328802e+01
-8.578999629939134763e+01
-7.001794914079053456e+01
-8.465557215833780447e+01
-7.822639073239852792e+01
-7.492924922043478375e+01
-8.282541385326425143e+01
-7.961195138160958606e+01
-8.042939188723512700e+01
