-4.735856685964783708e+01
-4.268750736447258021e+01
-4.863595345698023920e+01
4.221058737511107495e+01
4.302790597908256842e+01
-4.668644134526657297e+01
-4.086336113024757566e+01
3.954857727222813679e+01
-4.713180688605687862e+01
-4.310752622439338921e+01
4.588080524407784822e+01
4.568612248800683062e+01
-4.662243667012401005e+01
-4.245818880018341446e+01
4.358566713953930361e+01
4.642192107129702094e+01
-4.967940086651162090e+01
-4.336043475122203716e+01
-4.831027725720522881e+01
-4.837587170281558713e+01
4.620244525903746080e+01
-3.908763884553003010e+01
-3.892625753086267082e+01
4.008872684502969719e+01
-4.224692609365244067e+01
4.664918625479626257e+01
-3.986864784380166782e+01
-4.456293830272080214e+01
-4.337208319305842963e+01
4.208298336649266957e+01
3.910527587221329782e+01
-4.838816227956604621e+01
-4.339482047607613424e+01
4.018103683178754437e+01
-4.198984867145755828e+01
-4.089518504737991833e+01
4.360872566692594177e+01
4.516377445023696424e+01
-4.649449239633069197e+01
-4.645428541037440340e+01
-4.289500440323599406e+01
-4.778764027107624912e+01
4.661829680458582459e+01
-3.980336050108110868e+01
-3.978089659223450525e+01
4.711523326523629862e+01
4.486029648599090791e+01
-4.900116931532870979e+01
-4.421644138203642882e+01
4.225241932695340097e+01
-4.556997661006355571e+01
-4.204220875474850772e+01
-4.033377907593571621e+01
3.988749252803540202e+01
-4.591541462272027729e+01
-4.268499035956534726e+01
4.322751868618983906e+01
-4.445763484976101410e+01
-3.990545996239696080e+01
-4.113563171866946533e+01
-4.897862339515288710e+01
-4.887811517125637550e+01
3.891132697682034092e+01
4.475940014193670891e+01
-4.553863401712850845e+01
-4.314147168350152128e+01
-4.898392594947957690e+01
-4.494779279936780370e+01
-4.726568817176206494e+01
-4.984316850437610924e+01
-4.452560821933582247e+01
-4.877523096269857206e+01
-4.287084604922284115e+01
-4.185293560948747427e+01
-4.122596247943021552e+01
4.289512647393787148e+01
-4.540746845506448892e+01
-4.168052028048677471e+01
-3.998254363583782123e+01
-4.833882220354375647e+01
-4.622662967667948664e+01
-4.955551089684720978e+01
-4.226737692077237796e+01
-4.434568810319802878e+01
-4.028629669033551863e+01
-4.651630571232017530e+01
-4.062163331063790395e+01
-4.198184043345290206e+01
4.138389288127065413e+01
-4.410448290352233869e+01
-4.471475877832323675e+01
-4.600663735353563055e+01
-4.686677838530661688e+01
-4.194128593174463049e+01
-4.379261226477420621e+01
4.363767730651473897e+01
-4.765120917672289380e+01
-4.994026486924269648e+01
-4.851777515463356139e+01
4.737195269873976144e+01
