-4.666350499012435904e+01
-4.838415525102703896e+01
-4.863488589922734207e+01
4.221108129799055320e+01
4.302776914043383272e+01
-4.668659044308491701e+01
-4.086307158173217147e+01
3.954856768528792088e+01
-4.713173924875373899e+01
-4.310729370406887284e+01
4.588074352325443073e+01
4.568601748188388001e+01
-4.662244953255904534e+01
-4.245816640135446107e+01
-4.128550002185157553e+01
4.642190283343776969e+01
-4.967939321570484168e+01
-4.336042949130082746e+01
-4.831026908668297892e+01
-4.837586887739178110e+01
-3.866874623417955803e+01
-3.908765117665975453e+01
4.594492458408551272e+01
4.008873590192992964e+01
-4.224693181276314391e+01
4.664919497764173428e+01
-3.986864462054895597e+01
-4.456295791967885123e+01
-4.337207889709009123e+01
4.208297805206368736e+01
3.910529131766016064e+01
-4.838818382881865432e+01
-4.339484222624351872e+01
4.018101401395800565e+01
-4.198984104311240628e+01
4.397604729053118433e+01
-4.126248132634253096e+01
-3.970738891359151523e+01
-4.649440626479823635e+01
-4.645487280356828563e+01
-4.289419957743246670e+01
-4.778673094038312286e+01
4.661775154110254249e+01
-4.024425559286227383e+01
-4.036183461028218034e+01
-3.813959848142635423e+01
4.538388483824670061e+01
-4.961565248183526933e+01
-4.510885014666027359e+01
4.316623021587335529e+01
-4.635111783234746241e+01
-4.274251786354172111e+01
-4.078351613150807253e+01
-4.585840060420800057e+01
-4.676168397291838374e+01
-4.306858992586603563e+01
-4.235606390970740875e+01
-4.493496161549763457e+01
-4.065316947732156194e+01
-4.161550322546399627e+01
-4.955062470939584074e+01
-4.945940981900109534e+01
3.968330219259758707e+01
-4.061127488693588816e+01
-4.594822912290612749e+01
-4.335952270876043002e+01
-4.891958957279033626e+01
-4.489405539994452710e+01
-4.683524313415448859e+01
-4.935343555048421393e+01
-4.398091568391237161e+01
-4.801148119589460350e+01
-4.236899667248874835e+01
-4.097770812444785093e+01
-4.048281815789361815e+01
-4.274817890465328674e+01
-4.442525440685168547e+01
-4.101554398651131095e+01
-3.925346151260310990e+01
-4.725462934984784624e+01
-4.575839625153388113e+01
-4.923187089572535058e+01
-4.170502608071700479e+01
4.104183766894475838e+01
-3.950861335646162331e+01
-4.558387032505641656e+01
-3.984476046529941584e+01
-4.145601067208435353e+01
4.085259279383313924e+01
-4.367968966936793151e+01
4.066278999048292775e+01
-4.552680455100956181e+01
-4.646995131415555136e+01
-4.145047121512757826e+01
-4.325767585192123477e+01
4.300947282859371512e+01
-4.680693807199565271e+01
4.704600593492712335e+01
-4.769411260549156850e+01
4.665763465215954398e+01
