-4.666361703799178429e+01
-4.210341018390478496e+01
-4.863493897039553104e+01
4.221111440743990073e+01
4.302779048898084113e+01
-4.668658102685871825e+01
-4.086315260138118077e+01
3.954866901511050514e+01
-4.713184108423552487e+01
-4.310732853026110689e+01
4.588067519760910074e+01
4.568595557244636751e+01
-4.662240263739487034e+01
-4.245812655750159337e+01
4.358563261150580814e+01
4.642185297184201431e+01
-4.967936892617308331e+01
-4.336045520064161707e+01
-4.831033853696121128e+01
-4.837585468770937069e+01
4.620247274197379284e+01
-3.908777161736504269e+01
-3.892627892503553966e+01
-4.478242653728047173e+01
-4.224691700273523054e+01
4.664911689224320668e+01
-3.986881373067407708e+01
-4.456298618212727547e+01
-4.337209958802495890e+01
-4.278842968366026867e+01
-4.576574894509138147e+01
-4.838817323889678335e+01
-4.339535606333044626e+01
4.018350930886460048e+01
-4.247474321909833606e+01
4.465184938805912651e+01
-4.194297273014203142e+01
-4.044891684574473345e+01
-4.676187309081272758e+01
-4.681816950805977484e+01
-4.330846955291553968e+01
-4.831309995923870559e+01
-3.901819724255948074e+01
-4.021747209747424989e+01
-4.030259111529041860e+01
-3.845408843531090781e+01
4.485326914260422626e+01
-4.900159503627250501e+01
-4.421651844966423539e+01
4.225236569495040584e+01
-4.556986194418414016e+01
-4.832300561114496418e+01
4.453731201297865283e+01
-4.498356655774119162e+01
-4.591523091852052119e+01
-4.268497748857319607e+01
4.322724669613448611e+01
-4.445795723247071862e+01
4.496547440625897707e+01
-4.113553107234747586e+01
-4.897856423184160946e+01
-4.887748261068419708e+01
3.891316704838069995e+01
4.475855996652452262e+01
-4.512583168789900157e+01
-4.274710539966509515e+01
-4.845362694316128938e+01
-4.447243363853689857e+01
-4.683379646880517555e+01
-4.935422668939688862e+01
-4.398059077264993988e+01
-4.801205337316341826e+01
-4.236911049693120646e+01
-4.097780148073888995e+01
-4.048271696886014581e+01
4.212298334507728725e+01
-4.442519659086332240e+01
-4.101553954449282458e+01
-3.925345588927714147e+01
-4.725467190191977096e+01
-4.575840070589755726e+01
-4.923182571674525576e+01
-4.170504233339788414e+01
4.104194001068952957e+01
4.536348854091552596e+01
-4.599707079151709621e+01
-4.054405187213313866e+01
-4.168377877333977466e+01
-4.492004589806049353e+01
-4.471441342653464091e+01
-4.516705627703212400e+01
-4.621988333574378061e+01
-4.714792903879109076e+01
-4.208920978967320536e+01
-4.325626993410586607e+01
4.300898271952565466e+01
-4.680622017113655886e+01
-3.782506182881011370e+01
-4.769408126348573518e+01
-3.821282571735780209e+01
