-4.666350557105072028e+01
-4.210331090627077799e+01
-4.863488641265602297e+01
-4.266009513329273517e+01
-4.184341012227437062e+01
-4.668658779313228280e+01
-4.086307325981328376e+01
-4.532260715430953013e+01
-4.713174154041550423e+01
-4.310729467723351149e+01
-3.899043087791110196e+01
-3.918516170167504242e+01
-4.662245175528547492e+01
-4.245816147642324978e+01
-4.128550883887123035e+01
4.642190869165181510e+01
-4.967939334972787435e+01
-4.336043140759966263e+01
-4.831026347544204214e+01
-4.837587005711806398e+01
-3.866874752262549464e+01
-3.908764430278375102e+01
-3.892626381431610838e+01
-4.478243261963010013e+01
-4.224694406267033742e+01
4.664918325839214219e+01
-3.986864629562840179e+01
-4.456294458856299201e+01
-4.337208668563934566e+01
4.208298177075015190e+01
-4.576591814917899370e+01
-4.838817703819349703e+01
-4.339483793284051671e+01
4.018102742354115264e+01
-4.198989655680006194e+01
4.397599219831303685e+01
4.360879723555395060e+01
4.516376193246579618e+01
-4.649445116402052491e+01
-4.645460894562052800e+01
-4.289491466904297567e+01
-4.778800733139478041e+01
-3.825482211038231384e+01
-3.980690955387638041e+01
-3.992261744803617063e+01
-3.790831670970361955e+01
4.497802082806344259e+01
-4.912022513051920924e+01
-4.442151239806352692e+01
-4.268017741575685875e+01
-4.568285832590572682e+01
-4.210378529763045918e+01
-4.041384724668253625e+01
3.996666786239266855e+01
-4.599934311873688841e+01
-4.278549562305303056e+01
-4.178889265890217786e+01
-4.446431247213917715e+01
-3.999781213413057657e+01
-4.135698403266891177e+01
-4.907896964501790649e+01
-4.903446345024998010e+01
-4.616632525049009672e+01
-4.016921269146791218e+01
-4.515657542837659122e+01
-4.902836550635461776e+01
-4.845360935902414923e+01
-4.447232566584663971e+01
-4.683380470753920122e+01
-4.935421770823001708e+01
-4.398043500357617575e+01
-4.801200820170201666e+01
-4.236913343635008999e+01
-4.097782716962148442e+01
-4.048267677370436957e+01
4.212298631912334201e+01
-4.442521123817997619e+01
-4.101554182709386254e+01
-3.925345557805832897e+01
-4.725461502656492030e+01
-4.575842797713264787e+01
-4.923183396432862224e+01
-4.170504786556324461e+01
-4.382933813933609457e+01
4.536257673389892631e+01
-4.558387949909490544e+01
4.502639987792479559e+01
-4.145601691217007101e+01
4.085258040067049023e+01
-4.367969087682662632e+01
4.066278804695455307e+01
-4.552680357961211399e+01
-4.646994964861956134e+01
-4.773131479800619559e+01
-4.325767403315295212e+01
4.300947040208180283e+01
-4.680693874366973262e+01
4.704601162103490708e+01
-4.769411112762313110e+01
4.665763540885033933e+01
