3.006213153125134596e+01
4.247868641489382213e+01
-4.067299252705468149e+01
4.393564190733201968e+01
1.043280761213833863e+01
-4.902534466641438371e+01
-2.632843406827648636e+01
1.632228186983784113e+01
5.286977895692290730e+01
4.816744713013272161e+01
-3.669720257440477695e+01
4.135942607521727865e+01
5.040799894501766687e+01
3.903103125527495720e+00
2.598043762282053848e+01
-3.703910355231994345e+01
-8.438977239601847202e+00
4.012195983651358944e+01
2.896243247498891549e+01
4.714772667699348574e+01
1.287768011781908939e+01
-4.841956337937627808e+01
3.254019758063005696e+01
5.083247898895610462e+01
2.034372022291616844e+01
2.233642253987475712e+01
2.505640494241812632e+01
-1.567765051989817238e+01
3.003607511808793618e+01
-4.108867318664157153e+01
1.311931052168297995e+01
-5.382567441895577787e+01
-7.971935448917674805e+00
-4.285651891939619418e+01
-3.859983525889793299e+01
2.666781797613542082e+01
1.973582645041483374e+01
-2.587005156665509986e+01
5.112964620101595159e+01
-4.975241933705758868e+01
-6.809390614470763659e+00
-1.127747323120336986e+01
2.798286957180635426e+01
3.337245353850735086e+01
-3.007671816130722675e+01
-6.148211383246992234e+00
-8.613429945644861974e+00
1.538398526327643623e+01
2.797217413746724546e+01
2.348860774724472478e+01
-1.761853711052170013e+01
1.898248947301448908e+01
8.151764078306317884e+00
-3.976375848362867060e+01
-3.425010117816260191e+01
1.627981383274018867e+00
4.869667690545276173e+01
-1.218106231833902342e+01
5.608048096190315412e+00
-2.890902193209563720e+01
2.207182821858925337e+01
-2.770049022566243124e+01
5.553745298780086159e+00
2.258630748246560671e+01
3.629299311594030542e+01
4.780244038846110755e+01
4.290566979318761298e+00
-3.368346490879012123e+01
-3.112230810468499342e+01
-2.390977249089383605e+01
3.263425957360765750e+01
-2.316640505008872708e+01
3.163498663401820821e+01
-2.530877519647292928e+01
4.037834404539891153e+01
-2.234046529000131898e+01
-2.899827406803595409e+01
-2.852120970312681791e+01
1.412308124886966709e+01
-1.517520090246043951e+00
-9.448786544715698454e+00
2.966010586859712461e+01
9.999596350179098536e+00
4.159590312131096645e+00
4.274958945125914056e+01
-2.515189083341543963e+01
2.265225210325121452e+01
2.997483741853658756e+01
-1.325298168892138051e+01
8.462337903615273049e+00
-4.408826724160491750e+01
-4.511261591586558950e+01
1.471677160267918172e+00
2.998878847408132842e+01
4.324480225068941763e+01
-3.565859633841846943e+01
7.226672980355611564e+00
-2.924300420010806256e+00
-4.803699691922863479e+01
-1.857763929495268940e+01
