3.080290135513280347e+01
4.527947661902343413e+01
-4.116883815644056455e+01
3.828697423633282426e+01
1.529779967961543719e+01
-3.686763945723175340e+01
-2.066316000856746626e+01
2.609211529589304135e+00
4.138160838350868431e+01
4.023543617205617551e+01
-3.418022965468055929e+01
5.280703652536768544e+01
4.571870873655395684e+01
-6.639437870635047645e-01
3.403641024542355353e+01
-3.666360533734133043e+01
9.248796980464906170e-01
3.943560863282650786e+01
1.457484577043645935e+01
4.117060819996002152e+01
1.660712624618567190e+01
-3.985518680152162574e+01
4.085250854395246733e+01
4.694069968174587615e+01
1.040917571955239040e+01
2.287151790385057382e+01
2.588270213462360658e+01
-9.359958891884673449e+00
2.447685480441941053e+01
-2.624877353304043481e+01
1.885657537929850847e+01
-5.256404442670563526e+01
-2.742648334387030573e+01
-4.378561123399881438e+01
-4.530192699422646285e+01
2.967826732645663057e+01
2.677644390213062664e+01
-2.042330227006047849e+01
5.074416616611078723e+01
-4.904256064604206244e+01
-8.735401031628192925e+00
-7.305938514621796998e+00
2.884180649926286932e+01
2.611159394546843515e+01
-3.738844417242023610e+01
-5.714490816894981506e+00
7.574402204871527600e-01
1.293979355381594765e+01
2.530378409944059115e+01
2.446111607339068783e+01
-2.249466186849321048e+01
1.760896226630361738e+01
1.368901132328028680e+01
-3.386859481677778660e+01
-3.643934964800909881e+01
5.688647785039028015e+00
4.616119578218179242e+01
-1.816274797001528896e+01
1.050953830506836795e+01
-2.809277276038499593e+01
2.299472446096811851e+01
-2.464739397497548978e+01
-4.019490003128158850e-01
1.380425931190523769e+01
3.989844131780066050e+01
4.650824956228940010e+01
8.947077453698856431e+00
-3.383934479938494633e+01
-3.666166453227396715e+01
-2.821932953134497879e+01
2.771112729307464662e+01
-1.994171338846438601e+01
3.334254449371375983e+01
-1.840158590279731499e+01
4.028574836852009611e+01
-1.754296251875987167e+01
-2.923005892931550775e+01
-2.444176480425414510e+01
1.014438544102241480e+01
-5.466621246431733638e+00
-1.523618938996064998e+01
3.267133311543296514e+01
1.134487951779562209e+01
2.603781745079234433e+00
4.160453788869119052e+01
-2.088035867748327234e+01
2.583909667568497071e+01
2.290369973912243751e+01
-1.120218826397170453e+01
8.299426297431381272e+00
-4.329815708457568491e+01
-4.216601801912082692e+01
3.452434880254100058e+00
2.852905415900623609e+01
4.293988354909149052e+01
-3.838044204445839114e+01
1.035067976204127227e+01
-3.014051852179372659e+00
-4.964447227249949179e+01
-1.629212644210472050e+01
