2.655983187543495561e+01
4.485116100509331005e+01
-3.418982147221043988e+01
4.065660472801314995e+01
1.479737043714031763e+01
-4.379485205491297251e+01
-1.720241250328524529e+01
5.740906719030602900e-01
4.606136586983173942e+01
3.825966634965011082e+01
-4.303411827365739839e+01
5.387806830342078257e+01
5.105171678088565557e+01
2.761440823294520897e-01
2.875079086747719970e+01
-3.511214523480118999e+01
-5.902515790420759245e-02
3.885543656505794274e+01
2.959828341756717407e+01
4.450848787581141153e+01
1.428607874253420462e+01
-4.661043223573837224e+01
3.508509606357021227e+01
4.241777304427685635e+01
1.401929745422874340e+01
2.032812597651217246e+01
2.393972895962430414e+01
-7.817861855094165868e+00
1.648276567085666144e+01
-2.817791159639708809e+01
2.065766637974704167e+01
-4.977192144531087337e+01
-1.840729301305345089e+01
-4.122547261688667675e+01
-4.405496712727750719e+01
2.739950902162637902e+01
2.028141488245340440e+01
-1.693648410922883940e+01
4.761923703456005086e+01
-5.019603927695553836e+01
-5.867708287589563199e+00
-7.200648835261102221e+00
3.092453935754213745e+01
3.517055473741330474e+01
-3.274902202735317758e+01
-2.011244892509429949e+00
-3.236521876034982093e+00
8.376898075349906492e+00
1.369507309182508692e+01
3.058266748424981074e+01
-2.150968128515195588e+01
1.588569592331254299e+01
1.219181483173854730e+01
-3.403883007646084735e+01
-3.793228100919044010e+01
-2.892275979909847194e+00
5.068338722984739064e+01
-1.828778440164380825e+01
9.558497230963489244e+00
-2.881187250611098349e+01
2.323738839766079778e+01
-1.683377164949347460e+01
5.227482269631705591e+00
1.721552507350588002e+01
3.024950743777836237e+01
4.858314876379942149e+01
7.831992398755366125e+00
-3.438887483306114490e+01
-3.553228406123758276e+01
-2.538992466404519277e+01
3.274176553000499723e+01
-2.531885254108751226e+01
3.414818396358848673e+01
-3.031911039458876189e+01
5.031555492670044316e+01
-1.614192875066220978e+01
-3.302084199297298284e+01
-2.364633063330900242e+01
8.040323243648444418e+00
-1.684321757103277584e-01
-1.645668009131514964e+01
3.007162290065490851e+01
7.401010630178566529e+00
5.551325705422296863e+00
4.287029741035524211e+01
-1.899662609065670438e+01
2.548526733267602395e+01
2.684976936965394856e+01
-1.329813626821521311e+01
6.186702985720426540e+00
-4.077616435675023610e+01
-4.390956585984170601e+01
4.692553601032222188e-01
2.619826545679910623e+01
4.283711637713789600e+01
-3.464086947655285798e+01
8.110260367078431898e+00
-5.128660995004754142e+00
-4.763437920131665493e+01
-1.502928511640844000e+01
