3.002517808015021217e+01
4.145297909412969517e+01
-3.802887423242692222e+01
4.449489755207274300e+01
1.127474039845195009e+01
-3.838657769444944279e+01
-2.867992198338993148e+01
1.174953808264774402e+01
4.446412362028129195e+01
4.976786025653633061e+01
-4.299021651020817814e+01
5.382052606426928776e+01
5.361752939958714848e+01
-2.339191065432769001e+00
2.410952998599411501e+01
-4.132698231464131311e+01
-1.479099866196728641e+01
4.913621531289508937e+01
2.703406945196785927e+01
4.519281966265917561e+01
1.371113550186533914e+01
-4.195488328345525275e+01
3.610786049719696678e+01
4.584297704496729153e+01
1.472778678437944677e+01
2.307254043521362874e+01
2.417672700294799171e+01
-5.865169964257431978e+00
1.568293344121187793e+01
-3.280796983050317550e+01
2.690438520167952419e+01
-5.353681188567268379e+01
-2.286242068587625198e+01
-4.671628012077575676e+01
-4.238849688255476877e+01
3.161777526455000853e+01
2.122217229072675337e+01
-1.781122102573509736e+01
4.743938012711980434e+01
-4.751402038502694580e+01
-5.311046766981678324e+00
-1.495811511155291207e+01
2.899411697732544724e+01
3.412187648689918973e+01
-3.041651733783493938e+01
-1.008462949822760280e+01
-4.030943498790043655e+00
1.433585255482867460e+01
2.483572483449918522e+01
2.894148828339345414e+01
-2.233742129743967908e+01
1.422597300946810961e+01
9.198997038721714148e+00
-3.032929614405384555e+01
-3.311125934340981303e+01
4.777190860387091398e+00
4.005347424395694844e+01
-1.747823570591923925e+01
7.404098404074552775e+00
-2.747267782578581574e+01
2.471155577682352344e+01
-2.629714484158023780e+01
-6.990174570143068422e-01
1.863550929716304339e+01
4.574928277325503956e+01
4.831297787811134015e+01
6.739081507578326580e+00
-4.288852670654235055e+01
-3.418007712427784384e+01
-2.513176381092975120e+01
3.445536716989987269e+01
-2.327152251452323029e+01
3.080635894620231241e+01
-2.647031466836109459e+01
4.467746370493631503e+01
-1.332470347785750242e+01
-2.892487960811169501e+01
-2.228813589463286959e+01
8.060896914592435181e+00
-4.025574831028663425e+00
-1.539217891290936002e+01
3.395125926632896096e+01
1.102920068481114413e+01
4.491147052325593414e+00
3.923829354327638441e+01
-2.302269304828328700e+01
2.669493468638557587e+01
2.401229915540333337e+01
-1.195276425600703796e+01
3.919982888523783515e+00
-4.351357657084754038e+01
-4.501785602517642815e+01
5.014343301938130715e+00
3.356146454404334634e+01
4.388690980241648276e+01
-3.867491639682567239e+01
5.905858219656071384e+00
-7.030872550701531054e+00
-5.104557540171508379e+01
-1.554065052995021290e+01
