3.151553121466094964e+01
3.960073292228160113e+01
-3.783478108540860774e+01
4.141658186839644173e+01
1.486430076173049741e+01
-4.077909240353487519e+01
-2.274529115070354734e+01
4.507269747821688988e+00
4.638561213799684424e+01
4.684144400410384890e+01
-3.419843783151475236e+01
4.664210892899888705e+01
4.459536820191937068e+01
-7.396396536601650418e-01
3.088926407482197334e+01
-3.569654781035476532e+01
-7.135965717228275551e+00
4.098672486202600140e+01
2.919931858645016831e+01
4.709545301399672468e+01
1.557765412403669636e+01
-4.733494847353001944e+01
3.519467385349191346e+01
4.363296180749770059e+01
1.852912197146493867e+01
2.528441408594713025e+01
2.329894127682947058e+01
-1.133356792823244419e+01
1.656583628379260631e+01
-3.228966626841187093e+01
1.995337718112342884e+01
-4.792354923177396131e+01
-2.191386089597675024e+01
-4.553814251385227863e+01
-4.071636254814904277e+01
3.337836141238956600e+01
2.033556470473988753e+01
-1.775948101597127859e+01
4.449848657133167507e+01
-4.734595224471185304e+01
-6.375842249432382758e+00
-1.214697975934484830e+01
2.661320492596768972e+01
2.955278010625733742e+01
-3.162532204947751424e+01
-3.009788097450241673e-01
-4.983519336604800287e+00
1.451857528101436401e+01
2.068595650034978206e+01
2.573327291306371833e+01
