3.232492170285377853e+01
4.059181283955369679e+01
-3.734441411135077260e+01
4.058827091035055190e+01
1.284584728995064573e+01
-4.063769004095281900e+01
-2.216064868184263403e+01
4.962522677003218696e+00
4.520899379093901160e+01
4.655038425480088904e+01
-3.445775414856117891e+01
4.791767833231727280e+01
4.594083157065254142e+01
-1.125533954914693657e+00
2.968861302741288810e+01
-3.609582262503364092e+01
-8.293125428109389574e+00
4.201825960928626102e+01
2.976353840143282525e+01
4.586641509849239640e+01
1.494499747211215102e+01
-4.600199774331222358e+01
3.577221360964603036e+01
4.339798385435443606e+01
1.758648163913091977e+01
2.535828286117995489e+01
2.436910468760527593e+01
-1.074494656199928500e+01
1.547071788891570243e+01
-3.325225298593487366e+01
2.090790287058635855e+01
-4.696697614711710855e+01
-2.229789053527548504e+01
-4.546409564952777771e+01
-4.011158187669124686e+01
3.261774281135691211e+01
1.936085287765435226e+01
-1.828395239435400654e+01
4.486821117359863109e+01
-4.661451243454889237e+01
-5.889031108334897624e+00
-1.166769684447767830e+01
2.660702106669751643e+01
2.931696863362456540e+01
-3.146033457716821147e+01
-1.360861356518382248e+00
-5.146494449292214668e+00
1.494439529385760324e+01
2.070899073318055628e+01
2.456934901487102607e+01
