3.149396694750479497e+01
4.048500254339944604e+01
-3.743400783101573381e+01
4.153659830499329075e+01
1.311313378812501718e+01
-3.963206201603232159e+01
-2.288688374229213807e+01
4.577941820829031450e+00
4.617424899743058120e+01
4.743522474544924705e+01
-3.431466081912579114e+01
4.698678542780590561e+01
4.604240869809453329e+01
-2.059542539868285171e+00
2.977888963811169276e+01
-3.662687466457573038e+01
-7.552707487534135566e+00
4.146611552095600928e+01
2.900087682069723272e+01
4.648972007901461723e+01
1.499974673010238391e+01
-4.544798585174907402e+01
3.534893039543354121e+01
4.333474639878456003e+01
1.849581922135528700e+01
2.532597729731153535e+01
2.391938716694940226e+01
-1.127265383285599221e+01
1.560492402799974698e+01
-3.317231372319403704e+01
2.014754512237083262e+01
-4.581255881090064719e+01
-2.227178283706756190e+01
-4.583865384006774946e+01
-4.099454289736114987e+01
3.230737090401121492e+01
1.997338209323305946e+01
-1.756980777218345580e+01
4.481160623654551500e+01
-4.690542910894978945e+01
-6.323042059893596800e+00
-1.160349584677046231e+01
2.640565314824098309e+01
2.931368524435140444e+01
-3.175145755138960268e+01
-7.733995413471080882e-01
-4.970736439772363902e+00
1.514510341635033441e+01
2.059864155606826586e+01
2.480144065425429645e+01
