3.144592496715238994e+01
4.018352463254385043e+01
-3.655740149562211627e+01
4.088189646149216827e+01
1.277697166551330277e+01
-3.939342252359625007e+01
-2.250010914768964199e+01
4.800697327524908076e+00
4.610077191790139750e+01
4.628470184434110735e+01
-3.415264134342157121e+01
4.666191930715682190e+01
4.621681452835809978e+01
-1.790246686727808179e+00
3.014352934258112882e+01
-3.617148812247386758e+01
-7.655268342447501873e+00
4.162394874805078615e+01
2.952664264941769900e+01
4.641669900540630778e+01
1.522862899136843318e+01
-4.628719042499009362e+01
3.468111563057503588e+01
4.286280050606549707e+01
1.853569198776306948e+01
2.602236825441067936e+01
2.425847440509596709e+01
-1.114618168550525823e+01
1.508772421768104621e+01
-3.260130379904929043e+01
2.079582832513996493e+01
-4.733647001069851257e+01
-2.234686734062143287e+01
-4.540909029256298624e+01
-4.052632793932497890e+01
3.237988973174335428e+01
1.998353166589290097e+01
-1.801758644821609323e+01
4.495673509271769319e+01
-4.713982785772515172e+01
-6.800557098511604615e+00
-1.140627990643767653e+01
2.676439751730499950e+01
3.013089046902311452e+01
-3.119839495033933119e+01
-1.325004919429016992e+00
-5.449536263494895394e+00
1.439392034711778834e+01
2.105036437570689145e+01
2.553335792682279859e+01
