3.073211052407925337e+01
4.149090850223243621e+01
-3.639463713177574533e+01
4.101779568857364922e+01
1.210440357238589115e+01
-4.023707597999738539e+01
-2.242781424787853695e+01
5.128489724555339357e+00
4.622417978147990425e+01
4.668708869449277898e+01
-3.516089810431295604e+01
4.671477120474943945e+01
4.581187339409160586e+01
-1.332263366128243032e+00
3.011062534430812221e+01
-3.551315119159571054e+01
-7.866272574612149349e+00
4.183366713828726802e+01
2.789106509960413049e+01
4.637975872885961337e+01
1.692392792950914071e+01
-4.567027016971019293e+01
3.472665059702659818e+01
4.301575098267716157e+01
1.760020411035925036e+01
2.547397482966431070e+01
2.429713229307004951e+01
-1.117419250525603047e+01
1.490768349278968508e+01
-3.261440941675260774e+01
2.095253169179273200e+01
-4.585641599408008773e+01
-2.286931439066270144e+01
-4.557231368604833222e+01
-4.029769469816504568e+01
3.219725459695193592e+01
1.983331903813542141e+01
-1.865202684302357383e+01
4.515719235672239051e+01
-4.628988113469626597e+01
-6.265597510559863359e+00
-1.169681996103783916e+01
2.614253266751146043e+01
2.917711440098119624e+01
-3.064646731741529706e+01
-6.116154953982341214e-01
-5.606741130818975627e+00
1.471264090336541486e+01
2.123851233378383796e+01
2.605512467232675178e+01
