-2.611451240683311248e+00
7.094684806095513885e+00
6.868032580977512680e+00
-9.633459282404514212e+00
-7.551473355462452020e+00
8.994353389299115875e+00
-9.360132042284918796e+00
-8.237277328417176747e+00
-6.581726493959206614e+00
9.864304452007136348e+00
-1.697562332658934192e+00
-2.554751828716640638e+00
-3.141454240202028458e+00
-6.687925872123340332e-02
6.709466517441384226e-02
9.508528166902815215e+00
-3.294345881058498904e+00
-6.080639925369151655e+00
-8.172461444678136289e+00
-8.087530984382331312e+00
-2.306712878180574133e+00
7.058852757240156039e-01
8.488053492395708943e+00
-5.529687936121180591e+00
-4.490644348029812605e+00
-5.191822769127363735e+00
-5.336494806540840186e-01
9.931330578654287145e-01
3.006753419911547542e+00
-4.649359373327667910e+00
