-2.611451219232079790e+00
7.094684840908693779e+00
6.868032678860990892e+00
-9.633459292370874394e+00
-7.551473332979293573e+00
8.994353318483049975e+00
-9.360132017032956497e+00
-8.237277292921689309e+00
-6.581726471047354643e+00
9.864304474872160000e+00
-1.697562330669656561e+00
-2.554751804830130979e+00
-3.141454288323302979e+00
-6.687936413079784148e-02
6.709466629765298284e-02
9.508528152253310495e+00
-3.294345877312769399e+00
-6.080639928677151751e+00
-8.172461442513338170e+00
-8.087530939474127933e+00
-2.306712871691250832e+00
7.058852726457092164e-01
8.488053574019367886e+00
-5.529687974339876355e+00
-4.490644375595955751e+00
-5.191822634180558005e+00
-5.336494317316504699e-01
9.931330551864001599e-01
3.006753392381325884e+00
-4.649359444981094214e+00
