-3.195964638011432513e+01
-1.558674991191617920e+01
-3.439861342659794730e+01
-4.611429750867233679e+01
-1.890421565589393893e+01
2.687338969082634321e+01
1.584706624942746700e+01
1.131619256822585662e+01
-1.105121466846742706e+01
-1.716379718074866556e+00
2.453979065938203874e+01
-3.344837828335786867e+01
-9.884215509567304991e+00
3.647123953027786136e+00
1.500371262391427152e+01
-2.187141484071082331e+01
-4.336074701906161977e+01
1.066919205309382335e+00
2.923891389330250234e+01
-3.194437549566060497e+01
2.447452294469386302e+01
-1.647339676243458939e+01
1.897852881397423985e+01
-2.226212982264136286e+01
3.110622684302577667e+01
9.583843227811453147e+00
-1.178963189555092406e+01
3.024583828016563913e+01
-3.672287645518169086e+01
-3.398372859711581384e+01
-2.562959432676514382e+00
4.333201040446211039e+01
1.838721983864819265e+01
6.052746801494421014e+00
8.890654366493432548e+00
3.667505048085322272e+01
2.525884973029019065e+01
2.353796920449969932e+01
3.625756865507271698e+01
-3.701776190643125375e+01
2.822987279096280844e+01
-1.352844253564085886e+00
3.256614426629122505e+01
1.853650555946449074e+01
-1.532421454629129043e+00
1.918930433747110698e+01
-5.467618607258554420e+00
3.990444596130910071e+01
9.431264629698997481e+00
-5.029947951794235905e+01
2.207847864024302709e+01
5.026164914819115381e+01
-4.459495865682175264e+01
-2.506688457693798000e+01
2.675731326201968230e+01
3.196436708567491891e+01
3.973865791512794488e+01
-4.504862043297136154e+01
-2.063369019799377213e+01
-2.438464926774263830e+01
3.495059916642185271e+01
9.548490296557693213e+00
2.160916333255400446e+01
-4.076811069960504597e+01
4.796887036690546324e+01
2.289802781908186802e+01
4.295259590169735731e+01
4.391723166513065735e+01
-4.529128103735086341e+01
-9.075716186094210158e+00
1.530240500303774454e+01
-3.353274267958772370e+00
-4.126959788741481816e+01
-2.160340973007865983e+00
2.958564186673593710e+01
-2.785460209808051246e+01
-2.214099131904072237e+01
-1.141318918289758244e+01
4.326749502032217265e+01
-9.554044926612569100e+00
-1.265432350296416963e+01
-1.863556881505060758e+01
-4.734986292943781194e+01
-3.137009239277829309e+01
4.765437138181697208e+01
-9.220730250015936491e+00
-1.890326757299292737e+01
4.703985316240820680e+01
-4.395567608489187705e+01
-8.815975523498801536e+00
1.150481512010195750e+01
4.229958728492126596e+01
2.040257563027273946e+01
2.711481851685394417e+01
2.600885142702875541e+01
1.165712431740134392e+01
4.074114332838026264e+00
-4.750956226362151646e+00
-2.041530839816202558e+01
5.113118300510517145e+01
