-2.515403602134416516e+01
-1.592610442638416046e+01
-3.425563951448264532e+01
-4.594028031349500907e+01
-1.798234703030811232e+01
2.570993521597862852e+01
1.699730613286818226e+01
1.122859611242007638e+01
-1.199929704041350575e+01
-1.548866450610679291e+00
2.337407727498791843e+01
-3.101194316611331914e+01
-7.882278825505305342e+00
6.042022089172791155e+00
1.508721515839703819e+01
-2.290044270720440522e+01
-4.408448377579142630e+01
4.234548200509561156e+00
3.187447218973431262e+01
-2.949343674047581843e+01
2.697608260314620310e+01
-2.008390424399260965e+01
1.911383174893429882e+01
-2.520885215501363419e+01
2.798113575458962643e+01
7.335724332287688831e+00
-9.749506990008860896e+00
3.021793977351995508e+01
-3.555237789788576208e+01
-3.202095927527088293e+01
-6.072095890547761776e+00
4.334035695289771439e+01
1.900188675599762789e+01
2.855170241389280328e+00
1.258662946527681825e+01
3.461738732700651155e+01
2.300271124766884867e+01
2.498732147220840716e+01
3.533155043855654043e+01
-3.725010012764671075e+01
2.630266388311806836e+01
-6.823861179607755290e+00
2.779528054621241751e+01
2.246100150904886306e+01
2.942686873374316670e-01
1.399641335761257999e+01
-6.961668392947892414e+00
3.764319175323414157e+01
1.003691513093243870e+01
-5.116708077869738958e+01
1.872852763834510981e+01
5.079620193457791544e+01
-4.112114727400452807e+01
-2.285703384878677014e+01
3.003482009613280468e+01
3.164351555388066473e+01
3.769116497534191268e+01
-4.677061384019568635e+01
-1.422773161396441033e+01
-2.296235289145952763e+01
4.159668715504168546e+01
8.096200968159692479e+00
1.706710315128926680e+01
-4.112948289835674132e+01
5.098900322699119414e+01
2.562878518483362100e+01
4.217258944185325475e+01
4.209828624361944804e+01
-4.264480100048911737e+01
-1.368835754917455461e+01
1.447351730220118249e+01
-2.154801154644562011e+00
-4.258972918718172451e+01
-1.420514263523237064e+00
2.475887084384367398e+01
-2.819925026174189497e+01
-1.968570956861989885e+01
-1.037228630804535356e+01
4.797925443622652608e+01
-7.843838095250328379e+00
-1.085443782656261824e+01
-1.657545723475129762e+01
-4.493002665253511907e+01
-3.493665349061299708e+01
4.667976733790683141e+01
-9.063741075143621373e+00
-1.344349626733175285e+01
4.697206197555416907e+01
-4.315218261631033414e+01
-6.039647939348734340e+00
1.801862913284928425e+01
4.450164717190183694e+01
2.694344945601032748e+01
2.714786187756924107e+01
2.758122229775183598e+01
1.198080080298855421e+01
8.810771592564311305e+00
-2.548272680561112669e+00
-2.322780113101557831e+01
4.929835520088521861e+01
