-2.871292651448249345e+01
-1.706699200651733861e+01
-3.210530345429010879e+01
-4.869905421427673531e+01
-1.966512701056798207e+01
2.616856930158939676e+01
2.477506898783429534e+01
1.002359707479338802e+01
-1.393313696215340158e+01
-2.432655477172913638e+00
2.420746336179996305e+01
-3.128798080744552479e+01
-9.192062189471910116e+00
6.439971412262087469e+00
1.718525308404180407e+01
-2.147640754595467527e+01
-4.294636364229656067e+01
5.211377649485298136e+00
3.164774461024739693e+01
-2.741529842369769199e+01
2.426336882220059721e+01
-1.899343103269028177e+01
2.206664491520482585e+01
-2.598288461347540235e+01
2.784521664023122156e+01
6.093370671926948035e+00
-1.124511004079369236e+01
3.127418046823662934e+01
-3.474425541200388778e+01
-3.321428048100663943e+01
-7.609033989089721395e+00
4.142616181471130687e+01
2.101267590517813844e+01
5.346742011445007492e+00
1.288518256767562953e+01
3.307859923315788819e+01
2.473019567590203138e+01
2.276170811059671806e+01
3.361411410759828300e+01
-3.608801473964260964e+01
2.832950829282209781e+01
-3.147036286492295609e+00
2.658121088859518366e+01
2.279946191924068799e+01
2.206320103702121838e+00
1.668168533855234159e+01
-5.623486245003892492e+00
3.804104970522386964e+01
9.625414493431700080e+00
-5.306728231175512889e+01
2.235888002645227601e+01
4.956799533009095882e+01
-4.203412591011048249e+01
-2.553036365262093099e+01
2.641078378968563101e+01
3.037612056736720234e+01
3.526840915127099407e+01
-4.734477778432011519e+01
-1.792091373547642519e+01
-2.056620024670433367e+01
3.636258011844111593e+01
8.769433246146085992e+00
1.862017425378575197e+01
-3.986042286396762790e+01
4.835987636947960056e+01
2.351131656171455830e+01
4.091881919046109317e+01
4.421440920650201889e+01
-4.551328510826289886e+01
-1.224931600393827580e+01
1.329924408393266333e+01
-8.904723470752173853e-01
-4.406801959372984356e+01
-3.401432595951701110e+00
2.716057576433500742e+01
-2.902201892295032692e+01
-2.150642187984590237e+01
-8.130214902050578729e+00
4.514933176975026186e+01
-1.251222774661881232e+01
-1.102082822143471397e+01
-1.870499086072381090e+01
-5.026428076035803372e+01
-3.293035510929124143e+01
4.909854220746125009e+01
-9.144780234915629080e+00
-1.562399680187667528e+01
4.715155396263659782e+01
-4.691268457182123797e+01
-9.099199215929733242e+00
1.083168163074744328e+01
4.494257034371366899e+01
2.578212714654736715e+01
2.708610310436281310e+01
2.131766613407086197e+01
1.465285293196697758e+01
5.317277137713076307e+00
-2.935830590561408382e+00
-2.121549787250813779e+01
4.872820222102571108e+01
