-2.863632998053087064e+01
-1.650116063050420223e+01
-3.289639887620472791e+01
-4.608052964889588310e+01
-1.775631693608734807e+01
2.391196578505212145e+01
2.356366711705722850e+01
1.167537646301667564e+01
-1.316927443077874571e+01
-8.062362055274387984e-01
2.069539483309987560e+01
-3.317311331562550691e+01
-1.058856627428172636e+01
7.024538106988568842e+00
1.538376707014675659e+01
-2.091831894496686317e+01
-4.366726415643186954e+01
2.104351447118065543e+00
3.429608923764131134e+01
-2.771980888872625215e+01
2.918154322745504103e+01
-1.798332279535127398e+01
2.203633787481717476e+01
-2.738135632122946106e+01
2.969895785829098500e+01
1.095820413824904804e+01
-1.243034185078557741e+01
3.050757567552133409e+01
-3.398806134657972677e+01
-3.333903658738471165e+01
-6.628272056398083478e+00
4.276713078749769181e+01
1.698398772139248791e+01
2.903253310305299983e+00
1.040091199768858310e+01
3.352276785843461937e+01
2.509645259670338646e+01
2.513728003468200001e+01
3.680772907214687706e+01
-3.489347032106503121e+01
2.897306625216336329e+01
-7.615681215690801587e-01
3.183516285591616679e+01
2.156837747170017039e+01
2.691213981743519223e+00
1.417349605112984179e+01
-5.176816510842978225e+00
4.090312182444606748e+01
1.278035752896858845e+01
-5.159226966585048757e+01
2.212066910145131260e+01
4.711444276857410784e+01
-4.310876578425490635e+01
-2.342508127844072874e+01
2.691672174514391358e+01
3.168717594509434576e+01
3.849632951298694650e+01
-4.442641141929978943e+01
-1.790975384617282629e+01
-2.375286176019855233e+01
3.840558362087804767e+01
4.917074743989195085e+00
1.738754036272774073e+01
-4.228523033102499085e+01
4.684388217290300105e+01
2.729391593605571842e+01
3.894695550674043716e+01
4.281070702686290019e+01
-4.478266409843989493e+01
-1.074639746834974119e+01
1.316726964008037548e+01
-3.097363843434114195e+00
-4.268854994377985435e+01
-1.797858699642901126e+00
2.433681742095103218e+01
-3.032570613646927882e+01
-1.587613135226025030e+01
-7.671034593512097821e+00
4.491503782559275493e+01
-1.032207916706647843e+01
-1.078762307561394351e+01
-2.324927682507528459e+01
-4.838978722176897662e+01
-3.237059754998649908e+01
4.601369651931375415e+01
-1.201582132278186243e+01
-1.474223097446808239e+01
4.653693639944952309e+01
-4.256566620548055369e+01
-6.235410879481124269e+00
1.415164573727754238e+01
4.441104408917403390e+01
2.639908478683220139e+01
2.807130198295353907e+01
2.590168557801469618e+01
1.364853337554153612e+01
2.428079968165959279e+00
-3.981167308319619291e+00
-2.101089597426255651e+01
5.272609468745326922e+01
