-2.901058474551885524e+01
-1.841991834554806928e+01
-3.147036498526477644e+01
-4.583609859344250026e+01
-1.377476818718187701e+01
2.705073637774229667e+01
2.584304669349063133e+01
8.628712221440903107e+00
-1.153128802792480201e+01
-3.157882782300831082e+00
2.136126695372933781e+01
-2.791859920726629696e+01
-8.616013372325600272e+00
5.584687810005453557e+00
1.853706836439993566e+01
-2.133871156645381717e+01
-4.192499174917068672e+01
3.155273557294380193e+00
2.859000823474936226e+01
-2.930036311451627284e+01
2.397931659429036344e+01
-1.513509847804406228e+01
1.938820754297154281e+01
-2.812025653014966053e+01
3.106700797631682320e+01
3.948356465433663587e+00
-8.108732224298551117e+00
2.969310332279742326e+01
-3.517104091823099310e+01
-3.758265233978407593e+01
