-2.883366831847476774e+01
-1.486737262376580837e+01
-3.279898289088554009e+01
-4.592686360339067164e+01
-1.801812185391199250e+01
2.707821068182943591e+01
2.484080075808223853e+01
1.141685668372557672e+01
-1.104909790854312845e+01
-9.770586764232949140e-01
2.377033347106809913e+01
-3.074322721252640278e+01
-9.125002462646195411e+00
5.785029531515863965e+00
1.588730719471009323e+01
-2.094253711433647425e+01
-4.337615612404733412e+01
3.057647927080478389e+00
3.159666040950602195e+01
-3.038340141341669209e+01
2.491422406762533726e+01
-1.877966100337248179e+01
1.944127739778666708e+01
-2.415123235318708694e+01
2.964643167546589098e+01
6.506131302829598617e+00
-1.204416362833999266e+01
3.216283721812650498e+01
-3.563723261344251370e+01
-3.492624378687133202e+01
