-5.268035018863955976e+00
-9.035889669821033365e+00
-4.212810961578062674e+00
-9.392764304637609030e+00
5.725974984588352967e+00
8.434141818028727755e+00
-7.500370097313430406e+00
2.928803621851061134e+00
-9.028341615295017775e+00
4.478067146588910141e+00
-9.792142648700071561e+00
-2.635847642390967582e+00
-6.783606417486328866e+00
7.630661453618956536e+00
-7.409394640862568826e-01
-1.337522248950778758e+00
3.006893339847548918e-01
-4.067698618145665357e+00
-7.569963954847139576e+00
-8.787968783134243012e+00
-7.721321862328543381e-03
-2.249359688838840632e-01
-6.510411539332348063e+00
6.384864323439041200e+00
-9.413563731175797145e+00
4.322374518792809539e+00
-7.638125026319515953e+00
2.271505164954267464e+00
3.231968163808330186e+00
4.184013920348778726e+00
-8.627750371373780425e+00
-6.764652106099123152e+00
-9.390516201123658035e+00
6.756844961652879178e+00
1.107742829368621562e+00
8.667163280285237192e+00
-1.000000000000000000e+01
-1.123188349270456854e+00
-9.766752989094454662e+00
-5.532068300296896446e+00
1.053709889815154899e+00
9.265713404087456695e-01
-5.387782091419611952e+00
1.080853375152264872e+00
-8.141674194997310821e+00
5.472377214992939720e+00
-5.097999093778714297e+00
-3.282259201563808571e+00
6.637791077396904882e+00
-9.770146531367661424e+00
