-5.347103014333903559e+00
-9.041352099386728014e+00
-5.622146701417588766e+00
-9.392825892503559260e+00
-6.080956694867363233e-01
8.434105615086478380e+00
-9.361742481897865176e+00
2.928952634370397767e+00
-6.038793425202920728e-01
4.477966236315796600e+00
-9.307229910984739618e+00
-2.635786473554526665e+00
1.311847357867007346e+00
7.630802050176956008e+00
5.676711794079002393e-01
-1.337427983204245496e+00
6.949911611451713433e-01
-4.067648409778927387e+00
-4.831191395003562761e+00
-8.788084075938410678e+00
-1.499543274143210425e+00
-2.250136765093254387e-01
-7.475001495623717851e+00
6.384776913181497981e+00
-9.038498024402011666e+00
4.322293940144215085e+00
-8.161744969711300257e+00
2.271708923203924257e+00
-2.973849798902319375e+00
4.184107654468218307e+00
-9.254205538712691137e+00
-6.764276474639761005e+00
-9.243121987876865120e+00
6.756793825759315197e+00
-2.748924424810401224e+00
8.667034958025823244e+00
-1.000000000000000000e+01
-1.123205627835273113e+00
-9.954732682609135352e+00
-5.532094170130057442e+00
-6.575993895026636116e-01
9.266521137823251486e-01
-7.778847423325583321e+00
1.080929318332832789e+00
-3.206638484363364849e+00
5.472331643583103755e+00
-9.457987780870631411e+00
-3.282301981067538232e+00
-8.169301432799963791e+00
-9.770280134166101860e+00
