2.666845702901142801e+01
-4.366838432392182057e+01
-6.081743944421144477e+01
5.768183491171236454e+01
1.892881272205246290e+01
3.188115697794988534e+01
2.256821909621039168e+01
-4.481308484170342155e+01
-3.590948687914251991e+01
1.827799081043785279e+01
-1.660427507749852793e+01
-2.569289725998704199e+01
1.226090345579111585e+01
-1.811548141758684949e+00
2.134348278054631010e+00
4.215820749242596577e+01
8.373769544366268747e+00
-4.634272845466595214e+01
-7.464206381355051434e+00
-1.671945242304600399e+01
1.143575010436788020e+01
3.850533430387026357e+01
-1.177581814247166037e+01
-3.306204662069104927e+01
1.419071522720267708e-01
3.167704268246451704e+01
4.504619000521607575e+00
-1.892587015887487212e+01
-5.747679699246752705e+00
-8.700022298263263565e+00
2.536421196605656192e+01
2.510791379076829344e+01
-4.215301859546185881e+01
-3.810773016050902129e+01
-4.240692798400125696e+00
3.775543156719355409e+01
4.058385082566651647e+00
-5.160751612623590034e+01
3.132398603232702072e+01
2.525672988463149693e+01
-1.598228912260535850e+01
7.466612346465499428e+00
-1.799211424795653613e+01
1.851573644830323717e+00
1.054484805736458597e+01
8.656393747161374108e+00
-1.253970759130588242e+01
1.439158110569431770e+00
9.332808736267292460e+00
5.708812982463697949e-01
