3.486146154494832450e-01 0.000000000000000000e+00
4.259183674259152674e-01 0.000000000000000000e+00
4.063374598654017067e-01 0.000000000000000000e+00
3.980744419470618745e-01 0.000000000000000000e+00
4.110784844028183560e-01 0.000000000000000000e+00
5.103507513080367541e-01 0.000000000000000000e+00
4.115135003777851130e-01 0.000000000000000000e+00
3.865045149203784058e-01 0.000000000000000000e+00
2.924083424632528683e-01 0.000000000000000000e+00
3.430287691982484288e-01 0.000000000000000000e+00
5.439171715758472914e-01 0.000000000000000000e+00
4.573495220893468716e-01 0.000000000000000000e+00
3.572672843863026193e-01 0.000000000000000000e+00
4.563458612316335650e-01 0.000000000000000000e+00
2.147273106456906167e-01 0.000000000000000000e+00
2.927333107002505486e-01 0.000000000000000000e+00
3.978111293310061525e-01 0.000000000000000000e+00
2.675993600562306396e-01 0.000000000000000000e+00
4.584858427352996868e-01 0.000000000000000000e+00
2.808534303532189691e-01 0.000000000000000000e+00
4.781563747583106316e-01 0.000000000000000000e+00
4.639700305925531509e-01 0.000000000000000000e+00
3.084849871863108994e-01 0.000000000000000000e+00
5.298079905798203093e-01 0.000000000000000000e+00
4.165882996718536235e-01 0.000000000000000000e+00
