-2.920270254473420835e+01
-1.721598239231656535e+01
-3.394401815576195247e+01
-4.564620253739617795e+01
-1.805295394584678448e+01
2.592000609660480492e+01
2.408384702416481105e+01
1.023276407605806604e+01
-1.229584130967118405e+01
-1.763190519489568064e+00
2.301899268005518095e+01
-3.240738044376910665e+01
-9.083347645429931561e+00
5.721775549863211019e+00
1.632239557998838819e+01
-2.175678864668261170e+01
-4.331595170964551755e+01
4.229439372703004629e+00
3.025615880027053706e+01
-2.939734016304046449e+01
2.548546477358441109e+01
-1.971172874167428191e+01
1.948524231728025669e+01
-2.348989285296116591e+01
2.999352874127411894e+01
7.113579986486268325e+00
-1.267097126596916112e+01
3.144364393507994748e+01
-3.554329286627962148e+01
-3.476718952154022446e+01
