-2.802024429527790872e+01
-1.926810644156224939e+01
-3.200643784444520890e+01
-4.296567075881499420e+01
-2.066911173447241623e+01
2.649817167629864656e+01
2.035554495806671227e+01
2.076772597382862529e+01
-1.866270305118548478e+01
2.081775294460683767e-01
2.082482284411528184e+01
-3.137910811908746567e+01
-3.585222652008991595e+00
1.445644207550243365e+00
1.564113736015967682e+01
-2.306597332351268648e+01
-4.330960146322943416e+01
7.685028980904449192e+00
2.890708665336790517e+01
-2.999744600782951309e+01
2.391808529139554196e+01
-2.022127424826072328e+01
2.331114486996305502e+01
-2.463721656137742499e+01
2.985412597359625053e+01
4.542819823170118454e+00
-5.889922139318778171e+00
2.318019879550595874e+01
-3.232756826030897912e+01
-2.791488604132425166e+01
