-3.083314536949368190e+01
-1.297827840061665405e+01
-3.489977873579674394e+01
-5.073280842021826231e+01
-1.648647716133469743e+01
3.148294782453224272e+01
2.713580222317949975e+01
8.564304152746558429e+00
-1.195914534079584080e+01
-2.938513465229983801e+00
2.037487163401037549e+01
-2.171327876139157098e+01
-2.284357622412553113e+01
1.068198332305779630e+01
1.793241729746772961e+01
-2.337316200045461656e+01
-3.985356692818358937e+01
5.866806112792731120e+00
3.349205104164043689e+01
-3.499578529705740237e+01
2.600324268586440724e+01
-2.441594669395881212e+01
2.573545060063811007e+01
-3.341713705612707486e+01
3.491315838624052503e+01
8.956711059520932494e+00
-1.804853862148682708e+01
3.030752901123366527e+01
-3.158577174706470814e+01
-3.723136836733017674e+01
