3.048841661381862522e+01
4.157251592394236894e+01
-3.678913735557895137e+01
4.141418669074085557e+01
1.173071936571404095e+01
-4.012532661334238782e+01
-2.147739247422565967e+01
4.518913404049249571e+00
4.473215571419449077e+01
4.589099105270952350e+01
-3.298019429678075909e+01
4.661653156670833908e+01
4.543589238630591609e+01
-1.030599424957692190e+00
3.069626079719160217e+01
-3.551354178673016548e+01
-8.283903018624643622e+00
4.199373550102568231e+01
2.889888222526794692e+01
4.569715546207632428e+01
1.663502110940824963e+01
-4.548897630377650358e+01
3.554249863071151339e+01
4.200746343720827980e+01
1.724776359707497164e+01
2.526571483157352205e+01
2.520691504417346707e+01
-1.030339997687577736e+01
1.580562712558564264e+01
-3.178078758607130538e+01
