-3.215988746248415708e+01
-1.444231042843400559e+01
-3.320748719275479033e+01
-4.829335947611980373e+01
-1.790746014365029737e+01
3.008460532831676559e+01
2.540185715047017467e+01
1.095466215479290462e+01
-1.443440940992929278e+01
-2.651296935767220475e+00
2.288382488269271775e+01
-3.345578316233110883e+01
-1.119627403734594751e+01
6.048284360156304551e+00
1.629795964849645529e+01
-2.153817826114754297e+01
-4.469142544371774761e+01
2.289756496498065452e+00
3.190736878498420026e+01
-2.858247885199938665e+01
2.344624736322471747e+01
-1.756914808268990313e+01
1.371635155851940269e+01
-2.095355555261377134e+01
3.052700091590520870e+01
6.069121459484792425e+00
-1.502020844950945566e+01
3.198570860079065881e+01
-3.697915391534053953e+01
-3.451436288002184938e+01
-5.598664924606770121e+00
3.806257349806706003e+01
1.382214665616761806e+01
2.822713408630986187e+00
1.005089103900690617e+01
3.093812550918110560e+01
2.450876149193381792e+01
2.436833073825964391e+01
3.499361473224055885e+01
-3.921397717138918182e+01
2.727447577861472894e+01
-4.163816203636958591e+00
3.097235641897953684e+01
2.002334644602274238e+01
1.383841213042669827e+00
1.405476471130365468e+01
-6.860681034910747655e+00
3.906204391380006058e+01
1.038539814675377393e+01
-4.970477140450702791e+01
