-2.611142949703570082e+00
7.094426392793079295e+00
6.866073148566779416e+00
-9.633506315967744982e+00
-7.547903839327908315e+00
8.996469435526925906e+00
-9.363805364472620241e+00
-8.239013586041686210e+00
-6.577979542981887029e+00
9.866182295738660457e+00
-1.701221662893534825e+00
-2.555304518569830652e+00
-3.138806962607324724e+00
-7.160137196236603108e-02
7.082536685918650043e-02
9.512278175385860735e+00
-3.296305385950055289e+00
-6.078492025248010577e+00
-8.177328791255023432e+00
-8.083781094970341030e+00
-2.304608314189880325e+00
7.035518425392577324e-01
8.491575659155387257e+00
-5.528430373998898695e+00
-4.491404329353745339e+00
-5.191526045842327797e+00
-5.341829390644889930e-01
9.897875645940708011e-01
3.010120279144751443e+00
-4.649628903792002887e+00
-6.616043723010054833e+00
1.484153224946452410e+00
-3.325916652286601050e+00
-2.248005637411526259e+00
1.857379489540403217e+00
-6.762556728436328157e+00
9.102714212632166957e-01
3.988074593103640542e+00
8.917563705225649562e-01
-3.480350995679244441e+00
-8.641320149369750681e+00
-4.108066592455108967e+00
-5.082525173561441179e+00
1.307082740820354694e+00
9.290410630808176862e+00
7.663279994763819047e+00
-4.525724458897462554e+00
-6.195484133100618296e-01
-4.216774426834775547e+00
3.786171881972552278e+00
