-2.611493944268522327e+00
7.096700842765508277e+00
6.868202347901039673e+00
-9.636223004490318544e+00
-7.551655317863457562e+00
8.996195058514556919e+00
-9.358444874659591406e+00
-8.235138298719776984e+00
-6.583218286111403472e+00
9.861469698038138887e+00
-1.698553737570785982e+00
-2.556618026607475613e+00
-3.139272672309606715e+00
-6.466172093526723064e-02
6.931151273276919822e-02
9.510400966591079808e+00
-3.294171194594105234e+00
-6.079043705632030559e+00
-8.174041144745087806e+00
-8.088364385993324746e+00
-2.305640827920828251e+00
7.080289031671597177e-01
8.489707462813850469e+00
-5.534792193569838759e+00
-4.488426801042664671e+00
-5.189921193951575695e+00
-5.387169248634022800e-01
9.947562873709906439e-01
3.005246861452766094e+00
-4.647508552263725612e+00
-6.613004699452297963e+00
1.479955283292540003e+00
-3.325474323583490488e+00
-2.249390398391211576e+00
1.856626464637260998e+00
-6.764571227978927404e+00
9.115023903394734450e-01
3.987010169544291216e+00
8.950762528411708718e-01
-3.477366202017446284e+00
-8.641697842660450490e+00
-4.106630104158980110e+00
-5.082517682544513526e+00
1.306776543431509063e+00
9.287570411970417439e+00
7.662295758428888881e+00
-4.528908383165394902e+00
-6.187639779119822325e-01
-4.214789926566076872e+00
3.784655175996401333e+00
