3.147250297531423158e+01
4.057883921151613293e+01
-3.730113184270896909e+01
4.133748881890749516e+01
1.323597173965023366e+01
-4.024615431207848104e+01
-2.214997598810749935e+01
4.688237957781992371e+00
4.575083304939158069e+01
4.648840530048660469e+01
-3.423898338053871981e+01
4.705932260745147744e+01
4.571645893173211306e+01
-1.462428576317252205e+00
3.002771662853962198e+01
-3.581112579947783559e+01
-7.823895152888145077e+00
4.157351433518405770e+01
2.922090829822413482e+01
4.594937861286337721e+01
1.557387080951724556e+01
-4.642866908609390464e+01
3.491305890260782263e+01
4.339914224779930407e+01
1.787366539501042695e+01
2.577407786421810698e+01
2.431347904778096236e+01
-1.077748890766889289e+01
1.554778047928524209e+01
-3.288122162852639718e+01
2.060428670965641729e+01
-4.681683515155484798e+01
-2.230770892819449713e+01
-4.538300107493159175e+01
-4.028659467422101415e+01
3.234600800933847609e+01
1.948290976730848811e+01
-1.829077777218977374e+01
4.502239325454171848e+01
-4.655553963521202832e+01
-6.125708153003841083e+00
-1.184412247342686619e+01
2.655140523433263766e+01
2.951896380579886880e+01
-3.131257479572619573e+01
-1.023384146183642374e+00
-5.442164134709408074e+00
1.463150952954379669e+01
2.093663002439930665e+01
2.546795691015898555e+01
