-1.869282600350759083e+01
-2.302330320593346258e+01
-3.559501743162346088e+01
-4.814960674043522459e+01
-2.804424841004178859e+01
2.769236368397709924e+01
3.460566929492804888e+01
3.935137542373112751e+00
-5.049018460356906601e+00
6.045914363242612666e-01
2.540227479333904981e+01
-2.864213587226981517e+01
-9.601946058412501372e+00
-5.353289585249554339e-02
2.544833841473328562e+01
-2.479318817271448694e+01
-4.095496102587809162e+01
6.160996394561736089e+00
2.910589017506883280e+01
-2.775319772150614739e+01
2.497383599801097276e+01
-2.014599071159976518e+01
1.318549478715819490e+01
-3.241941196519540114e+01
3.577410064589279415e+01
9.220933720826270275e+00
-2.212950171146538381e+01
3.136125280865394416e+01
-3.471382093967493176e+01
-3.814657887390062996e+01
-1.040877825597331352e+01
3.411245471936865670e+01
1.577472969849890916e+01
-1.368225896285911958e+00
1.714831348950862022e+01
2.694289336349075015e+01
1.694435413494233345e+01
2.192469454944634322e+01
2.818476848482459829e+01
-4.429111768170448471e+01
3.542822674709385922e+01
-1.031236011248281237e+01
3.001843257853242264e+01
1.346961563713498577e+01
-5.894170462836952673e+00
2.044145483556916787e+01
-1.133635590118906222e+01
3.604971247726872008e+01
1.032730461355106755e+01
-5.434417544649974019e+01
