-2.857287680352416359e+01
-1.602069210687850997e+01
-3.426735171266187052e+01
-4.581811172820527389e+01
-1.807977953877173150e+01
2.572567643523105829e+01
2.471656678670606411e+01
1.121571707488301151e+01
-1.213661639832213446e+01
-9.155095112181189654e-01
2.340530891550629633e+01
-3.146470737836747844e+01
-9.066302316726710941e+00
5.735042957906889782e+00
1.568413293801780917e+01
-2.158244774980715164e+01
-4.337024392131151984e+01
3.353631745163548672e+00
3.114533311161408946e+01
-2.990395047661344563e+01
2.543268955525430641e+01
-1.867392914003812265e+01
1.974922867794633419e+01
-2.442752140841299635e+01
3.031123605700133794e+01
7.076427659822083882e+00
-1.241646877975267493e+01
3.172491929390533372e+01
-3.595474725670101179e+01
-3.430050598075600021e+01
-5.950198220372228342e+00
4.163390985782707787e+01
1.788017543808636489e+01
3.647976397552585848e+00
1.070598565517750522e+01
3.417760159590366698e+01
2.369305385311161061e+01
2.464509151151725419e+01
3.438064841249588000e+01
-3.611374712907516482e+01
2.847953622472517665e+01
-2.843729767686153487e+00
2.829985320680476946e+01
2.101033651412809178e+01
1.845442904236441972e+00
1.516359520646319403e+01
-5.468726438300733683e+00
3.968670106024609368e+01
1.171355096507971894e+01
-4.941107436276071496e+01
2.073509677179509580e+01
4.802637622887394997e+01
-4.279755114710227559e+01
-2.678821542948422874e+01
2.648576152129459516e+01
3.041237538743159874e+01
3.774266461509731840e+01
-4.626394101451379726e+01
-1.839456117484884246e+01
-2.268409192197238866e+01
3.751905274433150339e+01
7.855535470997136116e+00
1.926812373236283804e+01
-4.202561114250141117e+01
4.896307474209555721e+01
2.461281090109931924e+01
4.058018499809630697e+01
4.402366845831396347e+01
-4.531879977978172747e+01
-1.255021619306552694e+01
1.379595335686728497e+01
-2.560425344940260750e+00
-4.083788484179107314e+01
-3.029881941632555975e+00
2.590618052405278959e+01
-2.964044696321049344e+01
-2.036560947729180526e+01
-1.032501207705047008e+01
4.527341710597404045e+01
-9.840184146130193099e+00
-1.111151122308302419e+01
-1.823645632146796203e+01
-4.879068431549207929e+01
-3.230855086482366545e+01
4.906478924734992120e+01
-9.465411565199667976e+00
-1.702629724846454806e+01
4.844474677100082260e+01
-4.403309790952832259e+01
-7.477363976134547841e+00
1.331788786771861588e+01
4.697544916503940016e+01
2.382466457930600967e+01
2.720392157289720103e+01
2.677428515751124394e+01
1.466167843983904717e+01
4.063552317096267963e+00
-3.106116781989598952e+00
-2.122634201705026413e+01
4.980461838040471889e+01
