-2.857287693562615871e+01
-1.602069271151423280e+01
-3.426735071475665251e+01
-4.581811118775140557e+01
-1.807978201548380426e+01
2.572568169928394610e+01
2.471655960819946074e+01
1.121572797006853150e+01
-1.213663030349477800e+01
-9.154981910000234979e-01
2.340530720187569358e+01
-3.146470488908490282e+01
-9.066300008766781104e+00
5.735014049027111760e+00
1.568416769547627077e+01
-2.158247391932060566e+01
-4.337023152432308137e+01
3.353632550833125947e+00
3.114533312750074145e+01
-2.990395118892849524e+01
2.543268989418666237e+01
-1.867393000872026221e+01
1.974923104922573103e+01
-2.442751540241088648e+01
3.031121990577011616e+01
7.076430197424626201e+00
-1.241641787705895439e+01
3.172483385485628915e+01
-3.595470398902585885e+01
-3.430051312188365387e+01
-5.950189624422034917e+00
4.163390335191513003e+01
1.788017867174320585e+01
3.647973624070479204e+00
1.070598791190234245e+01
3.417760370397450487e+01
2.369304872527118988e+01
2.464509244042457325e+01
3.438065440631859104e+01
-3.611375325046107321e+01
2.847953618732140058e+01
-2.843726082348812856e+00
2.829985491158212696e+01
2.101032319993711894e+01
1.845464122426036635e+00
1.516357798269792490e+01
-5.468720822663643233e+00
3.968670052518591262e+01
1.171355137988197193e+01
-4.941107358601968969e+01
2.073509609615599203e+01
4.802637627438534906e+01
-4.279755103987788800e+01
-2.678821359309708328e+01
2.648575748480791958e+01
3.041237745663358538e+01
3.774266454528476089e+01
-4.626394076789009802e+01
-1.839456130815387525e+01
-2.268409169932559521e+01
3.751905255254808225e+01
7.855536109593603378e+00
1.926812287004905855e+01
-4.202561158904573801e+01
4.896307599426271651e+01
2.461281033913656557e+01
4.058018493528931003e+01
4.402366848637889518e+01
-4.531879964444748765e+01
-1.255021625383275641e+01
1.379595323944058372e+01
-2.560425267612696842e+00
-4.083788462398368324e+01
-3.029882509215463315e+00
2.590618094751609135e+01
-2.964044709716820947e+01
-2.036560941074120379e+01
-1.032501208977551421e+01
4.527341817758232878e+01
-9.840186232202816186e+00
-1.111151022885463213e+01
-1.823645626850066392e+01
-4.879068436468703851e+01
-3.230855097543044252e+01
4.906478951878029449e+01
-9.465411965645179393e+00
-1.702629696304158102e+01
4.844474694956853966e+01
-4.403309764136981386e+01
-7.477365061871660501e+00
1.331788865604805139e+01
4.697544898282745862e+01
2.382466456991105730e+01
2.720392158716636999e+01
2.677428516055533336e+01
1.466167853513038644e+01
4.063552156025813211e+00
-3.106116718250721664e+00
-2.122634205273150698e+01
4.980461841457648831e+01
