-2.857287501736037427e+01
-1.602070775246583878e+01
-3.426742520309466755e+01
-4.581788781281468914e+01
-1.808000377296021810e+01
2.572579980789964793e+01
2.471652916427088797e+01
1.121572148438868588e+01
-1.213661494201618574e+01
-9.155140756021256099e-01
2.340531731403947546e+01
-3.146471381271302192e+01
-9.066296238831755616e+00
5.735023550040439844e+00
1.568414791991279422e+01
-2.158245591190846469e+01
-4.337024218100796702e+01
3.353623725038532566e+00
3.114536723437396759e+01
-2.990398519776045561e+01
2.543270249370076641e+01
-1.867392833832221655e+01
1.974922316451753801e+01
-2.442751582082179951e+01
3.031123108518276865e+01
7.076425150820128351e+00
-1.241641657493277151e+01
3.172483068815147789e+01
-3.595469824311421547e+01
-3.430051869490316108e+01
-5.950187268860962497e+00
4.163390279585077280e+01
1.788017813310008108e+01
3.647974224902918117e+00
1.070598755904741672e+01
3.417759920413922003e+01
2.369305879436600293e+01
2.464508759892937917e+01
3.438065013631249656e+01
-3.611374556253861812e+01
2.847953073402370450e+01
-2.843720908018840365e+00
2.829984923586069812e+01
2.101032474890836710e+01
1.845463820100578634e+00
1.516357981909430386e+01
-5.468723138965105868e+00
3.968669990427500238e+01
1.171355346257010410e+01
-4.941107374739697633e+01
2.073509561772750942e+01
4.802637775691925981e+01
-4.279755311399625128e+01
-2.678821371717936728e+01
2.648576120658887945e+01
3.041237675528267559e+01
3.774266022482205329e+01
-4.626393587073543756e+01
-1.839456613771859850e+01
-2.268409002479850756e+01
3.751905393277062473e+01
7.855533800408773359e+00
1.926812676685214853e+01
-4.202561406692935719e+01
4.896307511219087871e+01
2.461281188514461959e+01
4.058018449247882131e+01
4.402366834811358132e+01
-4.531880007817469647e+01
-1.255021545695268692e+01
1.379595425415253729e+01
-2.560428032149339117e+00
-4.083788321868103566e+01
-3.029883192961937866e+00
2.590618265147073984e+01
-2.964044793724481863e+01
-2.036560989539265165e+01
-1.032501089237601199e+01
4.527341680033919147e+01
-9.840185612594364528e+00
-1.111151134787382233e+01
-1.823645526562175334e+01
-4.879068392981983493e+01
-3.230855143540253493e+01
4.906478935809904840e+01
-9.465412519965394011e+00
-1.702629527789293462e+01
4.844474564405514627e+01
-4.403309736948211395e+01
-7.477363931448063994e+00
1.331788696335517841e+01
4.697544949585602581e+01
2.382466514547496672e+01
2.720392147028793417e+01
2.677428442524930929e+01
1.466167848264951523e+01
4.063552679742354456e+00
-3.106116764304011735e+00
-2.122634220004398031e+01
4.980461859099217037e+01
