-2.517276223277367464e+01
-1.225435813234807725e+01
-4.759580950749344197e+01
-4.280437289594153327e+01
-5.544231261251688636e+00
8.129311946946632617e+00
3.684002699244133794e+01
2.568919506754498094e+00
-5.181114605384067318e-01
-6.018864065084091663e+00
6.471256382753423075e+00
-1.907779594972881654e+01
-2.533070938938547734e+00
3.485789015148998971e+00
1.368772948373880105e+01
-2.739315469492752086e+01
-4.078723912039490074e+01
3.217624861450739893e+00
3.746847304945444534e+01
-2.334117724586593212e+01
2.958240154021160251e+00
-3.952849383833161312e+00
2.502645478186816774e+01
-2.790214104315056431e+01
1.664729906385161584e+01
2.650301163864213549e+01
-2.723955580622316575e+01
3.698167178019492951e+01
-3.552060398586196044e+01
-3.190821237228950125e+01
