-2.133203941041280416e+01
-2.276905133991900954e+01
-4.567407169505793973e+01
-3.890234484292831496e+01
-5.209265831035839511e+00
7.419979730490570802e+00
4.054378076828704280e+01
6.212596058416675504e+00
-1.784608427148523901e+01
3.940705008469847392e+00
3.007495114138890102e+01
-3.989318483908079571e+01
-6.481655336605633977e+00
7.957030060034558261e+00
1.054722199737080679e+01
-2.679827594457267992e+01
-3.885421889446677568e+01
1.529995900151121369e+01
1.405025494549227716e+01
-1.657957295221708804e+01
2.349843528353513733e+01
-2.182771074852280435e+01
2.467021019668183968e+01
-2.571563129469611653e+01
3.271070374399613456e+01
-8.422117728772866130e+00
-1.041735042336842199e+01
3.850518522166010627e+01
-3.093361162591661540e+01
-3.415858682986115014e+01
