-2.118300690138230280e+01
-2.476592862641529891e+01
-3.341193948775608646e+01
-4.114023223825103770e+01
-2.134755823675516595e+01
2.911263192412265965e+01
2.736647615774159448e+01
1.587706518922913546e+01
-1.655683428798990064e+01
-9.479742385896056334e+00
1.993988050894449771e+01
-2.196207589391634940e+01
-1.481299948326479665e+01
4.131015072885398709e+00
7.117405224128718899e+00
-6.208397303510065690e+00
-5.084677778266951265e+01
7.565416645455862898e+00
2.362997025833676190e+01
-2.011942595623511920e+01
2.663048564194467716e+01
-1.729868760755861601e+01
1.510822296185229874e+01
-1.958016368903244242e+01
2.380380547430090132e+01
9.339132888583140613e+00
-9.876358353899409082e+00
3.089611729344171920e+01
-4.634887990416825687e+01
-3.018427074543163968e+01
