3.145844367367358885e+01
4.057637451871143952e+01
-3.732045623289134539e+01
4.132638235621325862e+01
1.326418879698405284e+01
-4.021766889184735305e+01
-2.219036846796098317e+01
4.677063035312593264e+00
4.573602706261461037e+01
4.647534270826945857e+01
-3.414930890573958067e+01
4.706223864758227649e+01
4.565919879289464234e+01
-1.455405800279759854e+00
3.006096040840202832e+01
-3.574813724455173514e+01
-7.825444099393035202e+00
4.154046681969097676e+01
2.917603921736184347e+01
4.589546307371954725e+01
1.557364821806553579e+01
-4.639303894325129818e+01
3.492908923508495889e+01
4.339951830925554788e+01
1.787380931723654243e+01
2.575885936704760226e+01
2.432618808956636514e+01
-1.074970002035077243e+01
1.554490579839755426e+01
-3.288244471994749318e+01
