-8.421263739517767988e+01
1.997991203345289080e+01
-7.804695936756081664e+01
5.844602587073793387e+01
7.882556207169747609e+01
1.779160992775815942e+01
4.611973311552521437e+00
-8.238497223161294514e+00
8.149274663901124427e+00
-2.518256012451058012e+01
-7.449116551192373947e+01
-8.658983080004293242e+01
-2.292192365698421952e+01
-4.898333031926187431e+01
5.185736362531075372e+01
2.858078008147744953e+01
-1.230740041817160346e+00
-7.068589549000650152e+01
1.725017444779870246e+01
8.205194388838163988e+00
4.044306602579985110e+01
-7.279088970602663267e+01
3.508966951164516956e+01
-1.626956754859712362e+00
-5.125676784807458120e+01
-1.455560362158919574e+01
8.260854866401740537e+01
-4.656221016822647130e+01
8.163622549709239706e+01
-4.863413519431409782e+01
4.545674845585808299e+01
-5.528015399165914090e+01
2.128297573081049876e+01
-2.724937768671597382e+01
1.519339390385473720e+01
9.036324004750096606e+01
2.509577321474183975e+01
3.380819450454298192e+01
1.778375252274332752e+01
2.733541380182460045e+01
4.667722848391040458e+01
2.614613260957639795e+01
4.062630399372301326e+01
9.539659045641911916e+01
-5.220355581212643870e+01
-9.382848247915767104e-01
-7.938814346188934223e+01
8.801378534269612430e+01
5.253734397072007312e+01
-4.619140376621412969e+01
