-2.789379617970277181e+01
-1.504946156889680431e+01
-3.367580218479371723e+01
-4.352057211309806917e+01
-1.854857227506980877e+01
2.512993769123603016e+01
2.232533668330408716e+01
1.197411396420088359e+01
-1.196841675038894692e+01
3.332147663337006183e-01
2.400144592401969135e+01
-3.112352943884527434e+01
-1.020923620817450583e+01
6.370468432746016596e+00
1.411022965374146487e+01
-2.036687406145621537e+01
-4.423771799541657401e+01
4.311314155528850556e+00
3.287140617619797212e+01
-3.196719653327135546e+01
2.508181097053097730e+01
-1.833445646183470146e+01
1.851713111638251519e+01
-2.458950053163695415e+01
2.965603938011790319e+01
6.035839604620766963e+00
-1.259528668670603047e+01
3.441155239357554763e+01
-3.530422020753895396e+01
-3.524612664393940520e+01
-7.653530728985290743e+00
4.109321920979203213e+01
1.710897426966670665e+01
3.537231983816199854e+00
1.068260527329071863e+01
3.285753951558529451e+01
2.515461852880909888e+01
2.401859793593907710e+01
3.495608260114140364e+01
-3.554511730664288649e+01
2.679531321272516209e+01
-1.177921676945855589e+00
2.720083369926489070e+01
2.130552924675406956e+01
1.502250470041825103e+00
1.345671755064612540e+01
-5.189953004997787112e+00
4.085026652955311022e+01
1.157774914642878983e+01
-5.048439222679550653e+01
