-1.305495552441383600e+00
-1.088293439178877664e+00
5.327546746450232185e+00
5.508297191127537573e+00
2.974675069838869645e-01
-3.671831479330799120e+00
-2.867925967703817136e+00
-1.776241768540239852e+00
2.459926086714325777e+00
2.798584228641731730e+00
5.319394710868530218e+00
-1.585854548996801672e+00
-2.211939582637380219e+00
3.120442945591607842e+00
5.897825795670914140e+00
4.977036850502085663e+00
-2.510156679425943338e+00
2.348347992063905210e+00
3.045745128395026757e+00
3.982964248021214182e+00
5.778457809396939204e+00
-1.711414832486466642e+00
2.535438163514724397e-01
-3.074237924975235181e+00
1.115057510536149321e+00
9.871137825618089279e-01
-3.770521220980481925e+00
-4.057977845533760619e-01
8.990023012946027903e-01
-6.586700718647965636e-02
4.060573303604654960e+00
-1.478818802026321266e-01
-3.914268231633323047e+00
3.982646463531819503e+00
7.945958993333879228e-02
4.228004701758079520e+00
2.572389995380397920e+00
-3.710338103935081566e+00
-4.934467993427139598e-01
1.910757176497190013e+00
-1.213017368878702928e+00
1.313849057648718066e+00
-2.582784199982387729e+00
3.530297801570333682e+00
1.718502620940824510e+00
1.749555485207535677e+00
3.519420184185689138e+00
-6.758522383379044207e-01
-1.947053975761740441e+00
-1.525075091032789709e+00
6.161732004414918751e-02
1.078690354099382520e-01
5.436826951852773426e+00
-1.921117412091159604e+00
5.015778564580378962e+00
5.215742240348352432e+00
-1.295360273544203356e+00
5.433839368173893902e+00
-3.856237410778429631e+00
1.059956753009582142e+00
5.643247359234480953e+00
4.271481036458565583e+00
2.588000430014948616e+00
2.326039821899722249e+00
2.753817554676059487e+00
1.174580641269936443e+00
-3.681085541144361706e+00
-1.219173767204424053e+00
-1.736755496703293211e+00
9.865712428727930750e-01
5.036120166018123179e+00
4.389808103279565721e+00
4.162707686401109441e+00
6.072180972942911037e-01
1.765076799691581932e+00
2.694558720494849346e+00
2.094593623611429756e+00
-2.938396638671044947e+00
-5.880314064995477707e-01
-3.922291590999260169e+00
-2.845259902314947187e+00
5.890564685808161727e+00
3.720502922825158265e+00
3.745875933299238625e+00
-1.726940190947653386e+00
3.128406205306404786e+00
-3.252630242174148201e+00
1.413801031050694545e+00
2.293459867403853991e+00
5.057345762012426249e+00
-9.265948060502630229e-03
2.798264280463868214e+00
2.112765168650640124e+00
1.534944760289595145e+00
6.381077380922514641e-02
-4.310696988617008785e+00
4.469069554089692420e-01
3.813270096966724587e+00
-1.340294336322947755e-01
-5.626182167091356347e-04
