-1.306494080775291389e+00
-1.088452241301668844e+00
5.328081649896247107e+00
5.508130824990693064e+00
2.971364379109378007e-01
-3.671752628402390251e+00
-2.867708311988460768e+00
-1.776250566578116752e+00
2.460048450233720096e+00
2.798723493134676055e+00
5.319445969760251636e+00
-1.585809423448949262e+00
-2.211893607333908385e+00
3.120471044392181703e+00
5.897842806790420056e+00
4.977066730739682754e+00
-2.510202049110031641e+00
2.348291387930165897e+00
3.045735413185924667e+00
3.982954693366292265e+00
5.778453242237760357e+00
-1.711423101301171812e+00
2.535277309026955361e-01
-3.074245899693217154e+00
1.115055449866584780e+00
9.871090762587044765e-01
-3.770526015801305864e+00
-4.058067805154910723e-01
8.989962639621760232e-01
-6.587007101225282601e-02
4.060571367296041068e+00
-1.478846836460444014e-01
-3.914270526964214625e+00
3.982641451447737069e+00
7.946163743682532754e-02
4.228006158960811334e+00
2.572382047236372316e+00
-3.710347904572984579e+00
-4.934510107443186300e-01
1.910748753118077348e+00
-1.213016163922999713e+00
1.313845015960101170e+00
-2.582789854288993769e+00
3.530286406711796054e+00
1.718505130864002695e+00
1.749553949694007127e+00
3.519419024158651155e+00
-6.758608080125834139e-01
-1.947048473317874340e+00
-1.525070882548357876e+00
6.163823033410151253e-02
1.078955364469133954e-01
5.436853579414136384e+00
-1.921114439757628967e+00
5.015821344185745545e+00
5.215808939975069336e+00
-1.295292029967055614e+00
5.433928053463872310e+00
-3.856160473543509770e+00
1.060007840378450750e+00
5.643121541125419860e+00
4.271309537660733291e+00
2.587935061766006406e+00
2.326057526651015284e+00
2.753784520465384134e+00
1.174505635272890647e+00
-3.681465831668135458e+00
-1.219432732578633161e+00
-1.736659320439573273e+00
9.868299405407183755e-01
5.036411957937914963e+00
4.389695306223162952e+00
4.162409090323585303e+00
6.071378157044220458e-01
1.764869350261287551e+00
2.693826122550861513e+00
2.095152044496442656e+00
-2.938196926455709512e+00
-5.875645323900479111e-01
-3.917813573444240749e+00
-2.839023397370655566e+00
5.900191951459626161e+00
3.738002214807416568e+00
3.762699032733170412e+00
-1.725941039535271448e+00
3.133309141818287014e+00
-3.243903985591769956e+00
1.411632670451387073e+00
2.319181080184754773e+00
5.089097695962968793e+00
2.747597990899652148e-02
2.925066144729840278e+00
2.345742297293155865e+00
1.892591682645221374e+00
5.463206078830022960e-01
-3.805250027642803623e+00
7.677713185986442257e-01
3.889746857568178395e+00
-1.293860007921339428e-01
-3.984758915426440951e-03
