2.970445010247397022e+01
4.051851481445252290e+01
-3.761897242113893469e+01
3.976005111889078592e+01
1.291402911898275008e+01
-4.039883858873426448e+01
-2.310206938047802794e+01
4.411327395001390705e+00
4.502187230243703908e+01
4.623730179081624669e+01
-3.425635014924539234e+01
4.604981656813720292e+01
4.469479451617191046e+01
-2.303670196758534683e+00
2.949193549338541231e+01
-3.685153896829886833e+01
-8.384028885888197280e+00
4.124155781731830217e+01
2.880177935031323599e+01
4.472516457761786768e+01
1.307830720239493694e+01
-4.753486729085873463e+01
3.449721864401575289e+01
4.158262980271700826e+01
1.779887203573737153e+01
2.188090640959518041e+01
2.144357011830309290e+01
-1.426015994527405795e+01
8.024022946899554753e+00
-4.035107280671775953e+01
