-2.857287818692093495e+01
-1.602069151386442769e+01
-3.426735064525144026e+01
-4.581811258501702611e+01
-1.807978201169227006e+01
2.572567808044597015e+01
2.471656429500431429e+01
1.121571873224207749e+01
-1.213661820135701497e+01
-9.155055701011016733e-01
2.340531013978571195e+01
-3.146470677571948471e+01
-9.066299634814438235e+00
5.735014403576399467e+00
1.568416714771326781e+01
-2.158247250744557633e+01
-4.337022930464279824e+01
3.353632477571033110e+00
3.114533300578113284e+01
-2.990394915112903007e+01
2.543268882035308920e+01
-1.867393028573697222e+01
1.974923276160988195e+01
-2.442752434976375397e+01
3.031123660549014076e+01
7.076421096927256293e+00
-1.241641719940281519e+01
3.172483404462391121e+01
-3.595470560258445403e+01
-3.430051253150526236e+01
-5.950191032411025205e+00
4.163390305103798283e+01
1.788017912010228727e+01
3.647970735219220551e+00
1.070598709942224680e+01
3.417760248092764641e+01
2.369304937747639528e+01
2.464509285122267812e+01
3.438064878342628106e+01
-3.611374425262410881e+01
2.847953692070931453e+01
-2.843730437595315408e+00
2.829985661629136473e+01
2.101032321048850449e+01
1.845463459958396335e+00
1.516357927816352280e+01
-5.468722248087167337e+00
3.968670097783464001e+01
1.171354983468085109e+01
-4.941107482627091230e+01
