-2.857287526792132226e+01
-1.602069313412940232e+01
-3.426735077662581119e+01
-4.581811229131879770e+01
-1.807978146967150224e+01
2.572567727195957943e+01
2.471656569180456486e+01
1.121571972114668192e+01
-1.213661290629012335e+01
-9.155062268793989766e-01
2.340530912967730615e+01
-3.146470292788524148e+01
-9.066299916711146878e+00
5.735016316881692333e+00
1.568416686157836715e+01
-2.158247403326004132e+01
-4.337023038902629679e+01
3.353629707934902449e+00
3.114533209226994259e+01
-2.990395006846422987e+01
2.543268900718858561e+01
-1.867392965815425043e+01
1.974923127055248528e+01
-2.442752576456060964e+01
3.031124170118799199e+01
7.076421475819659079e+00
-1.241641891062672798e+01
3.172483535402703225e+01
-3.595470493121089106e+01
-3.430051254484353507e+01
-5.950189410768576437e+00
4.163390371265690959e+01
1.788017689869803561e+01
3.647973062068149197e+00
1.070598737493200758e+01
3.417760264992484309e+01
2.369305413483667166e+01
2.464509180763252516e+01
3.438064517261525310e+01
-3.611374673045894212e+01
2.847953670630320389e+01
-2.843727816560151389e+00
2.829985953031301449e+01
2.101032561802609422e+01
1.845463401722554853e+00
1.516357497105055074e+01
-5.468721595375694022e+00
3.968670047322282812e+01
1.171355190881949504e+01
-4.941107247754834475e+01
