-2.857287639172615101e+01
-1.602069223981895263e+01
-3.426734986331007349e+01
-4.581811124137738744e+01
-1.807978160368952558e+01
2.572567899051639984e+01
2.471656268450011140e+01
1.121571920999342709e+01
-1.213661733192853909e+01
-9.155065537257126573e-01
2.340530850801847862e+01
-3.146470618053745483e+01
-9.066297722885780175e+00
5.735013486927734938e+00
1.568416952748156667e+01
-2.158247352800388796e+01
-4.337023144406864361e+01
3.353630695157421293e+00
3.114533291467934006e+01
-2.990395421313395730e+01
2.543268886652164085e+01
-1.867392835470941392e+01
1.974922864324731364e+01
-2.442752116837836240e+01
3.031123547723731093e+01
7.076420750544433425e+00
-1.241641677963480639e+01
3.172483335381229352e+01
-3.595470482818515734e+01
-3.430051301646442852e+01
-5.950190738365289000e+00
4.163390291218424721e+01
1.788017778681558667e+01
3.647973192469138759e+00
1.070598996935808245e+01
3.417760089061120254e+01
2.369305050156398451e+01
2.464509161751234601e+01
3.438064991851300789e+01
-3.611374395276772020e+01
2.847953576422884225e+01
-2.843728222552089679e+00
2.829985593345131889e+01
2.101032169835937324e+01
1.845463659505566900e+00
1.516357881619225978e+01
-5.468719982730112505e+00
3.968670245645432715e+01
1.171354949119365685e+01
-4.941107483042176796e+01
