-2.857287603271709742e+01
-1.602069244677767657e+01
-3.426735051091856832e+01
-4.581810623923393422e+01
-1.807978102891492611e+01
2.572568082430716174e+01
2.471656463654381142e+01
1.121571863484732390e+01
-1.213661839578114332e+01
-9.155069115510993116e-01
2.340530875075596029e+01
-3.146470529797536742e+01
-9.066297568633427062e+00
5.735012198879778644e+00
1.568416391870794691e+01
-2.158247165950604796e+01
-4.337023018695303733e+01
3.353633592401726204e+00
3.114533346961113125e+01
-2.990395187136077837e+01
2.543268673868700347e+01
-1.867393090379755094e+01
1.974923026602307630e+01
-2.442752738901695153e+01
3.031123786897062899e+01
7.076422283660983581e+00
-1.241641884684176311e+01
3.172483203641449023e+01
-3.595470367199009587e+01
-3.430051323309061218e+01
-5.950188854262587590e+00
4.163390291745241711e+01
1.788017603552824397e+01
3.647977463399584064e+00
1.070598804567838869e+01
3.417760297502699274e+01
2.369305217605254299e+01
2.464509096140185207e+01
3.438064718087725424e+01
-3.611374678684443040e+01
2.847953821214461101e+01
-2.843728698395063148e+00
2.829985654861746269e+01
2.101032126373906550e+01
1.845461602598915007e+00
1.516357925153919872e+01
-5.468723370415350615e+00
3.968670075782227258e+01
1.171355042994103357e+01
-4.941107405220961368e+01
