-1.987561333132016050e-01
3.672215050089701727e+00
1.279073511749459824e+00
1.413176820054943938e+00
3.267636603593539135e+00
4.143444542847860568e+00
-4.260068992361471629e+00
-2.728455680244978865e+00
4.939089706375206390e+00
4.391431323091618211e+00
2.534677077911749787e+00
-1.517409053078122572e+00
-7.430260825733856489e-01
2.375572054177748527e+00
4.257906444942535451e+00
-4.958061277957771296e+00
-5.812256682499997495e+00
4.052956224158323906e+00
-3.901437305919091436e+00
-2.595274914515573350e+00
3.227147321046893502e+00
1.958105547546040270e+00
-1.440293643532319645e-01
3.147836904051450002e+00
-2.052516708042210869e+00
3.252401605000243112e+00
-1.398388304437122809e+00
-3.458626180077744472e+00
-1.370549952711754615e+00
2.777228187346521437e+00
5.960328216475736518e-01
2.690457315501324054e+00
3.147830798680711251e+00
1.167738478211267417e+00
-4.176580033429422301e+00
1.308127083381956934e+00
-4.618529138796331424e+00
-5.666986489555763118e-01
-3.612078703007276737e+00
1.113356979132140046e+00
-2.859970142850399188e+00
3.210613699489990314e+00
2.685502234389726350e+00
-3.315114929814691802e+00
2.593005841004222933e+00
3.127326041877594331e+00
3.306718116548982955e+00
-1.347020433224886737e+00
3.915784707367230943e+00
-4.843897233788218237e+00
