-1.685046356252944832e+01
5.261495192764193973e+00
-1.877752696725792703e+00
-1.341650360847454948e+01
9.070301628219574752e-01
1.277989898262741342e+00
1.357393471657380246e+01
-1.075674328258615908e+01
5.334843979663750346e-01
1.049084510590661878e+00
-4.057219813510899797e+01
3.117298181482897945e+00
1.916749647585451299e+01
3.710692573299711583e+00
3.447590146678741974e+00
2.299427075209675664e+01
-3.441424394706111656e+01
-2.086367053867911991e+01
9.375137477339521297e+00
-7.198667601910129221e+00
1.099957755996574704e+01
8.876982784408866678e+00
1.249412118357804857e+00
2.060462857502109557e+01
1.807904977155159187e+01
-1.062074048831209616e+01
2.423606569212749307e+00
-2.023200998370601411e+01
-1.322353608518596246e+01
7.071796667725216423e+00
-1.376296850351842949e+01
-1.457852005523814221e+01
2.344896502781502523e+00
1.455371247788970912e+01
-2.547210189044712791e+01
-2.285427012569943628e+01
2.382977802224306174e+01
2.153900171188837120e+01
1.064028635311375837e+01
-8.900645891250286823e+00
-6.954436549814282387e+00
-5.445126322658487616e+00
-7.136852690050087489e+00
1.584628119235253685e+01
4.840408209350741231e+00
1.639603297532577031e+01
-5.114384595681887191e+00
-2.590624981237649749e+01
-4.241812765223781589e+00
5.788803087504254208e+00
