-2.627980303689939845e+00
1.842196218375451977e+01
-8.388867061740629794e+00
-2.158737526042996180e+01
4.626984107941568780e+00
1.871751365818499480e+01
-1.115866746095249162e+00
-7.077506917741454018e+00
-3.900636840759531765e+01
-8.981394590867369132e+00
-5.371040272294866469e+00
6.159236788433773313e+00
3.560580018086603360e+01
-1.131754355822441482e+01
-9.873327798357180995e-01
-4.064830289060068935e+00
-2.850917524901482736e+01
1.989909865675274148e+01
2.092439843315398917e+01
5.798616020973724972e+00
7.423337365164231372e+00
5.505919224237931786e+00
7.015509644809437617e+00
-1.513569332138266788e+01
-1.424913005022168022e+01
1.296191275868125103e+00
1.173106450324983108e+01
-1.236530291945582682e+01
-6.989826237759638516e+00
2.530437057836671499e+00
-3.782467232403802626e+01
-5.381824807195993543e+00
-6.627147619420147073e+00
-8.972459349292140729e+00
2.226580789838833141e+01
-6.525890130599701244e+00
2.856368366263704672e+01
7.934212392291951410e+00
-4.661219741814068840e+00
5.162156346231571824e+00
-1.892291040277975611e+01
-3.350522608093161381e+00
-7.679701233387831394e+00
-1.999300762644977070e+01
2.052095847262965478e+01
1.001463569321971114e+01
-1.469944926380447292e+01
1.389764022936949139e+01
-7.569526506992032111e+00
8.327393767953484627e+00
