-7.120544924253907837e+00
1.265258554454818452e+01
1.391229826429867877e+01
-1.749058318912794618e+00
-1.064885648634514403e+01
-2.142151841011826008e+01
-8.746448787145119752e+00
1.267186292037227702e+01
1.415858454925784393e+01
5.904555424665325347e+00
-1.299594674282611706e+01
-1.681267995371405988e+01
-6.679083396435709474e+00
1.384496231258373911e+01
-6.039876143545598097e+00
1.073530610108649697e+00
-2.364733766067010912e-01
1.088166327551759238e+01
-3.078690893705214293e+01
1.236922224143048865e+00
1.432828842197517716e+00
-3.697400063082704946e+01
3.951700900951862394e+01
-9.999897695886698301e+00
-3.290441306663036869e+01
1.891780708581680415e+01
1.895643850680911235e+00
7.149646368550282460e+00
2.072527722470486822e+01
6.994089568531668633e+00
7.322547429882683367e+00
3.227334271599954008e+00
-9.769459680213662622e+00
-2.773076366835940831e+01
5.496156323858804704e+00
7.262394342136067493e+00
-3.741432791711048367e+01
-1.537269310689399759e+01
1.341392630412955000e+01
1.352352178160998619e+01
-1.368159707150175564e+01
-1.566502243950910156e+01
7.612679949578699201e+00
1.299633378916771775e+01
6.961944425190223384e+00
-8.779622348134234144e+00
3.828481604714939479e+00
1.152347470447832478e+01
-5.054689356319098437e+00
6.262203245392392148e+00
