-2.850806257072310501e+01
-1.603388335712701362e+01
-3.424869186185947711e+01
-4.584376596600889542e+01
-1.816007144758232883e+01
2.568059173296942177e+01
2.482118624265796214e+01
1.135147597657399388e+01
-1.221061532721273934e+01
-7.932039606766950746e-01
2.345391879721019990e+01
-3.150091882794633591e+01
-9.055099655574249340e+00
5.693519990792592189e+00
1.579302063827783975e+01
-2.156682810255202654e+01
-4.333427570418677277e+01
3.279893619402061589e+00
3.107966371715584586e+01
-2.993773013127569982e+01
2.545767739326696244e+01
-1.877969946520284239e+01
1.976014839408214741e+01
-2.437994063092788366e+01
3.024671664062401533e+01
7.048188591144104009e+00
-1.242207221826615005e+01
3.173332224814400249e+01
-3.589308476337178888e+01
-3.421893557405920916e+01
