-2.855450700217813420e+01
-1.610627294383156993e+01
-3.427109910848567154e+01
-4.572302390017464546e+01
-1.805909280515826509e+01
2.570451669457091270e+01
2.466902990521385775e+01
1.123089849003098806e+01
-1.195461247524188053e+01
-8.302199920325150639e-01
2.340905033688732928e+01
-3.148427478676600444e+01
-8.996836229409117536e+00
5.683029503675430583e+00
1.566149447724530397e+01
-2.173526568033595652e+01
-4.333175921173172185e+01
3.426059031688924783e+00
3.118832163989977246e+01
-2.978201323639999387e+01
2.537036431033943984e+01
-1.864409595135418485e+01
1.980191735500192607e+01
-2.442719495812402641e+01
3.042490942785340380e+01
7.129033588306947777e+00
-1.242752879808230659e+01
3.178757027676241620e+01
-3.607777902624605559e+01
-3.437192734466412958e+01
