-2.855463167665584834e+01
-1.610617995772797784e+01
-3.427114252344431833e+01
-4.572305375869621713e+01
-1.805913277254130023e+01
2.570464058384966322e+01
2.466883563968524129e+01
1.123092401964079912e+01
-1.195459215143915266e+01
-8.302504611533456647e-01
2.340920987615949400e+01
-3.148435820588810685e+01
-8.996695446413463415e+00
5.683051973194436890e+00
1.566145130220030168e+01
-2.173524926952769576e+01
-4.333176019986017735e+01
3.425944911814738703e+00
3.118821612617914951e+01
-2.978219447287370869e+01
2.537024517538650059e+01
-1.864426779713502214e+01
1.980196437559012423e+01
-2.442733597385979749e+01
3.042504391324435531e+01
7.128943994024546704e+00
-1.242745611718954990e+01
3.178759198439760070e+01
-3.607781030068491646e+01
-3.437183206035895466e+01
