2.078403771262578666e+05 0.000000000000000000e+00
9.856631973635331087e+04 0.000000000000000000e+00
1.713619325314715097e+05 0.000000000000000000e+00
2.448708466009121621e+05 0.000000000000000000e+00
1.636750341247546894e+05 0.000000000000000000e+00
1.183740026232806704e+05 0.000000000000000000e+00
1.550966386994767527e+05 0.000000000000000000e+00
1.500521561660765146e+05 0.000000000000000000e+00
2.444401230352757266e+05 0.000000000000000000e+00
1.029031292109842034e+05 0.000000000000000000e+00
2.871901161588725518e+05 0.000000000000000000e+00
1.906245994855035096e+05 0.000000000000000000e+00
2.200419858761609357e+05 0.000000000000000000e+00
1.934663899955756788e+05 0.000000000000000000e+00
1.975649540954181284e+05 0.000000000000000000e+00
1.772081612796891714e+05 0.000000000000000000e+00
1.926983252267887001e+05 0.000000000000000000e+00
1.127213906572666310e+05 0.000000000000000000e+00
1.251865255826068897e+05 0.000000000000000000e+00
1.262280401610830741e+05 0.000000000000000000e+00
1.638107752195072826e+05 0.000000000000000000e+00
1.112951812118187372e+05 0.000000000000000000e+00
3.039506976166622480e+05 0.000000000000000000e+00
1.540782429913250089e+05 0.000000000000000000e+00
1.233080969694139349e+05 0.000000000000000000e+00
