-2.932981846953614991e+01
-1.771461446130672712e+01
-3.427010445765358071e+01
-4.588158406306558135e+01
-1.902905509006489027e+01
2.680816650830877990e+01
2.501661623903644482e+01
1.033177107455570720e+01
-1.233885882532590372e+01
-2.040352883325845301e+00
2.410579997940211427e+01
-3.209738975470399680e+01
-9.111035134801499069e+00
5.289374378081869388e+00
1.568820087406511021e+01
-2.006803813251855217e+01
-4.413238704883250563e+01
3.566654879852577675e+00
3.088135010730642804e+01
-3.028183395356652596e+01
2.575854466396080866e+01
-1.996397665196763427e+01
1.905722639782101524e+01
-2.140798755695950462e+01
2.893753611993069441e+01
7.848516218825768220e+00
-1.149254008698657792e+01
3.141225414431969298e+01
-3.511636461674940080e+01
-3.526608432421343764e+01
