-2.901082051419299646e+01
-1.642170987304033147e+01
-3.498426788728768599e+01
-4.616829997993377077e+01
-1.723617138484514300e+01
2.637382258372517541e+01
2.535380737623143332e+01
1.272386923206777176e+01
-1.080029261024560050e+01
-9.775605565335308000e-01
2.352492374082736859e+01
-3.269861589580906269e+01
-1.087893657715809859e+01
4.302642029122463185e+00
1.808195559985424339e+01
-2.084459815179389608e+01
-4.231316717234675195e+01
3.027647747367611775e+00
3.272865580462039503e+01
-2.948636073263180180e+01
2.572483745977422487e+01
-1.684229676390121355e+01
1.860099934601923977e+01
-2.448342012266246925e+01
2.787097815751968710e+01
6.707983898878029372e+00
-1.341062691077278579e+01
2.987030021779630573e+01
-3.739202487304672928e+01
-3.311433477500386857e+01
