-2.900073612329406103e+01
-1.366532653844629763e+01
-3.405805798426818143e+01
-4.526410518569198871e+01
-1.718820384760616093e+01
2.765414182424994749e+01
2.636689525664915479e+01
1.254668156636798493e+01
-1.215604758305826039e+01
7.096190076685064962e-01
2.349794572844943374e+01
-2.977809769881877600e+01
-9.198377492226708085e+00
5.404673838589571844e+00
1.380876375758952435e+01
-2.329060008403466497e+01
-4.265094786988422726e+01
4.269472270119463175e+00
3.101368197510939240e+01
-3.034787077692032042e+01
2.570567464036187744e+01
-1.811171311439041176e+01
1.892462267377048590e+01
-2.657121946122413902e+01
2.961150020305153419e+01
1.008917305729644376e+01
-1.527058762772995593e+01
3.035210647329684619e+01
-3.576022969833152843e+01
-3.627912210905905255e+01
