-1.089219878261559593e+01
7.396819677226260659e+00
5.585031349853949223e+00
-6.119495275606267271e+00
-1.657855861257959162e+01
-3.843259305023027039e+00
-2.218591460282069772e+00
-3.846764631372449728e+00
1.460860534781271092e+00
1.302277886369511428e+01
4.461211420179310494e+00
4.457593414522834863e+00
-1.326448723384286055e+01
3.507586526480654499e+00
-7.673659119039842658e+00
1.583512874902080547e+01
5.032116807177107631e+00
-1.318244353855863693e+01
1.759336808674393904e+00
-1.871922341905354159e+01
6.761574714650913975e+00
4.118331882383679421e+00
-7.894384947635741057e+00
2.466662883290676511e+00
-1.620314820699211111e+01
-1.105671087036421518e+01
1.862819021540701669e+00
-9.908171872725281659e+00
-1.170305834003976386e+01
-7.793083661059486467e+00
-2.042309818226193840e+00
3.809065381355791757e+00
5.028780510799538028e+00
-4.493892421121271852e+00
9.263918713335753452e+00
-3.039381478956270755e+00
6.401434001330635226e+00
1.131073918006579859e+01
1.050388431141705325e+01
-6.689397945545325186e+00
-2.606442568447025820e+00
-2.662083027644102984e+00
-9.781728209096328897e+00
7.643980672699127510e+00
-2.080216710888604492e+00
9.226989747744930526e+00
-1.170175290482038832e+01
2.084553539516889487e+00
-1.037593449979962834e+00
-1.113692689671368008e+01
-2.213458833320000707e+00
1.902736493663389261e+00
-5.304544834101524664e+00
-2.077278506815761538e+00
3.758545862175255436e-02
8.406087810908081437e+00
2.240840042911735885e+00
3.176164772336328657e+00
9.008777358868588436e+00
-1.669680278518557159e+01
-1.528694850244550807e+01
4.869391528103248490e+00
5.749205681836475179e+00
8.487740361971374270e-01
1.583701387034857078e-01
4.912587903880879736e+00
4.929972889299949479e-01
2.941675678508955727e+00
-2.580866601317672426e+00
3.058230715839927782e+00
-1.882099963749991112e+00
-4.097608392700870183e+00
-1.756810072966587200e+00
-2.858138732795116965e+01
1.252245085228283372e+01
-4.979201317264061455e-01
-3.132501466879848984e+00
4.079821832538157445e-01
-1.139011388221958576e+00
2.483419822519568942e+00
5.824352691540444660e+00
-2.161860407374997628e+00
-1.753124969183936344e+00
-2.226146854672574449e+00
7.261943097639575129e+00
-2.529419841846305417e-01
1.273375961409060331e+01
3.322601593651145713e+00
-3.360507063330032906e+00
1.665856280230473274e+00
-1.069721804107235563e+01
7.484263712561887161e+00
7.262782195558642684e+00
-3.117903333151826217e+01
-7.921651499895808968e+00
1.573722370332753417e+00
-9.818936057144281193e+00
-1.095100113838019773e+01
-1.855990114777816657e+01
-5.926704913047293743e+00
