1.088849761967085783e+01
7.192707928948363971e+00
1.767714852265881120e+01
-1.755715274854806651e+01
-8.385157096779265018e+00
9.732926530931633735e+00
2.631312609019030191e+00
-8.512460002201978071e+00
-7.578117151549152997e-01
2.067559597253936232e+01
-1.358462034907148386e+01
-5.998805340061258207e+00
-9.769757886302553374e+00
-1.178482933741282324e+00
-6.203507792198607262e+00
5.838075832479563410e+00
-6.578002831945477524e+00
-2.734658755848757394e+00
-4.655377338026926992e+00
-2.173399424345021202e+01
7.582202018886252226e+00
1.660500466075266246e+00
-1.257604852940377782e+01
-4.362984216898434298e+00
3.504631864763122273e+00
-3.060085561468005366e+00
-2.431471327958032802e+01
2.100903972941809528e+00
-2.165334117953676696e+00
-2.774939239648132983e+01
-1.163539997492807743e+01
7.843413782605704654e+00
-1.233635868293126059e+01
-2.011297607502928741e+00
1.370699056969256269e+01
4.357537073483032763e+00
2.471022732051597615e-02
-2.356750903448919132e+00
9.504733042590075343e+00
4.220250438586319319e+00
-1.746056635105465205e+01
-3.619577086243419117e+00
7.814133433636630599e+00
7.246539561945479768e+00
1.860949740000748420e+01
2.782499007362394305e+00
-1.366295833132899773e+01
6.923012551013432159e+00
-4.010930353628150868e+00
8.423740087248422270e+00
-8.621738675186350065e+00
-8.136729620082114423e+00
1.226193121159700183e+01
5.827487913526921304e+00
-5.960756441574924125e+00
6.548675084536739632e+00
-2.231989599319030404e+00
-8.242548987043955222e+00
5.579276249716821567e+00
6.374309396108499115e+00
3.332401570233387122e+00
-1.096782873910074674e+00
1.860157465025383061e+01
4.932622225242667469e+00
-1.841421543754839973e+01
6.865526306733571005e+00
-4.116453125778184230e+00
-3.254485203317861508e+00
-1.989123853570948341e+00
-1.333678267468306977e+00
1.741532407303961349e+01
5.896500597227912088e+00
-3.491758783002368194e+00
-5.329292458461631909e+00
1.003302043476510796e+01
1.307332838260498509e+00
-9.748883639777785604e-01
-2.517045782653541863e+01
-3.909354901049493236e+00
-2.255245624277172567e+00
-5.664890120567242171e+00
3.088054432684761430e+00
-1.713270219636020331e+00
4.983299695209169045e-01
5.639806095485906390e+00
-2.135314641083761344e+00
-1.181382400127997379e+01
3.884795928397901221e+00
-5.045096708463887580e+00
3.139425761461776432e+00
5.565548891565049061e+00
-5.577287021113635390e+00
1.523135487152398682e+01
-1.542492785709103664e+01
5.653748209155279980e+00
4.683832168050398259e+00
-1.642682771259517338e+01
-1.434648601764522269e+01
-4.343693619672696116e+01
-3.080934378737339685e+01
