1.876603241270557332e+00
2.484995573491993071e+00
-4.996606777774948327e+00
-8.464228957564266409e+00
-4.111615305115401853e+00
4.741166553110558013e+00
-7.913893926132307577e+00
-8.841854029553740446e+00
7.768799254020428702e-01
1.727818417443565480e+01
5.431602714015945743e+00
3.047493851312406576e+00
-2.521639246079462993e+00
1.326329688157671605e+00
-1.617074930361870599e+01
7.000827423026327878e+00
6.943322200526478305e-01
-8.815281485021859709e-01
-9.704793828603797579e+00
-1.008601397492066809e+01
3.857207174703538577e+00
-1.735558919144128254e+01
1.198438109104165683e+01
-1.692067601949363453e+00
-1.092674132919298913e+01
5.091692469795283671e-01
-5.148536717950936037e+00
2.698092687729600314e+00
6.035508647002231442e+00
-1.374147707596266699e+01
-2.325738827979023093e-01
-1.179523002555565192e+01
-1.014890157555824235e+00
-7.175536409893652490e+00
-1.156656885789692346e+01
-1.166589887247640789e+01
5.547560176769238183e+00
1.109331818623202182e+01
-5.769939840828605782e+00
1.063077148375704217e+00
-1.856193492847957671e+01
-2.406117553486342153e+00
-1.097500058102851339e+00
7.065520167572056920e+00
7.428731496809907853e+00
1.334550282215167982e+01
-2.921258439721763800e+00
6.097740760382670544e+00
6.817245654840276003e-01
2.476820169737996125e+00
1.014917964938146788e+00
7.452139792252964412e+00
3.485672512443908744e+00
-2.354973576007911018e-01
-3.010248714710188178e+00
3.618543669017126874e+00
-1.143886122905822944e+01
-1.808679060230421465e+00
1.521723660229423913e+01
1.093636800232484241e+01
2.373144412195125064e-01
-5.491622135719990361e+00
-4.914944197085015176e+00
-1.737483428943152575e+01
-1.633455427597261433e+01
-4.071205654948972352e+00
7.403683507473618697e+00
4.844073368223907217e+00
1.569451399433428929e+00
1.034289767329724974e+01
1.252629198273209532e+01
6.194446819550496031e+00
-4.030953010955144578e+00
5.626446846498034837e+00
-6.888504612641773939e+00
-1.044549850070520236e+01
1.453419720990653197e+00
-1.094993508459373999e+01
-2.830064350783903393e+00
-1.018997550174408406e+00
7.299095398093605747e-01
-3.511263410312119415e+00
1.533933074362781923e+00
-1.441350448217548319e+01
1.239256741089179670e+01
1.806970771399687870e+00
-1.038330530300752841e+01
-3.970289057342330175e+00
-1.072340775170673943e+00
2.009758943678168208e-01
1.612365814866830505e+00
7.665562901237743532e+00
5.871081247364489997e+00
-8.915453616598542297e+00
-2.086808748178608752e+01
4.279267526501537411e+00
-2.077259265410808098e+01
-6.548182060667182114e+00
-1.669951167745427156e+01
-2.391170621529134266e+01
