-2.657290182832694825e+01
-1.602068964053010447e+01
-3.426747304508386804e+01
-4.581802781480992337e+01
-1.807966527310278337e+01
2.572596972141284155e+01
2.471654935685063492e+01
1.121571949013475589e+01
-1.213661121845236934e+01
-9.155046668680029143e-01
2.340529958742738970e+01
-3.146506738717941332e+01
-9.066300482297281249e+00
5.735038383726576150e+00
1.568415943624477649e+01
-2.158248955192363638e+01
-4.337021782628310262e+01
3.353632682938767484e+00
3.114523876127979918e+01
-2.990395080998246158e+01
2.543268873262199037e+01
-1.867393921995944339e+01
1.974923426974142870e+01
-2.442752910207689965e+01
3.031124349461130407e+01
7.076424413930933355e+00
-1.241642164497544698e+01
3.172482636267179856e+01
-3.595470724425591413e+01
-3.430049411510515966e+01
