-4.744259340076845888e+02 0.000000000000000000e+00
-4.744197321660781768e+02 0.000000000000000000e+00
-4.618334366962735089e+02 0.000000000000000000e+00
-4.618208995476630321e+02 0.000000000000000000e+00
-4.618253102030821537e+02 0.000000000000000000e+00
-4.744259339073195747e+02 0.000000000000000000e+00
-4.744259337720027929e+02 0.000000000000000000e+00
-4.744259343102086746e+02 0.000000000000000000e+00
-4.744179927852671312e+02 0.000000000000000000e+00
-4.744227931846089632e+02 0.000000000000000000e+00
-4.744259344689828026e+02 0.000000000000000000e+00
-4.744259342622047484e+02 0.000000000000000000e+00
-4.744259343735493530e+02 0.000000000000000000e+00
-4.744259343908047413e+02 0.000000000000000000e+00
-4.744259342145637675e+02 0.000000000000000000e+00
-4.744259344169040560e+02 0.000000000000000000e+00
-4.613246876774787211e+02 0.000000000000000000e+00
-4.744259343289581921e+02 0.000000000000000000e+00
-4.744259346445153938e+02 0.000000000000000000e+00
-4.618334415809669053e+02 0.000000000000000000e+00
-4.744259334364877532e+02 0.000000000000000000e+00
-4.744259345794958449e+02 0.000000000000000000e+00
-4.744259345283128368e+02 0.000000000000000000e+00
-4.744259345369529797e+02 0.000000000000000000e+00
-4.744259346344920232e+02 0.000000000000000000e+00
