-2.857287675903326019e+01
-1.602069290723798645e+01
-3.426735012257263691e+01
-4.581811210221962938e+01
-1.807978117002969043e+01
2.572567903614788065e+01
2.471656393254130890e+01
1.121571947556021875e+01
-1.213661714096280519e+01
-9.155066685866475318e-01
2.340530970079989714e+01
-3.146470654581457183e+01
-9.066299481058852194e+00
5.735014652965078952e+00
1.568416701796991752e+01
-2.158247349996771192e+01
-4.337023138745606587e+01
3.353632149128866757e+00
3.114533340635007974e+01
-2.990395091287526341e+01
2.543268918776019305e+01
-1.867392973666240863e+01
1.974923096422759627e+01
-2.442752405940360205e+01
3.031123770315396726e+01
7.076420586088267406e+00
-1.241641674371130932e+01
3.172483312852748583e+01
-3.595470418731616746e+01
-3.430051218747880171e+01
-5.950190287642403320e+00
4.163390334852614671e+01
1.788017878927274751e+01
3.647973515399347999e+00
1.070598809156848397e+01
3.417760163375863414e+01
2.369305366419809644e+01
2.464509164773269134e+01
3.438064711688131325e+01
-3.611374652508645511e+01
2.847953611833283816e+01
-2.843728527418611485e+00
2.829985674895273462e+01
2.101032314669821233e+01
1.845463130194683998e+00
1.516357853944025180e+01
-5.468721789156424151e+00
3.968670067080559249e+01
1.171355239405982473e+01
-4.941107399433653313e+01
