-2.857287676649118424e+01
-1.602069291431346443e+01
-3.426735013359375159e+01
-4.581811208658960766e+01
-1.807978113235236961e+01
2.572567905044116898e+01
2.471656390036148920e+01
1.121571950789808980e+01
-1.213661714388691060e+01
-9.155066582275538378e-01
2.340530969421324414e+01
-3.146470655895863899e+01
-9.066299497257281459e+00
5.735014595779899693e+00
1.568416694562787583e+01
-2.158247347054115295e+01
-4.337023142906510031e+01
3.353632157042906403e+00
3.114533333962416251e+01
-2.990395094375977791e+01
2.543268919908905445e+01
-1.867392974794288563e+01
1.974923094104876142e+01
-2.442752403614172962e+01
3.031123765703760142e+01
7.076420615088014898e+00
-1.241641668909414520e+01
3.172483307363833660e+01
-3.595470422241320563e+01
-3.430051211266410860e+01
-5.950190280004265198e+00
4.163390332264123117e+01
1.788017877698889180e+01
3.647973449898997522e+00
1.070598800992355848e+01
3.417760161132771657e+01
2.369305367671475437e+01
2.464509165419217140e+01
3.438064714614913697e+01
-3.611374656620431267e+01
2.847953611147133657e+01
-2.843728489674657300e+00
2.829985670072897008e+01
2.101032316232105757e+01
1.845463150325733714e+00
1.516357857949817145e+01
-5.468721781226782319e+00
3.968670070598636812e+01
1.171355240900112804e+01
-4.941107402630888856e+01
