-1.982201146340079845e+01
1.801472551804968347e+01
1.302276828602128234e+01
-4.007725067054714430e+00
-1.118209553055542216e+01
-9.038818251555820638e+00
-1.856208259062987764e+01
-7.863847861487954560e+00
-5.834175569011372353e+00
2.062296679482176742e+01
-4.033606357633638950e+00
-7.477365484390579020e+00
-6.949969171244664068e+00
-9.446685726444831843e+00
-7.343097071705201984e+00
5.806619929691511750e+00
-4.923547972096395497e+00
-2.194397958050891972e+01
-2.462753300706178194e+01
-1.115696709237375650e+01
-7.702982860075184846e+00
1.008830247791519596e+01
-1.896132493449651690e+01
-1.588824819666508326e+01
-3.260276965270866611e+01
-1.585400890383379746e+01
2.927458781085409356e+00
-2.860244529629386534e+01
-1.946271245964976515e+01
-3.343370123117876602e+01
