-8.186137838547175249e+00
1.322814013207573325e+01
-2.225498306175177277e+01
-3.770208942678070940e+00
-2.614593456241469482e+01
6.987860756325151357e+00
-4.535450133159781849e-01
-1.419295674385582373e+01
-1.068208950812347169e+01
6.065550909238899280e+00
6.343731519380614969e+00
-6.641048885160948601e+00
-9.264990201395322700e+00
6.482734356130857023e-01
-3.761570743006363848e+00
1.252757096876698739e+01
-5.664788545738996817e+00
-1.036347471292168620e+01
-3.892013161722714187e+01
-1.047535224610970950e+01
-1.534514361516125192e+00
4.064685923830246850e+00
1.611240774687397703e+01
-5.763780486321996577e+00
3.061061980493278156e-01
-2.031824414469038231e+01
-1.640571804259652211e+00
-5.271505050657916769e+01
-5.836081672599890524e+00
-5.930087491068858441e+01
