-4.101993693947848740e+00
-1.182389784239099351e+00
1.775494332538160691e+01
-3.185704608831737339e+00
-2.074424757872435165e+01
9.699550943256706859e+00
-3.243033306024089768e+01
-7.066988102587822951e+00
2.566092293389456103e+00
-7.252482315463225859e+00
-1.081704002386348407e+01
5.049136899726797800e+00
-2.796528136676800003e+00
-2.304758564090814588e+01
6.866821146881271432e+00
2.058137651073997176e+01
-1.459418029482738355e+01
-2.186054501676123607e+01
-4.469252286579869171e+00
-3.296878553643247223e+00
-2.932013452885975369e+01
-1.715256136255973374e+01
-5.093951303182444690e+01
8.033757295305008483e-01
-3.377298277008465277e+01
-9.444782962703975215e+00
-1.360763728440375075e+01
-1.801153851794221339e+01
-3.274286330273390888e+00
-1.060985530999251125e+01
