-6.891292548738849177e+01
-5.785391374403069165e+01
-7.632968509069139884e+01
-7.427131127292486212e+01
-6.929300089784541683e+01
-7.337060314016100904e+01
-6.913214161129182855e+01
-6.489702994709448092e+01
-6.727240430711961494e+01
-8.463887325317132593e+01
-7.230952799350063742e+01
-7.203887729349324331e+01
-8.052241124831071772e+01
-7.879179979436101178e+01
-7.249883742238532136e+01
-8.143686506759331678e+01
-6.985346753392428809e+01
-7.295461281584888980e+01
-7.336081288914027709e+01
-6.271689902041117648e+01
-7.437557215240163089e+01
-7.370001763065727118e+01
-5.776986364229600923e+01
-6.569126250781245346e+01
-6.388587608276225183e+01
