-4.117758639682156740e+01
-9.637960195788264173e+01
5.874863490198643490e+01
-2.993999804067469483e+01
-7.563789362706987163e+01
9.592832612864921771e+01
5.689142083040785280e+00
4.717807900580339009e+01
1.330392522645074038e+01
-1.436033833897640477e+01
-9.677399556679662229e-01
-7.082503655819991195e+01
3.629958659492220363e+01
-3.242123390164918817e+01
3.839837063019778896e+01
-1.057154377645632337e+01
-2.719670312444852556e+01
2.280362239984940942e+01
5.557490831549108634e+01
7.745699442462984052e+01
6.921963105157800555e+01
-1.698034476751075772e-01
-8.526911276577631327e+01
-8.212614234958516590e+01
-5.964154516018999175e+01
-4.354991545637811612e+01
7.108526473456177541e+01
-3.962796410060794017e+01
4.160186171191426752e+00
-1.643642107725510471e+01
3.574924622600246238e+00
1.804336680228290746e+01
4.286171697386734536e+01
5.865792318436255925e+00
-1.957243352275384041e+00
-5.186400972278654820e+00
-5.835051403716158802e+01
4.863504305007872830e+01
9.206134931162407042e+01
8.963613560888201448e+01
2.686963158030016530e+01
9.716977626337873630e+01
-3.731560496047794118e+01
-9.480036832666058899e-01
-2.522985996273307308e+01
-5.238411557894734472e+01
7.748337659795049603e+01
-1.755318705772313592e+01
-4.139061387551669213e+01
-2.999390223292495961e+01
-4.041070521820415706e-01
-4.519198727688756634e+00
-5.470397235568908201e+01
-9.143040334846581629e-01
-1.684510752187484428e+01
3.764394484396385820e+01
-7.565794772743254271e+01
-8.370028012081141355e+01
4.959289517832808514e+01
-3.753881147974520616e+01
2.138238730515468689e+01
-3.658674994886101928e+01
9.134267935124697146e+01
6.114952498803117464e+01
-7.785383186894185314e+01
-3.877887452658143275e+01
-3.749174833299077392e+01
-2.904398315824529675e+01
3.246097200085763745e+01
1.054513453905327935e+01
-1.290380987640528332e+00
-5.443514730601904716e+01
-5.224105566882530383e+01
-6.161638828585559224e+01
2.025514288239648408e+00
3.347009734410960391e+00
9.564029924022821660e+01
4.545868024801912100e+01
6.703238546966748856e+01
2.011693441261990500e+01
-6.237872809626331616e+01
8.304705413974221528e+01
2.695139459450459185e+00
-8.261377356385951032e+01
-3.865246771738017628e+01
-1.825555136195382033e+01
-7.925719786602431327e+01
-3.833165763540022652e+01
5.487825826848334643e+00
1.277798191655116611e+01
3.702813651186097843e+01
2.546903125897586051e+01
-5.124775566500616719e-01
2.074437049665970534e+00
2.915074924816875068e+01
-4.419253916350491806e+00
-8.194423610088431076e+01
4.822305304219664635e+01
-3.264926874473461993e+01
8.164493595298839068e+01
