-1.304690469318882329e+00
-1.087663994346342644e+00
5.325817481094812678e+00
5.506864791446348661e+00
2.955072503377947912e-01
-3.670938110384590836e+00
-2.873330195583208457e+00
-1.784464367349318792e+00
2.452448285683186402e+00
2.785659811445157619e+00
5.289006842188194391e+00
-1.651653254375928803e+00
-2.345548574001346864e+00
2.890382348114166611e+00
5.499367989313785898e+00
4.327987172583896758e+00
-3.426498082173131898e+00
1.386674442453906364e+00
2.057341185616156309e+00
2.988911974432792107e+00
4.783199493643012445e+00
-2.693293458910512861e+00
-7.222439200947891047e-01
-4.059499286389466555e+00
1.224151997752742360e-01
-6.085218588727949298e-04
-4.767264646031862618e+00
-1.395675615229660771e+00
-8.763944542783655423e-02
-1.069672600904433946e+00
