-2.857287679313887452e+01
-1.602069284390800163e+01
-3.426735020828959222e+01
-4.581811206834321837e+01
-1.807978113236092099e+01
2.572567901077696106e+01
2.471656417597712974e+01
1.121571892913777191e+01
-1.213661672865127983e+01
-9.155069367311707840e-01
2.340531040235850213e+01
-3.146470687036597980e+01
-9.066300417000510592e+00
5.735015786337692489e+00
1.568416685278843126e+01
-2.158247434366552753e+01
-4.337023059804210590e+01
3.353631748967956572e+00
3.114533298110722370e+01
-2.990394948996478064e+01
2.543268852308402117e+01
-1.867392993298446768e+01
1.974923112510763090e+01
-2.442752408427352506e+01
3.031123790764504733e+01
7.076419953435064691e+00
-1.241641608957402276e+01
3.172483292064963223e+01
-3.595470424107679008e+01
-3.430051230238122173e+01
-5.950190036524820592e+00
4.163390306851928813e+01
1.788017933306911544e+01
3.647972899109024336e+00
1.070598827708290557e+01
3.417760161753302839e+01
2.369305367945841567e+01
2.464509171865690362e+01
3.438064699632921162e+01
-3.611374634098718417e+01
2.847953553001580573e+01
-2.843727969696106861e+00
2.829985637048575597e+01
2.101032324949498076e+01
1.845463231338217769e+00
1.516357807855174578e+01
-5.468720823200420966e+00
3.968670010558300021e+01
1.171355238930375720e+01
-4.941107389705017283e+01
2.073509155361897172e+01
4.802638537410832242e+01
-4.279755588887907436e+01
-2.678821541183188870e+01
2.648576142572391134e+01
3.041237534780096397e+01
3.774266502844594839e+01
-4.626394179960562525e+01
-1.839455936743162923e+01
-2.268409377400591254e+01
3.751905296520249777e+01
7.855536722444549369e+00
1.926812273318966007e+01
-4.202561087876119217e+01
4.896307468750168823e+01
2.461281068941892158e+01
4.058018546876535027e+01
4.402366809221970811e+01
-4.531879969693437005e+01
-1.255021613425727800e+01
1.379595320942671322e+01
-2.560425245591149146e+00
-4.083788477673731165e+01
-3.029882203453869050e+00
2.590618079060572754e+01
-2.964044709210261530e+01
-2.036560942472311453e+01
-1.032501204761309133e+01
4.527341818891071767e+01
-9.840186295119288218e+00
-1.111151020626035368e+01
-1.823645634191433018e+01
-4.879068419758589670e+01
-3.230855112541548380e+01
4.906478958267690871e+01
-9.465411986345534601e+00
-1.702629695346629646e+01
4.844474694127617909e+01
-4.403309804500666047e+01
-7.477364029407068458e+00
1.331788783244737218e+01
4.697544921140338658e+01
2.382466455456206944e+01
2.720392157853904536e+01
2.677428516994633512e+01
1.466167848209367008e+01
4.063552235716206162e+00
-3.106116725877323681e+00
-2.122634209549269002e+01
4.980461842532014316e+01
