9.993157542390310510e+00 0.000000000000000000e+00
9.226193382060055015e+00 0.000000000000000000e+00
1.011946961987642801e+01 0.000000000000000000e+00
1.806292025954006419e+01 0.000000000000000000e+00
9.540491586003879476e+00 0.000000000000000000e+00
1.156340650310255391e+01 0.000000000000000000e+00
1.073898641860485803e+01 0.000000000000000000e+00
8.242816420936021515e+00 0.000000000000000000e+00
1.364075864138680316e+01 0.000000000000000000e+00
1.000097761007101482e+01 0.000000000000000000e+00
1.026402351013984671e+01 0.000000000000000000e+00
9.725588096849769215e+00 0.000000000000000000e+00
1.396979622242465702e+01 0.000000000000000000e+00
1.399004181737597818e+01 0.000000000000000000e+00
1.021283075143389851e+01 0.000000000000000000e+00
1.256030828607486782e+01 0.000000000000000000e+00
1.176546037961002433e+01 0.000000000000000000e+00
1.045104170042274916e+01 0.000000000000000000e+00
1.568220183578238114e+01 0.000000000000000000e+00
1.473947990676749775e+01 0.000000000000000000e+00
9.962402932775761499e+00 0.000000000000000000e+00
1.392933259160890813e+01 0.000000000000000000e+00
1.012673432420044861e+01 0.000000000000000000e+00
1.141792772432746084e+01 0.000000000000000000e+00
1.352603169984678466e+01 0.000000000000000000e+00
