-2.845997534463879219e+01
-1.629036136838159265e+01
-3.433966287716415167e+01
-4.574807065301819620e+01
-1.768278664175182513e+01
2.553320431234890719e+01
2.463493558015780849e+01
1.108793902721365221e+01
-1.198085998923501450e+01
-9.539691248136740187e-01
2.341184830280629114e+01
-3.153411661618416062e+01
-9.214242677520983804e+00
5.914540043079950848e+00
1.547853575294311312e+01
-2.167071093419414396e+01
-4.324664391722674850e+01
3.371505555245367436e+00
3.100107398009491888e+01
-2.980935035343721040e+01
2.511697590107496580e+01
-1.857014106160895395e+01
1.988666407315888662e+01
-2.421492543548403020e+01
3.046661362987073574e+01
6.818238894053161303e+00
-1.253342184397205372e+01
3.162449103257895544e+01
-3.613285200619648663e+01
-3.433589157354730048e+01
-5.885154099713926001e+00
4.173433564923090699e+01
1.813032727193505877e+01
3.633759335385858602e+00
1.082566347288017639e+01
3.433223765636607538e+01
2.349029327087285779e+01
2.481547178323992142e+01
3.439864286376722902e+01
-3.613013132841297192e+01
2.830773626607185633e+01
-2.958410870932140391e+00
2.803141258772397393e+01
2.075219112350892559e+01
1.658450897940947799e+00
1.528587148715177513e+01
-5.584341011585636672e+00
3.968968181296980902e+01
1.184033656209255803e+01
-4.934816688828015430e+01
