-2.892267070268569285e+01
-1.635655929320830282e+01
-3.449115462768340734e+01
-4.574853040133758242e+01
-1.796673838855996763e+01
2.564509406608180342e+01
2.462565119899607069e+01
1.155357480775379919e+01
-1.215994643250595253e+01
-6.767949701526239092e-01
2.358521950281250668e+01
-3.139801528178271184e+01
-9.081023328802922734e+00
5.842940738491934738e+00
1.553003955884268983e+01
-2.148365350048032241e+01
-4.354612288506413620e+01
3.458960232272160429e+00
3.084532160001625911e+01
-2.984491288724755975e+01
2.538743709294575268e+01
-1.848823235926955633e+01
1.990016773265277550e+01
-2.446390583086525794e+01
3.000313120402385891e+01
6.886944439242553173e+00
-1.227847752486510835e+01
3.165357157528133669e+01
-3.576976438206885689e+01
-3.430494935608986395e+01
