-8.645053778217635099e+00
-9.683349428914226564e+00
-8.067246379120007305e+00
-9.999999945802549917e+00
3.084485036905377342e+00
1.512075138697704046e+00
-8.916647714747035991e+00
-6.314645744604058919e+00
-3.765739517858074148e+00
-9.312395915022877446e+00
-9.899821279993155088e+00
-4.844443830147640462e+00
-2.959225071832656706e+00
-7.586679737332373552e-01
-7.480591361315741317e+00
-2.535088188949148336e+00
-1.688920750701543128e+00
-7.578075742859901709e+00
-7.061628561308886276e+00
-9.778499344262783666e+00
-4.807280545236354286e+00
-5.851817644989370848e+00
-8.162541071046382157e+00
-9.591570111741498650e-02
-9.679256404765531840e+00
-1.542166793566712713e-02
-4.266797027268081521e+00
-1.527006305895536542e+00
-8.169883208432981547e+00
-5.800457950826162223e-01
