-6.684454287013387841e+00
-9.722844610206665905e+00
-8.602504743644526997e+00
-9.999999875035944896e+00
-2.989410796667971937e+00
4.508135587627127627e+00
-8.739804751413306150e+00
-5.285240559092073909e+00
-5.115171830455658153e+00
1.183260448895644856e+00
-9.967508436388794024e+00
-6.269162509012576656e+00
1.912796194704165398e+00
-3.444248658117866846e+00
-4.208178133948132782e+00
-4.375043287257516234e+00
-9.034320291180361062e-01
-8.912055936471805495e+00
-7.565747135457537631e+00
-9.576441771627390409e+00
5.117504324908686897e+00
-5.171133384085900175e+00
-8.025867530163544927e+00
-2.610880043274289797e+00
-9.533039616272015238e+00
-4.757976643124369076e+00
-7.875089261223710224e+00
-9.046012737180415542e+00
4.255459098911067883e+00
1.170957165817070766e+00
