-8.321274484610805544e+00
-9.858066692447025048e+00
-6.951142482248911847e+00
-9.999999986525438089e+00
1.249421255679521892e+00
2.489607886355037714e+00
-9.645195743191742110e+00
-9.959516782019614212e+00
-3.105589644925812465e+00
-1.756315424541909920e-02
-9.909334973724602591e+00
-8.008256039473792498e+00
-6.850711082847307232e-01
8.386311489805846620e-01
-1.415221118968341685e+00
-2.108988354587911562e+00
-6.576722917545665403e+00
-8.678432878414962914e+00
1.285990093040540128e+00
-9.458216106179953897e+00
2.157887793772548690e+00
-9.046020702888441178e+00
-9.412698396218416974e+00
1.624829249552842469e+00
-9.787608897148023956e+00
-6.179463413287356488e+00
-6.344239770032616299e+00
-6.818580755738695487e+00
-6.991923199977468251e+00
-9.676967042135441455e-01
