-2.867266368243581098e+01
-1.609380485608192046e+01
-3.428239142010673390e+01
-4.567014407284421651e+01
-1.796390885743133481e+01
2.562344524774517751e+01
2.481261311614217746e+01
1.130830530208950080e+01
-1.223384643442606645e+01
-9.959108616902034861e-01
2.338980861640970232e+01
-3.139782227195300024e+01
-8.898078234387128305e+00
5.581145531077380539e+00
1.585155105651464069e+01
-2.156390329700779063e+01
-4.328754506162501059e+01
3.196315802625834479e+00
3.122120853601459345e+01
-2.982708708268083342e+01
2.551599423611853013e+01
-1.868998680036939675e+01
1.980504392886135179e+01
-2.428633810668263138e+01
3.033355979249116530e+01
7.103942142321788111e+00
-1.231665952815907517e+01
3.163401339176094851e+01
-3.598665949508227868e+01
-3.422865949562558541e+01
-6.093055599643485643e+00
4.162224853715749617e+01
1.787684226400002174e+01
3.627938024307164611e+00
1.074798107710645922e+01
3.416325862661800983e+01
2.366728601476122051e+01
2.467407914983230199e+01
3.438196734876921568e+01
-3.610296019278670343e+01
2.840555364706649399e+01
-2.586620076220553344e+00
2.832582638154459431e+01
2.089478218603485615e+01
1.861127883090892388e+00
1.518894534840200272e+01
-5.662084666826909363e+00
3.962882792415009447e+01
1.159139963616143731e+01
-4.946882979046901596e+01
2.068252654469039342e+01
4.812738498006737586e+01
-4.265888138747715885e+01
-2.679009090361191525e+01
2.666409811040516331e+01
3.025159249748284296e+01
3.774435973719242554e+01
-4.626187649591058459e+01
-1.840889322322434651e+01
-2.278861029742599698e+01
3.750651286020596586e+01
7.879984917546169143e+00
1.923587367869800246e+01
-4.199941015855185356e+01
4.886012190557135426e+01
2.451755772153802582e+01
4.056527270826514808e+01
4.395613393292541815e+01
-4.514902427812789654e+01
-1.242575045030925018e+01
1.372808535974367672e+01
-2.551594123756727672e+00
-4.081041190189384338e+01
-3.136628764988984575e+00
2.582039735698157656e+01
-2.958976591431164138e+01
-2.037785518893196368e+01
-1.050927242978581155e+01
4.529656015377988609e+01
-9.982058188123007270e+00
-1.107580768919703473e+01
-1.832469583080426290e+01
-4.884827819252943470e+01
-3.231088021572703894e+01
4.900819144881707956e+01
-9.443341968347246151e+00
-1.715091396815122948e+01
4.842506492776276872e+01
-4.396120328926511434e+01
-7.435133459923874533e+00
1.332607493575416768e+01
4.686868878144615991e+01
2.382372929426843911e+01
2.712143610920616155e+01
2.685212476972303008e+01
1.460934321536884894e+01
3.904494029298220870e+00
-3.194539234758953850e+00
-2.117513898043542397e+01
4.986897164280632921e+01
