-2.861076550222684745e+01
-1.601716956709301343e+01
-3.443807581911960369e+01
-4.586195087949818117e+01
-1.802045542728534144e+01
2.576608860901108855e+01
2.470198965307761085e+01
1.134357679352593706e+01
-1.218824866830069098e+01
-8.749436869495518243e-01
2.341249348579378164e+01
-3.147595526183833670e+01
-9.045512448488743473e+00
5.832571105263139266e+00
1.559461851473359673e+01
-2.148326879153863800e+01
-4.335838295514923857e+01
3.413074573619304442e+00
3.110223334966446274e+01
-2.997198565242118917e+01
2.545904649717774859e+01
-1.880370524624727580e+01
1.962026605264306411e+01
-2.444562263523738821e+01
3.032970582598019860e+01
6.932591685004720006e+00
-1.243976777184635552e+01
3.175367141434195872e+01
-3.590805570581233042e+01
-3.424867872388194456e+01
-5.804737276213359998e+00
4.165784366585648968e+01
1.789668521605938523e+01
3.793769417863394278e+00
1.049500610375973686e+01
3.410921387896868850e+01
2.368773656139424588e+01
2.472196085652746333e+01
3.429195983380006396e+01
-3.612827598576520671e+01
2.834247692151243569e+01
-2.827686171610765964e+00
2.828466051269766623e+01
2.095133408483949822e+01
1.889273072436990608e+00
1.511039844440775326e+01
-5.573071290531044220e+00
3.968345272269631607e+01
1.173969084417878150e+01
-4.958459031242002624e+01
2.073708260229573241e+01
4.804676983382707078e+01
-4.255454790421180178e+01
-2.683629252740223947e+01
2.635581030466471120e+01
3.040310921252159559e+01
3.790434425056197654e+01
-4.610629676282037792e+01
-1.831502972519576389e+01
-2.255056437224968491e+01
3.751363370686451049e+01
7.907605271310339745e+00
1.925382860691880182e+01
-4.194371248848702294e+01
4.911816758058190402e+01
2.471354000065517198e+01
4.060186196379613222e+01
4.403862696807622967e+01
-4.532727699468514260e+01
-1.255706446659097075e+01
1.370496635646370365e+01
-2.532109157676829980e+00
-4.091632227473316874e+01
-3.101566286270323047e+00
2.583297865968708962e+01
-2.966081283217564746e+01
-2.049467042751668089e+01
-1.028422496332585290e+01
4.521775701419257132e+01
-9.825764506669694143e+00
-1.099016052343110950e+01
-1.831216194683911169e+01
-4.878757093993452543e+01
-3.223420717306809991e+01
4.899327202946141568e+01
-9.520887791024392754e+00
-1.709177705206241527e+01
4.848892974074770734e+01
-4.403503062805754098e+01
-7.553097121818560744e+00
1.323936749345919139e+01
4.709567645961760718e+01
2.394161449252932172e+01
2.720577521104594965e+01
2.676355241683421937e+01
1.450651575013776018e+01
4.141261096097164085e+00
-2.978852433395792865e+00
-2.108593384325557096e+01
4.994548885367419899e+01
