8.835242692715610247e-01
4.296861005481278539e+01
9.048011315318498760e+01
-3.087570679724730383e+01
-2.268842446832246651e+01
4.150977426534623760e+00
1.940748273976785399e+01
-4.123834414166474005e-01
2.041880386186560514e+01
8.390204557380383221e+01
5.671520517657073412e+01
-7.693430583460553862e+01
2.951086061474418898e+01
-4.369565755834874210e+01
4.375548619721254084e+01
-7.797360933535800598e+01
-4.976198381326918252e+01
4.037961949554304653e+01
2.448990339210420331e+01
-1.245076633730895566e+01
1.746340525328610838e+01
2.468191348655041395e+01
2.776880508525524505e+01
4.731203290668836559e+01
2.486395799767744208e+01
1.475331512362724951e+01
8.288779685933779007e+00
-1.024748515845167063e+01
5.505517491439594835e+01
-9.939728194419863883e+00
2.290113657908052147e+01
-2.783743431459116380e+01
-7.115854597150701011e+01
5.628983112823685531e+01
-1.742808108151179525e+01
3.382602205037739651e+01
4.774195764730226443e+00
-2.512704672751217316e+01
7.385794609365170516e-01
-2.816315361416216589e+01
-4.983869620548311730e+00
3.071381046582735053e+01
3.549453770132645047e+01
-9.493841125092636446e+00
5.347110595572415548e+01
7.813097800736088061e+01
1.429016163080478208e+01
7.565246868520804924e+01
2.375536843078639038e+01
-3.486378613773062796e+01
2.570210686775798337e+01
-1.456158017958293271e+01
-3.593561179550251694e+01
8.610371448563954289e+01
-1.674711839715783412e+00
-7.604139449292428310e+01
4.553648682669599168e+01
-4.057412711939195304e+01
-1.088728436237744646e+01
4.622869020668191808e+01
3.362390868120422738e+01
-2.341910568980085827e+01
-7.244975169245378765e+00
-1.128988379831950439e+01
-9.313832250560707848e+00
6.740145765137498302e+01
-9.878304968756026483e-01
1.067447509635268688e+01
-3.699818896377250610e+01
4.966725105213321712e+01
-2.303452596818454978e+01
-1.068139401704431890e+01
2.298403170584341737e+00
-2.849257596345580623e+01
5.804391669262555808e+01
-1.749743073140570004e+01
1.855074114503088722e+01
3.901079306076447040e+01
7.886639560989675601e+01
-1.769050834611835654e+01
6.387334806473566573e+01
-1.171133923847754943e+01
-8.756330920518138328e+00
-8.096022903949402405e+01
-8.583233520177797615e+00
-8.781508946239893021e+01
-4.893586302432531454e+01
1.380405240592279625e+01
-7.229363738290533803e+00
3.584433127391172036e+01
-5.778463493261227768e+00
6.347149319022362590e+01
3.323344404082759240e+01
2.978583336073499765e+01
1.772345664338352123e+01
7.369770428228696346e+01
2.547836108474921346e+01
-8.242560288877641028e+00
-1.795255792321073329e+01
9.154408906400913537e+00
