-9.700607197473779308e+00
1.552536256511992008e+01
3.671353636540481347e+01
2.292556641981814636e+01
-1.768628829129968949e+01
4.695909898174022601e+01
1.518069181062834083e+01
6.914752977243831644e+00
3.959235260239547927e+01
4.214204452975510407e+01
-3.584344526500939310e+01
1.287490201813878699e+01
6.477446752918319284e+00
-3.056366241878053813e+01
-8.591694378994063186e+00
-4.982852063140253307e+00
4.375706443216799357e+00
-3.685001222094611251e+01
2.401643739041016090e+01
-5.783423307352919096e+00
5.588095625555197898e+00
2.857636135396773014e+01
-6.439914940383403064e+00
1.319151482989613378e+01
2.351517525165382594e+00
1.606671504220859248e+01
4.374804975869118095e+00
1.171607676212233962e+01
-2.962366080157451265e+01
-4.109345095771929124e+01
