1.484838632331587505e+01
4.678483332986924381e+01
-8.785464645731792643e+00
-1.474396405197166260e+01
-6.645032416235991946e+00
3.212490047189724862e+01
4.857262546429964800e+00
-3.523035483073015683e+01
2.185315219514827767e+00
3.252776528512749010e+00
1.470720000458015164e+01
-4.689482506072513956e+01
2.434583191884392761e+00
4.793511775598057767e+01
-4.709750812848172430e-01
-3.004309012349194674e+01
4.574526272655738524e+01
-1.574456655870472233e+01
1.510902401492597491e+01
-1.700820659168869042e-01
-4.202132873435940041e+01
-1.293635097658971489e+01
-1.985769850935808378e+01
-2.648197366181685197e+01
2.647759818555186939e+01
4.579414967942369685e+01
-2.286856531144987414e+01
3.657819804723244772e+01
-2.730098042918892531e+01
1.065166956681828836e+01
