-1.781536186253211085e+00
6.835074268690275900e+00
5.320401969712546197e+00
9.105913532655382170e+00
7.192378556914666987e+00
6.070997381926726000e+00
-7.548916047826792486e+00
-4.402092147372653308e+00
-4.275959411637904495e+00
-8.687802434070999169e+00
2.685149718120121598e+00
-2.005069182913536974e+00
6.469369792405485597e+00
-7.022843821333796477e+00
-7.219450965710680457e+00
-1.061155615425690790e+01
-8.822096668728409696e+00
-8.756890910818739826e+00
-3.069383019025965442e+00
-7.701969595572014882e+00
-1.955429349075716194e+00
2.659625557260573148e-01
4.790442965297740940e-01
-2.954511982603069242e+00
-1.032150819022677446e+01
5.830569362217493889e+00
1.026514388622048202e+01
5.171978649142462636e+00
4.144704143258341134e+00
-4.213854579306963721e+00
3.956808926326199849e+00
1.722527343704751912e+00
-3.202717741471823754e+00
1.282088817580763873e+00
-6.773711279170258059e+00
9.218487055259814156e+00
3.454452705678671798e+00
4.061477950545834936e+00
-7.092643899330310475e+00
-5.075301694057063884e+00
1.082201371971451831e-01
2.547740143625332632e+00
8.296815514961402016e+00
9.870108002151390281e+00
-5.040175939626212909e+00
1.575217100183666119e+00
-9.711107189612892654e+00
-3.740266110511857089e+00
4.567125560480150170e+00
5.222503833728734612e+00
