1.944520144000308193e+01
1.687508436592311512e+01
3.807768758198726289e+01
-3.195295646721562122e+01
4.683988554022062090e+01
4.700660150269230542e+01
-5.528047823942451089e+00
-7.818480280578508967e+00
3.212285432291589871e+01
2.941965587057401521e+01
-1.018663791474405578e+01
1.448364077195679300e+01
-1.577045861579311037e+01
-8.314767580603401598e+00
3.146605927925205037e+01
-2.757069449885310064e+01
4.036239164500503307e+01
-3.586177966360912706e+01
1.007762460553628259e+01
4.898772978522309529e+00
-9.006886859484771080e+00
7.431255263192200644e+00
2.972845439946230783e+01
-4.129809050714720797e+01
-4.038879832018513838e+01
-4.189046758838983919e+01
2.725523345343446735e+01
3.428701082087371788e+01
5.237345691321806385e+00
-1.817345813990704073e+01
2.525599594375209733e+01
-7.887077453286647000e+00
-2.074604117034584050e+01
-4.981644934532712199e+01
3.068442479771078979e+01
-3.044818552180218418e+01
-5.848258225421432144e-02
1.198920031594044033e+01
2.420466654481286639e+01
-4.621902108142481325e+01
-1.831268198815253356e+01
-3.504582124583208724e+00
-2.874322242002547867e+01
-3.843000050486817543e+01
-4.979385580515740628e+01
-1.716671121526147914e+01
8.481694539116499953e-01
2.592885107447907700e+01
3.980516649128226447e+01
1.400802384553345092e+01
-1.917449699334106228e+01
2.607213116195482172e+01
-2.753863481395428892e+01
-1.893866785613595738e+01
3.432633208653469126e+01
1.388543107803663545e+01
-4.874116916632815588e+01
2.014580646777994133e+01
-2.061295472156890085e+01
-5.340903085159927954e+00
-4.026485578547607247e+01
-4.972286529781911213e+01
-3.008148483492693970e+01
5.950240650922303587e+00
-8.081749245523415226e+00
-3.833337356757537862e+01
-4.733788284518659850e+00
-4.984074062887293621e+01
-8.660083527851362817e+00
-1.334659828049734642e+01
4.245940769041418150e+01
4.918145922211849097e+00
2.223235899555136541e+01
4.971681977549874887e+01
-1.870788907059254669e+01
-3.660665160126620066e+01
3.952531025741853909e+01
-1.894635687618330167e+01
-9.190519082627446323e-01
-2.564271619967033544e+01
-3.379938611236079193e+00
3.474197159049658268e+01
-4.834844087202688456e+01
-4.367830044603769579e+01
3.419762256968532199e+01
1.077216357271074543e+01
-2.628305285992554730e+01
4.942445863084263635e+01
1.608021651037758204e+01
-2.751890399531314912e+01
-6.875632214955231802e+00
-1.757675371735311387e+01
2.236606944293917820e+01
7.306684173385924908e+00
-2.142711960873459986e+01
-4.173977511684737607e+01
-2.539843791672246098e+01
4.392846420767267546e+01
2.267887074240471179e+01
5.547115934570655327e+00
