-5.829583720860319396e+00
-9.036125377185987517e+00
-5.819432152439882877e+00
-9.393493759040808300e+00
-1.969527930598148346e+00
8.433422192809178597e+00
-8.962877559373509939e+00
2.928300629286299195e+00
-5.017501786359018112e+00
4.477354338255729260e+00
-9.468111290657544643e+00
-2.636473147450054011e+00
2.156217586196120806e+00
7.630120881811509825e+00
-1.311857986433653700e+00
-1.338111807433098432e+00
-5.274374758119522610e+00
-4.068325874814780363e+00
-3.493945663787683120e+00
-8.788660505081475449e+00
-1.923259466212072111e+00
-2.256546838449483006e-01
-6.742309214074285961e+00
6.384152243581588948e+00
-8.795653183700069988e+00
4.321655826353884677e+00
-3.110386226098201146e+00
2.271044935176266932e+00
-7.023192105802444907e+00
4.183422089825235446e+00
