-1.049488871457769967e+01
-2.948425571230943731e+01
-2.979499146870056592e+01
-4.665266678225182773e+01
-1.381666699893862038e+01
2.364968918215611637e+01
2.934288441866895170e+01
1.045790419376809055e+00
-2.575337604052080209e+01
2.111475101094538953e+00
3.220123885154611543e+01
-2.726418800410376519e+01
-3.389885469848826105e+00
2.863489910622532442e+00
-2.938416486751118217e+00
-4.906969143723875248e+01
-4.337293312641325826e+01
1.179226618710907282e+01
3.113689769228725268e+01
-4.024936125343950266e+01
2.236069237166390522e+01
-1.929968420975074395e+01
1.623343471725873499e+01
-2.681292794794014611e+01
3.746933327727943919e+01
1.142384037574731970e+01
-1.156957170914305699e+01
3.322593085909077359e+01
-2.019523308076355406e+01
-4.117395398541154350e+01
