-2.596078190790471751e+01
-1.726343129747400695e+01
-1.697968852738772583e+01
-4.807113283981165353e+01
9.399889990164300713e-01
2.899982601738934918e+01
3.689206561461162437e-01
2.172294441278155475e+01
-3.119464878446180034e+00
6.764784515969526346e+00
1.087946970356674115e+01
-4.010539149104070589e+01
-9.185744820518376486e+00
1.095920410956203206e+01
1.282823097232087051e+01
-2.324967201638649783e+01
-4.510666198819386352e+01
-4.431249550142448257e+00
3.458815194832051532e+01
-3.016563080669083874e+01
3.041572747538014454e+01
9.620902377027693575e-01
7.153133998052011222e+00
-1.127069751381016971e+01
3.637232231553677764e+01
1.160628558018090217e+01
-1.029454710769514136e+01
3.731631992979785650e+01
-2.797289637550714758e+01
-2.733964000903645797e+01
