-2.956192120070119245e+01
-1.512639617452251883e+01
-3.429680866283391083e+01
-4.682529045210375784e+01
-1.916569319840004226e+01
2.476962788910291025e+01
2.465277291912500957e+01
9.129913038763774580e+00
-1.317283754177789490e+01
5.509694490002199629e-02
2.336552948225210713e+01
-3.046075800923403065e+01
-8.994879422332473951e+00
5.720204905855858613e+00
1.776225460419726332e+01
-2.157977909842026776e+01
-4.445690563677092655e+01
4.421553917679013956e+00
3.119820475655166803e+01
-3.084920125651748535e+01
2.544952593559953513e+01
-1.865261696431614880e+01
2.073338510633536558e+01
-2.442632884470942756e+01
3.120669696308509344e+01
6.124192286834333920e+00
-1.238417879837372837e+01
3.168294842896140295e+01
-3.401965651876034968e+01
-3.523143898507404970e+01
