-2.850942815594707014e+01
-1.610142844397022444e+01
-3.521234665214021220e+01
-4.682703700602444741e+01
-1.816222788099145191e+01
2.652080441838431568e+01
2.370400489702677760e+01
1.015545568272822941e+01
-1.108559229357661735e+01
-1.900031972442564276e+00
2.239381630334801088e+01
-3.245670764048499279e+01
-9.061162676143434069e+00
5.816245900377987610e+00
1.477868559511327540e+01
-2.146030765506733218e+01
-4.227633030675715275e+01
3.447672558052559566e+00
3.012863653041507206e+01
-2.996668137347202432e+01
2.542727501140381463e+01
-1.871842050193844997e+01
1.978605534041842873e+01
-2.243183006357121201e+01
3.034580828111026563e+01
7.106468004497044966e+00
-1.338791137782984464e+01
3.171231702288477194e+01
-3.597040598579265946e+01
-3.320131901017626319e+01
