-2.958469942614998516e+01
-1.508174469071064117e+01
-3.419621653531000049e+01
-4.577111849857939774e+01
-1.797759983130789152e+01
2.465336020047684684e+01
2.468584860572463668e+01
1.219377467982384289e+01
-1.123021704000766974e+01
-9.310480788484993830e-01
2.346494753719185411e+01
-3.043892693914179404e+01
-1.017042728465202472e+01
5.834036504861773054e+00
1.567740176528884355e+01
-2.155122491538069696e+01
-4.447310370593091733e+01
2.288877711155833605e+00
3.021942030997040263e+01
-2.992687125098410661e+01
2.451562639998580551e+01
-1.767777752279424064e+01
2.085357020654944193e+01
-2.336698087448849037e+01
2.930927278148907789e+01
7.064485913580812237e+00
-1.240875720382011949e+01
3.172613474860179039e+01
-3.693722585013664172e+01
-3.435181514488452592e+01
