-2.816701530421879340e+01
-1.606734939549821206e+01
-3.423089256356308141e+01
-4.549710947034995456e+01
-1.803953657827438661e+01
2.572832960319868789e+01
2.487256486857107518e+01
1.142882407104284326e+01
-1.207020863674065048e+01
-1.090426248403590481e+00
2.344350682440029487e+01
-3.179655946308634995e+01
-9.225063316738504327e+00
5.984608805252046082e+00
1.563302546149486894e+01
-2.136762303248329076e+01
-4.327015716644199017e+01
3.319822082879365421e+00
3.145026159390872067e+01
-2.961530756622329008e+01
2.559618883612147755e+01
-1.885677108220553322e+01
1.977004334516778883e+01
-2.434854793132131334e+01
3.047264109041042346e+01
7.266812132917242373e+00
-1.238674321970836090e+01
3.171582106281762492e+01
-3.585838746503755914e+01
-3.413015506220153839e+01
