-3.263314030162069201e+01
-1.932792732051651541e+01
-1.791243849749790940e+01
-4.823928385851957046e+01
-3.152322314843010176e+01
2.453518135205613859e+01
3.791363704404417945e+01
1.628930884511491328e+01
-2.401774053245505058e+01
-3.018899212158388856e+00
2.271898593353823514e+01
-4.101998474135518080e+01
-2.054378197939762885e+01
-5.546129431344054339e+00
1.475810529029105211e+01
-3.264466462130766899e+01
-3.616610748060927705e+01
1.775639884001837032e+01
2.520402428245115800e+01
-1.857152294310645146e+01
2.392879893862318141e+01
-2.156155168021869173e+01
1.355929910847011399e+01
-1.873228429586578869e+01
4.072828314679428985e+01
-1.856222050293059311e-01
-9.707108476588910406e+00
2.897013483030080039e+01
-4.104178074235960594e+01
-2.836417842553552049e+01
