-3.233948169535047867e+01
-1.097242155191488777e+01
-3.646620368624618180e+01
-5.643308257748270051e+01
-1.593209893353647288e+01
1.661815865793831648e+01
1.703537452578027711e+01
6.223070186715993657e+00
-1.607523720794224431e+01
-1.232946931218081232e+01
1.545566063696095327e+01
-1.834124007378347798e+01
-7.068902913342025585e-01
4.784465786157395151e+00
3.040969688454785569e+01
-2.173516104043262231e+01
-4.109859940711380943e+01
1.990872609928981518e+00
4.895989696514676837e+01
-2.580433795000524810e+01
2.836946605823665735e+01
-2.603191028604764412e+01
1.128331508054453280e+01
-1.779825885661195883e+01
2.421155041832278698e+01
-5.572190876041700491e-01
-2.090352443329714927e+00
3.161618425807699140e+01
-3.055352757287167265e+01
-2.463037730330780306e+01
