-4.255903080502252323e+01
-1.129112814861160885e+01
-2.785056073232204810e+01
-3.748177893780794534e+01
-3.877500680261466925e+01
2.775870432403844390e+01
2.812953783162336663e+01
1.445472609480039594e+01
-2.289894353889708611e+01
1.054910965152287083e+01
2.207446596137247141e+01
-1.493445614809142441e+01
5.642877729429254252e+00
6.451099233201120775e+00
6.497868968419741265e+00
-1.359896188295626018e+01
-4.481599660083823977e+01
9.490775063749147478e+00
3.882197478464141227e+01
-2.774625329978971777e+01
1.432824414453184758e+01
-1.029555906650367803e+01
2.289195707812746150e+01
-2.652148134296073323e+01
2.373627026842802579e+01
5.721345891004347095e+00
-8.186793694586764758e+00
3.273858153486774825e+01
-5.125721377005556434e+01
-4.178383970141083381e+01
