-2.840445762277285979e+01
-1.597350039867396276e+01
-3.424258309755620644e+01
-4.579427346141817878e+01
-1.805601130859675507e+01
2.574951806710521041e+01
2.474010517079731386e+01
1.123938702584781701e+01
-1.211282405052188338e+01
-8.918210750586649249e-01
2.342914202445128069e+01
-3.144103342212569530e+01
-9.042319074193084560e+00
5.758736585904262739e+00
1.570777771154001812e+01
-2.155877255590046460e+01
-4.334684430208967143e+01
3.377296272151585121e+00
3.116895450678006085e+01
-2.988040491643484131e+01
2.545630763681949205e+01
-1.864345571304299298e+01
1.990438114531676561e+01
-2.389134139290385761e+01
3.104727230041100938e+01
7.884445637436622967e+00
-1.163185977313690600e+01
3.238948239515051597e+01
-3.551521703853930489e+01
-3.412194189597607163e+01
