-2.770415424016343664e+01
-1.427279193852921324e+01
-3.498263169176771470e+01
-4.584828862713003872e+01
-1.801567936045625373e+01
2.420804313979044053e+01
2.574018261824755527e+01
1.131229558569742899e+01
-1.330405139141350901e+01
-9.153340862271175382e-01
2.414796861790065918e+01
-3.252056532561738322e+01
-7.781135897118119260e+00
6.271547641686969321e+00
1.550675382061123209e+01
-2.325771525350463165e+01
-4.248808869019246259e+01
4.309903015524290559e+00
3.126319545468616923e+01
-3.060748858707769671e+01
2.601501380393231244e+01
-1.841601755489131875e+01
1.950802127490393190e+01
-2.526581927602349609e+01
3.046875911510478829e+01
1.014577978218686916e+01
-1.365479549715902863e+01
3.241859071905205525e+01
-3.490423905241429736e+01
-3.404762926760770370e+01
-4.352712281927458626e+00
4.072802765456169993e+01
1.623421944379741078e+01
2.628167086417227072e+00
1.109263692558148229e+01
3.258792035393706499e+01
2.432682877997591930e+01
2.317067456523113123e+01
3.217010922597287248e+01
-3.488191302341881084e+01
2.904240876825554096e+01
-3.680171834905385797e+00
2.741638558456781993e+01
1.954129806180538509e+01
3.179404491789441067e+00
1.469829012023300052e+01
-5.994411383742775712e+00
3.876238723948699771e+01
1.343840058524014580e+01
-4.922482635798338180e+01
