-2.803625591630809311e+01
-1.690827259851639042e+01
-3.333041235254080448e+01
-4.409649585724915966e+01
-1.920387717001944239e+01
2.510537465006604307e+01
2.483962784794213974e+01
1.096518048656342081e+01
-1.060302458247665669e+01
-4.010911921969202432e-01
2.372066738499894001e+01
-2.934642309703423635e+01
-7.850535812724007911e+00
5.655429811727276324e+00
1.600833283234422666e+01
-2.243780693017299299e+01
-4.101337427263887747e+01
1.974471205130958751e+00
3.089123652004866116e+01
-3.066641593772375174e+01
2.579689273559978702e+01
-1.764413984757330311e+01
1.816660025592130268e+01
-2.466526391459126444e+01
3.144489488526217968e+01
4.785393519978896393e+00
-1.219672560866916911e+01
3.209608764719744300e+01
-3.464671881825950805e+01
-3.316193458249595949e+01
-6.451873407044368847e+00
4.228747608881378994e+01
1.618462209274144925e+01
5.177878162128514816e+00
1.016124173047328405e+01
3.246323988840975261e+01
2.597257845205266236e+01
2.474206698883651967e+01
3.238761522366719703e+01
-3.547758020699393455e+01
2.815350785427208535e+01
-1.524698569073173360e+00
3.007885459687792817e+01
1.931111271763293757e+01
3.380896946937221870e+00
1.484942488871247335e+01
-4.744168126083232018e+00
4.046445172714187777e+01
1.200315772230584699e+01
-4.979211563597297641e+01
