-2.855195446344411891e+01
-1.607266933419955279e+01
-3.432877573431375851e+01
-4.582254293064175243e+01
-1.809459113932169316e+01
2.573256253360535695e+01
2.479250215087331100e+01
1.121930704208740437e+01
-1.210163821394396066e+01
-9.455292760840875443e-01
2.327559525218809000e+01
-3.140479464181377622e+01
-8.953728857022252186e+00
5.731315501915661415e+00
1.567356579063779343e+01
-2.162200742610516002e+01
-4.339759695169628628e+01
3.408996201374817847e+00
3.112567703912463912e+01
-2.983466674281246611e+01
2.552447161746206206e+01
-1.868713653918674567e+01
1.979845932915930007e+01
-2.452823348414347393e+01
3.019581940236155759e+01
6.964376357953508290e+00
-1.245084357744820558e+01
3.168443523042551391e+01
-3.599215484998241976e+01
-3.429869807843276419e+01
-5.974986357718652386e+00
4.166783602849755397e+01
1.796042722319011631e+01
3.685161200125297132e+00
1.066900839461491657e+01
3.414688116923360184e+01
2.372557195397056873e+01
2.465965899842808895e+01
3.435535014873925519e+01
-3.617790101260078472e+01
2.854263240223115616e+01
-2.797292496838425180e+00
2.832817766408742344e+01
2.100158573649897065e+01
1.924796388860277929e+00
1.528299808705549978e+01
-5.511002342474171201e+00
3.970848727739500816e+01
1.170714837711505751e+01
-4.943313438735655296e+01
