-2.855200355004784285e+01
-1.482603142145611486e+01
-3.324565625380145661e+01
-4.689413229718533671e+01
-1.807568686634263599e+01
2.482564501464017326e+01
2.587440259742371040e+01
1.223700025646989076e+01
-1.108270892097129412e+01
-9.315926973450412429e-01
2.242329868134949322e+01
-3.271465407292646432e+01
-9.077863750208871707e+00
5.667108961241815734e+00
1.448924051049629291e+01
-2.160694431256498049e+01
-4.326196940997904505e+01
2.537695507705184372e+00
3.203550414157739823e+01
-2.983962282326969628e+01
2.466211883127523663e+01
-1.987977571098454277e+01
1.979436216325523290e+01
-2.433561825418439994e+01
3.146863114996702393e+01
7.075067653808706503e+00
-1.148704277793916440e+01
3.176374379889826827e+01
-3.814718359289098970e+01
-3.538599108766269552e+01
-7.145724297531614866e+00
4.167644063806842780e+01
1.687699911701892574e+01
4.598932296956883548e+00
1.163389750201807260e+01
3.422906092828652902e+01
2.371973164151576796e+01
2.548504404410185131e+01
3.553749504393320535e+01
-3.608912966092054120e+01
2.846287103550191588e+01
-3.619317889871417560e+00
2.833685313971281161e+01
2.204061905670025467e+01
7.905503669255574684e-01
1.412326407196659694e+01
-4.317643994630806503e+00
3.847878558910105795e+01
1.082742521876043185e+01
-5.041271928398447244e+01
