-2.859195958392864867e+01
-1.505192225193799516e+01
-3.526786920051585383e+01
-4.579246996362233091e+01
-1.702137349253608178e+01
2.566288034887357128e+01
2.474134720462335224e+01
1.226420961974858415e+01
-1.324198021910060241e+01
-8.735282421698795652e-01
2.343015758077023847e+01
-3.037450891846271617e+01
-7.831439509164038526e+00
5.798501783904854712e+00
1.679879180808578454e+01
-2.082700624176216664e+01
-4.456821907545643313e+01
3.403132745376379553e+00
3.017751562977466051e+01
-2.985689119671591030e+01
2.620835673548363332e+01
-1.864115066376648500e+01
1.866313539498566598e+01
-2.335804884994586317e+01
3.124265341372245430e+01
6.311653407943685679e+00
-1.151045018813984200e+01
3.259679707197761189e+01
-3.798274236993607644e+01
-3.427011081744934984e+01
-5.952503561191443637e+00
4.056097550395319473e+01
1.789821578477670272e+01
2.528592674674654095e+00
9.892695200501879782e+00
3.533533837589105531e+01
2.376239880041050512e+01
2.555190905899543452e+01
3.521325125773695675e+01
-3.526347638756605818e+01
2.771333261535659531e+01
-2.837157390389072997e+00
2.841347611112971450e+01
2.002187354499922733e+01
1.040627644499864779e+00
1.514245593680976398e+01
-5.440718754081522945e+00
3.975201166891212523e+01
1.074945285512587567e+01
-4.837990612755962161e+01
