-2.957951376643302410e+01
-1.600079057165742924e+01
-3.426161832790154449e+01
-4.584501365198929079e+01
-1.807933256843981340e+01
2.573638214242774325e+01
2.466574186908875177e+01
1.123930030571613692e+01
-1.217460739235483302e+01
-8.712598150291447352e-01
2.241807743970008104e+01
-3.151532172647999985e+01
-8.132028755448123647e+00
5.736720935612783734e+00
1.567459549030411736e+01
-2.156318733355085016e+01
-4.334767864915399826e+01
3.354009202933383005e+00
3.113540290912690622e+01
-2.993798038946736995e+01
2.542694625180575230e+01
-1.868214527072925790e+01
1.973929833604400130e+01
-2.443379721771732704e+01
3.031538849102944866e+01
7.078518497443042179e+00
-1.240609499397454130e+01
3.172229235525715296e+01
-3.596399933357483292e+01
-3.430778436753825389e+01
-5.954541673331823937e+00
4.163851480204724709e+01
1.788140105778127875e+01
3.657818964548259721e+00
1.071323011938946301e+01
3.417769182485382373e+01
2.369349567855549665e+01
2.463605390341866652e+01
3.436999542886735526e+01
-3.611355620070695238e+01
2.848623578862533634e+01
-2.871580005157577720e+00
2.829984171618715294e+01
2.101656931254939309e+01
1.825653070420335311e+00
1.518444206106251748e+01
-5.462537546616121453e+00
3.966374269264606767e+01
1.171565502684262583e+01
-4.942016845396864966e+01
2.072396883314235083e+01
4.798502699612950551e+01
-4.279643650833472179e+01
-2.679383739209239224e+01
2.647548324345830650e+01
3.039027163878851923e+01
3.772584263446380248e+01
-4.627439038581844244e+01
-1.837678985675310628e+01
-2.273060997746349798e+01
3.753537042184328243e+01
7.860306029180708975e+00
1.925554546991736515e+01
-4.203102038226403181e+01
4.898155758194489096e+01
2.460244552838307186e+01
4.060736981973623472e+01
4.403559524694142624e+01
-4.531053318769022553e+01
-1.255138677850072426e+01
1.381799460569608229e+01
-2.527561874329948388e+00
-4.083334816070019713e+01
-3.060815619694462253e+00
2.587422607441791200e+01
-2.966992986273349331e+01
-2.033259996683114679e+01
-1.031228182316255015e+01
4.528666556525329412e+01
-9.851807798740139788e+00
-1.113765803569512514e+01
-1.824748445757234450e+01
-4.876401609722281449e+01
-3.231067450254277418e+01
4.905349071488227253e+01
-9.451392201529930759e+00
-1.701653152678301950e+01
4.844620087932114672e+01
-4.401911917208445857e+01
-7.480975542659701105e+00
1.331648191108411972e+01
4.694579131987753584e+01
2.384059627132464954e+01
2.720519417559862418e+01
2.679802707888743285e+01
1.465282126566581766e+01
4.055371020479691779e+00
-3.102939320261908662e+00
-2.119650998010663301e+01
4.976784063652066692e+01
