-8.247090577665074917e+00
-9.035496344343485475e+00
-4.881876843324293169e+00
-9.392865341887715047e+00
-7.385397933697968043e-02
8.434050607177804082e+00
-8.547243066481396312e+00
2.928929043351928829e+00
-7.859270159016127799e+00
4.477982753789657266e+00
-9.325196675251808287e+00
-2.635844730636887512e+00
-5.607344553546724342e+00
7.630749296714503416e+00
-7.866352018067503948e+00
-1.337483390867466149e+00
-9.228043246512879216e-01
-4.067697459141172089e+00
-6.552925769725907124e+00
-8.788032086713055691e+00
4.933420291752467435e+00
-2.250262688340422257e-01
-6.625343023401924825e+00
6.384780659511872791e+00
-9.541638915241826169e+00
4.322284236349153375e+00
-1.319993339686734268e+00
2.271673350126675039e+00
3.415124110167599980e+00
4.184050505311418533e+00
-1.734631082780480726e+00
-6.764329330132015983e+00
-3.968369162243982728e+00
6.756744042195973243e+00
6.379547849274493920e+00
8.667197803093477759e+00
-9.985225269930182890e+00
-1.123239320174818090e+00
-9.749815387542795975e+00
-5.532147008525649667e+00
8.411672675790407561e-02
9.267239420758544011e-01
-4.965012801056887248e+00
1.080883143793705425e+00
-6.738828688585702942e+00
5.472276303846841827e+00
-9.801139952921960941e+00
-3.282360238332392655e+00
8.029448973456752014e-01
-9.770244585248811120e+00
