-7.957248841866856992e+00
-9.035496311229334054e+00
-5.211639173114453349e+00
-9.392865342516405036e+00
-6.174386941090272973e-01
8.434050606893499946e+00
-9.562749081964417641e+00
2.928929043567379154e+00
-4.420601890537573020e+00
4.477982753704512930e+00
-9.789966041950345144e+00
-2.635844731008758490e+00
3.312250283078023383e+00
7.630749296210440846e+00
4.471836310571450035e+00
-1.337483390659841120e+00
-3.216426567880347420e+00
-4.067697459376839575e+00
1.100394632545468987e+00
-8.788032087108163637e+00
1.518731462556733303e-01
-2.250262683460561020e-01
-8.180568332982852908e+00
6.384780659139617676e+00
-9.941766370435136224e+00
4.322284240759136864e+00
-3.351702285679957871e+00
2.271673349483962046e+00
-3.169988799620263809e+00
4.184050504697946593e+00
-2.010884251297105685e+00
-6.764329330705092680e+00
-4.070609007719185435e+00
6.756744041582265936e+00
1.374202725230124544e+00
8.667197802859606171e+00
-9.947205669244285176e+00
-1.123239320394703089e+00
-9.983249492825555294e+00
-5.532147009059215748e+00
2.222597417337548897e+00
9.267239430308206183e-01
-8.784252265486133027e+00
1.080883143270458424e+00
-4.282103558315945580e-01
5.472276303330257718e+00
-6.103833425971041393e+00
-3.282360238521601303e+00
-4.073053600523789619e+00
-9.770244584820401812e+00
