-5.180210788972829050e+00
-9.035496321471601533e+00
-8.496657151011703490e+00
-9.392865342755351676e+00
2.869326613836254314e+00
8.434050606944321515e+00
-8.315412659176406152e+00
2.928929043555291045e+00
-1.531027259760302073e+00
4.477982753729411236e+00
-9.917127535072145506e+00
-2.635844731005669406e+00
-3.199480430600360581e+00
7.630749296243108937e+00
-6.196553563853989033e+00
-1.337483390761414537e+00
-3.488010137766962337e+00
-4.067697459383143865e+00
-2.339819446570363670e-01
-8.788032087041917961e+00
6.933492101874338509e+00
-2.250262682955803395e-01
-6.278007538051259218e+00
6.384780659186422902e+00
-9.605596377659868068e+00
4.322284240765233321e+00
-4.441188178787849772e+00
2.271673349428175115e+00
-6.412803969671861282e+00
4.184050504741536614e+00
-4.397142250928744112e+00
-6.764329330637560922e+00
-4.341882131773698639e+00
6.756744041608198081e+00
6.324732055912702933e+00
8.667197802910330040e+00
-9.960818968621868663e+00
-1.123239320346710812e+00
-9.999321117928142044e+00
-5.532147009041974428e+00
5.348891600865684381e+00
9.267239430736725625e-01
-4.625409993385901863e+00
1.080883143239241839e+00
-4.262077762447469276e+00
5.472276303378638573e+00
-5.754637184673704553e+00
-3.282360238571268685e+00
6.204408124425185633e+00
-9.770244584767253215e+00
