2.375261223903061847e+01
-6.580287073862498914e+01
5.400037100994221362e+01
-5.041228080800311062e+01
-5.234776522113814679e+01
2.519511956734650227e+01
-7.980240597611114595e+00
-2.176579217739964989e+00
1.570903000268098992e+01
-7.216175245410366301e+01
6.651837154565937738e+01
2.435970290893512313e+01
1.277648515938243889e+01
4.855625513167012741e+00
5.895170075897026152e+01
-3.422553278788120679e+01
5.407090040335589265e-01
6.827155800017760612e+01
-3.612860621222924351e+01
-7.482075720087948412e-01
4.172278050728935028e+01
2.511040771563456531e+01
6.147851858283038240e+01
-2.171842356064202306e+01
5.185288196854506282e+01
6.225389691240269485e+01
-1.946037119265747961e+00
3.328527290611375378e+01
6.009684977700138120e+01
1.158693864698244624e+01
-4.178346210586163068e+01
5.343424472232932487e+00
9.319614265254266172e+00
3.539356088557006785e+01
9.544408702706391523e+00
2.464202272591203169e+01
3.981467422757034313e+01
4.224889613125101917e+00
3.683352349530058234e+01
-3.823614195707238395e+01
8.472973761782668589e+00
4.083116270403181858e+01
2.251050789623782578e+00
6.676772835331483691e+00
2.449078172094436567e+01
7.185859971023852211e+00
-3.527218585172386867e+01
3.131412840950370935e+01
-4.156223822506638044e+01
-6.075453824074779163e+01
