-2.858243706055953837e+01
-1.600985635042694355e+01
-3.425846131301088349e+01
-4.579334234352878497e+01
-1.805332245201619301e+01
2.571665844705740867e+01
2.374214306776089245e+01
1.120575102537302747e+01
-1.213096950628667159e+01
-9.401339856394427263e-01
2.340573874007064603e+01
-3.144566042535348771e+01
-9.036869622642218047e+00
5.753068042547654137e+00
1.570131911873438213e+01
-2.155751924800498998e+01
-4.334577130116969812e+01
3.313101027355194184e+00
3.115047881280876396e+01
-2.992114855638733673e+01
2.542483291289405756e+01
-1.868053107245408029e+01
1.973154947288448824e+01
-2.439469441460716226e+01
3.025508298222293035e+01
7.045917108792349559e+00
-1.240011489787092636e+01
3.173428721502092031e+01
-3.592858022026687337e+01
-3.422251696669501086e+01
-5.911168621801812684e+00
4.063869896423432237e+01
1.791412933353689851e+01
3.641595935293814534e+00
1.071953262532345796e+01
3.422019351091392991e+01
2.370720116158558000e+01
2.466783956687392276e+01
3.439499191045292292e+01
-3.607178013292266172e+01
2.849489347383797266e+01
-2.872007269803631857e+00
2.831214719696155413e+01
2.099142349107463446e+01
1.852558265242963298e+00
1.515463094183042259e+01
-5.434484951604373393e+00
3.866305023933244911e+01
1.168471702593639527e+01
-4.937282524785700133e+01
