-2.818960540409472415e+01
-1.671448721317770847e+01
-3.344312999774691519e+01
-4.634242704640123378e+01
-1.816442574598788084e+01
2.529660395110964899e+01
2.507782926778687838e+01
1.178047574767710159e+01
-1.271397373783782214e+01
-1.070123589456778435e+00
2.318632458561423704e+01
-2.997582951901550530e+01
-8.617149841693427348e+00
6.470690561098851212e+00
1.441990622178354009e+01
-2.036241100302655838e+01
-4.448946672737300645e+01
1.872833013921162415e+00
3.166882489026799519e+01
-3.030651621608721769e+01
2.528083494395464825e+01
-1.742800209571185022e+01
2.100713832717901042e+01
-2.478219894515969912e+01
3.032609546673879564e+01
6.811363429754461407e+00
-1.251566985827576239e+01
3.235314119613596517e+01
-3.560745255699504952e+01
-3.540773100957949993e+01
