-2.869105262687728342e+01
-1.639986318313019709e+01
-3.465751610275466987e+01
-4.623912382264730780e+01
-1.753259728472842127e+01
2.519345792631979819e+01
2.511050345589565680e+01
1.107646457806954210e+01
-1.241841028315394446e+01
-9.217906058760664267e-01
2.332362315794634355e+01
-3.185311353175184479e+01
-8.851854231967866582e+00
7.057419822756139105e+00
1.552160795855563258e+01
-2.126969846497362937e+01
-4.447617123042947895e+01
2.571703673861823081e+00
3.111973782924954435e+01
-3.018376346521815634e+01
2.560658945259375940e+01
-1.904896239514902589e+01
1.910324483472676249e+01
-2.520751395640684933e+01
3.006523399891379000e+01
7.385039376299552316e+00
-1.143948951982153339e+01
3.147596598437972304e+01
-3.575606761360486985e+01
-3.391043883292066141e+01
