-2.623859198285712324e+01
-7.986278102134259704e+00
-3.369561505654365874e+01
-5.247403895644764305e+01
-2.237347874790183866e+01
2.881792583340189040e+01
2.189469885621879186e+01
2.490352849067226870e+00
-7.870157099531594369e+00
-9.812288936384589988e+00
8.838296095343556757e+00
-4.428789942356668519e+01
-8.181335838642423752e+00
-6.020798025636938888e+00
2.458262885268908704e+01
-2.890901329510592177e+01
-4.652701029505902852e+01
2.674984926897643778e+00
3.335425535892392190e+01
-2.275233576012243830e+01
2.051468997392150584e+01
-3.296605874505907252e+01
1.484083360613314539e+01
-2.011497787428515238e+01
4.304646625653775516e+01
4.605324768334235763e+00
-1.180760008656159599e+01
2.906691532466826189e+01
-4.219677187191787482e+01
-2.556187556840184527e+01
