-2.760250677306965272e+01
-1.312537083666487447e+01
-3.362865025303197797e+01
-4.771311391364453414e+01
-1.955176607778060571e+01
2.639281882020515368e+01
2.384933342686271018e+01
7.995888958718960993e+00
-1.165854994483889229e+01
-4.070994182011202334e+00
1.830328518545890049e+01
-3.606765184782712907e+01
-8.825274516530301483e+00
2.477705846553266866e+00
1.825975910244282119e+01
-2.442403406559075663e+01
-4.400138185487852382e+01
3.432460178537004580e+00
3.208459896354789009e+01
-2.744599106201334138e+01
2.469160910831438827e+01
-2.392509740186021716e+01
1.755284604737815002e+01
-2.234578803892849663e+01
3.516331441063042007e+01
5.863686529272506220e+00
-1.266195388104637765e+01
3.081750992241751419e+01
-3.809808535894946147e+01
-3.115630833911609443e+01
