-2.860889874639234165e+01
-1.283888364598982079e+01
-3.506589359555101026e+01
-4.996825673334949869e+01
-2.165102136957890622e+01
2.713049870333876967e+01
2.397567777192431038e+01
6.511415710328215312e+00
-8.258488464043454158e+00
-7.198610024017275677e+00
1.485382172468129802e+01
-3.952613005268810298e+01
-8.054116503671172822e+00
-9.582870992030556589e-01
1.959048876210257362e+01
-2.730138556912268299e+01
-4.605164311319949633e+01
3.206390871483554061e+00
3.091010503570951329e+01
-2.667463620224872045e+01
2.024960190847550123e+01
-2.796497967202976298e+01
1.725522120739491072e+01
-2.292772491883717834e+01
3.630633105807986993e+01
4.425102990671915926e+00
-1.276890316912539447e+01
3.017113650213095966e+01
-4.116750652891347784e+01
-3.026147200080636068e+01
