-2.849924495896551591e+01
-1.601351350892655745e+01
-3.420206826673907585e+01
-4.578435043399964144e+01
-1.815774939817545430e+01
2.568161550981550789e+01
2.488355282372955557e+01
1.135921935223212920e+01
-1.200774441859587327e+01
-8.495251312470570859e-01
2.330003168416672921e+01
-3.158114746905767234e+01
-9.027745666659608759e+00
5.561031317084673908e+00
1.576056075173332971e+01
-2.164484910495050229e+01
-4.331129709476901013e+01
3.472288813387422124e+00
3.108414134026044806e+01
-2.985171410204830522e+01
2.536033302162682190e+01
-1.879818289002119513e+01
1.971950504007218186e+01
-2.425201569894996112e+01
3.021481945933797419e+01
7.074266502170389437e+00
-1.244297548811110410e+01
3.158982770165010123e+01
-3.594779275036238886e+01
-3.431571869120229934e+01
