-2.800982896079202789e+01
-1.570379891892541657e+01
-3.416690786718194062e+01
-4.580793179825690231e+01
-1.807950626990372456e+01
2.572585359923041182e+01
2.471672940885052228e+01
1.121590107371377876e+01
-1.213676410849265785e+01
-9.156624428541103589e-01
2.340515876986947674e+01
-3.146484827646122184e+01
-9.066443049792999531e+00
5.734880895410759294e+00
1.568402814506344178e+01
-2.158235095945995496e+01
-4.337034635172199870e+01
3.353514264870601558e+00
3.114546957023214091e+01
-2.990406673763513368e+01
2.543259023085188630e+01
-1.867402079060742892e+01
1.974934047401595194e+01
-2.442762143921387263e+01
3.031133075996219262e+01
7.076312548322015061e+00
-1.241651892707520943e+01
3.172491984585963820e+01
-3.595478754380476261e+01
-3.430041942373706121e+01
-5.950109456627765248e+00
4.163397858192447387e+01
1.788025508858800094e+01
3.647885139529460474e+00
1.070605891361636530e+01
3.417754451878545296e+01
2.369298614888333532e+01
2.464515577665407520e+01
3.438058905648985331e+01
-3.611380254931690814e+01
2.847961899905658356e+01
-2.843657316953554393e+00
2.829993410820066657e+01
2.101040236266450734e+01
1.845378384325407906e+00
1.516348211565213511e+01
-5.468650859399784459e+00
3.968662607253740759e+01
1.171364015006812487e+01
-4.941099642003189274e+01
2.073501856061760762e+01
4.802628181955434883e+01
-4.279747200359074100e+01
-2.678816456552046787e+01
2.648584314828179487e+01
3.041229087995513325e+01
3.774275093196197872e+01
-4.626385457383213407e+01
-1.839447060249925769e+01
-2.268401385924783753e+01
3.751896278044930710e+01
7.855453404953443020e+00
1.926803696808632083e+01
-4.202553457915077928e+01
4.896316995699123709e+01
2.461289316544872463e+01
4.058010755157725669e+01
4.402359066927628817e+01
-4.531871677381082009e+01
-1.255029676367706237e+01
1.379603569472081936e+01
-2.560319786316368251e+00
-4.083778196746366262e+01
-3.029806099734715819e+00
2.590628977433515345e+01
-2.964054832712587029e+01
-2.036572005137637120e+01
-1.032510485151081170e+01
4.527350613855684713e+01
-9.840085925278280854e+00
-1.111141410662021123e+01
-1.823636393861984573e+01
-4.879060185178158804e+01
-3.230864682842030078e+01
4.906488373464572561e+01
-9.465326706694529690e+00
-1.702639360017354520e+01
4.844483878713187863e+01
-4.403319714631745541e+01
-7.477264015111146023e+00
1.331798462610892209e+01
4.697554286485812725e+01
2.382476444406442795e+01
2.720400547681770931e+01
2.677419111069211510e+01
1.466158606305245549e+01
4.063652825847147376e+00
-3.106010861488795793e+00
-2.122644890944580354e+01
4.980447504532342862e+01
