-2.800970401317864500e+01
-1.570364324185838356e+01
-3.416678456311088041e+01
-4.580786518772172400e+01
-1.807945305851083617e+01
2.572546005409208547e+01
2.471639335489428291e+01
1.121590900482703290e+01
-1.213679124618564131e+01
-9.156827962235727369e-01
2.340517067848746535e+01
-3.146453482924339085e+01
-9.066174964510187451e+00
5.734888233610464958e+00
1.568429160662671151e+01
-2.158233946931674296e+01
-4.337011229530834555e+01
3.353497659995188229e+00
3.114520862619665920e+01
-2.990386081682468244e+01
2.543278303691645448e+01
-1.867383231001132771e+01
1.974915598280753315e+01
-2.442761237995909696e+01
3.031114902836511504e+01
7.076337281272865987e+00
-1.241650096965485339e+01
3.172490965611112301e+01
-3.595477858366997737e+01
-3.430059941960693948e+01
-5.950278143827034683e+00
4.163398428896574188e+01
1.788010167366155656e+01
3.648043996546285417e+00
1.070590964171793935e+01
3.417751640165781168e+01
2.369311192097418228e+01
2.464499503512393375e+01
3.438073535218266130e+01
-3.611381266455131822e+01
2.847960694432590145e+01
-2.843814983927511975e+00
2.829975232687814923e+01
2.101026986018189646e+01
1.845511796097721646e+00
1.516347542534877491e+01
-5.468655675291146601e+00
3.968674326082891923e+01
1.171360287160912961e+01
-4.941102501460402863e+01
2.073503634040782018e+01
4.802633528011283914e+01
-4.279750310592914531e+01
-2.678816490680496543e+01
2.648581467970722159e+01
3.041232435554002933e+01
3.774260827529635520e+01
-4.626399521704413331e+01
-1.839451296156001803e+01
-2.268403164612731615e+01
3.751900701197698851e+01
7.855583774186092327e+00
1.926807050463515125e+01
-4.202555553631095364e+01
4.896313308330439895e+01
2.461286265573243526e+01
4.058013110168418791e+01
4.402361386943369581e+01
-4.531873472333415975e+01
-1.255028690178805384e+01
1.379588103290347156e+01
-2.560502708550508988e+00
-4.083778865761528465e+01
-3.029829825985146829e+00
2.590623807502416653e+01
-2.964051341633002679e+01
-2.036568328220242563e+01
-1.032494628858042951e+01
4.527333623339383450e+01
-9.840103435241758234e+00
-1.111159050395625236e+01
-1.823654949692807037e+01
-4.879058538139955203e+01
-3.230865885106059210e+01
4.906468038049130342e+01
-9.465508818362261323e+00
-1.702640357039117092e+01
4.844484154144212340e+01
-4.403298526013458059e+01
-7.477255914470508635e+00
1.331800763158674350e+01
4.697555855873547870e+01
2.382477318026863600e+01
2.720379246919112859e+01
2.677416712076173866e+01
1.466153526014000441e+01
4.063400222100773895e+00
-3.105948612985077517e+00
-2.122646763932622704e+01
4.980473831570616738e+01
