-2.949313130167356789e+01 -1.804192819241953671e+01 -3.511323019080565899e+01 -4.725530951568139670e+01 -2.037035977381999530e+01 2.543499874119170556e+01 2.295922223162299858e+01 1.037563400819684745e+01 -1.075169976234109370e+01 1.440617118649325068e+00
-3.004329775777187450e+01 -1.612444935162818638e+01 -3.662347391482533254e+01 -4.578847221893025221e+01 -1.942272692020842229e+01 2.679134771884865884e+01 2.434072379838334044e+01 1.100403797695671670e+01 -1.380658893481743199e+01 -3.249803916840253493e+00
-2.884428364989400961e+01 -1.837688394452987239e+01 -3.377161592798795908e+01 -4.404063401183589122e+01 -2.043582538084453404e+01 2.394348153306934179e+01 2.451028052574617178e+01 1.034278800142706700e+01 -1.326071861910262406e+01 -2.779600648851476841e+00
-3.069399847675980908e+01 -1.828414483001973423e+01 -3.444344932722414399e+01 -4.427335558049141184e+01 -1.572365736726107421e+01 2.359340218780787879e+01 2.260823548886814294e+01 1.328117676730702001e+01 -1.235546306179469056e+01 -2.518787798806894962e+00
-3.036632950446401935e+01 -1.837681669712449661e+01 -3.468751694583133371e+01 -4.485417165463027800e+01 -1.818305076212327620e+01 2.688250539341466450e+01 2.593962687956697977e+01 1.189218814809940383e+01 -1.090856220058970649e+01 -1.543308593877184887e+00
-2.668494419795229788e+01 -1.463220047990188633e+01 -3.352195703263577542e+01 -4.817423587971241972e+01 -2.005353940159043802e+01 2.703713961744188765e+01 2.518125722132436906e+01 1.324467656291767348e+01 -1.248802816433232898e+01 -1.983137284380494192e+00
-3.019391340814117797e+01 -1.637815236696514631e+01 -3.291327374953351637e+01 -4.346198832068407825e+01 -1.991373775213520503e+01 2.789971277040250897e+01 2.292487090680327455e+01 1.140871855970995519e+01 -1.293962082979378536e+01 1.403957730273329707e+00
-2.916486444661895305e+01 -1.837690128470875450e+01 -3.286595247003985776e+01 -4.570571438099396744e+01 -1.875629642769263938e+01 2.680674440542901138e+01 2.515016508283706997e+01 9.850888399232353265e+00 -1.381029711352233846e+01 -4.969563529758094234e-01
-2.890710137265944724e+01 -1.750328445280012701e+01 -3.281692624286197457e+01 -4.480731958866660136e+01 -1.990294690421128365e+01 2.361172832588637860e+01 2.236044013517241780e+01 1.050734831183008033e+01 -1.144181410057241699e+01 -2.557690269036128505e+00
-3.018106209579327270e+01 -1.784828345546253558e+01 -3.215491165410311680e+01 -4.538349735130717733e+01 -1.614531240195073991e+01 2.634986662687729364e+01 2.707277910879555805e+01 1.150146835423947245e+01 -1.354494188186169978e+01 -2.999865634298272798e+00
-2.732643396889724841e+01 -1.632287602114841718e+01 -3.580633320550359144e+01 -4.817421892227654467e+01 -1.796398523373267864e+01 2.403986808497746708e+01 2.425672896980795912e+01 8.968121098992188678e+00 -9.780416243233288398e+00 -8.459699201131931634e-01
-2.759598143688318572e+01 -1.561432119012223296e+01 -3.401844035701246582e+01 -4.506829168131196894e+01 -1.822660392210187297e+01 2.612909362703860339e+01 2.541469617585552143e+01 9.825300593637296132e+00 -9.780493332990575439e+00 3.815453861516309164e-01
-2.864671547720660172e+01 -1.515075155290788800e+01 -3.191122635579699107e+01 -4.716132397895299277e+01 -1.808275566967311221e+01 2.681717767377580586e+01 2.329855746681989004e+01 9.606395896476863427e+00 -1.176286150047857149e+01 -8.716534719551503052e-01
-3.014822874516094231e+01 -1.366456913809615692e+01 -3.266077140545363733e+01 -4.548194995970851551e+01 -1.756310935825868569e+01 2.570476949183271742e+01 2.396299080620342536e+01 1.234405055448717192e+01 -1.135946101527229324e+01 7.671072208122339253e-01
-2.839520635150801908e+01 -1.803475084961510078e+01 -3.191272991749749011e+01 -4.464946101737664463e+01 -1.681300178483626340e+01 2.530438330225809551e+01 2.236032586143915069e+01 1.013225207571506203e+01 -1.246104872411574149e+01 -3.233597730888286392e+00
-2.990830260412233699e+01 -1.394794041414031760e+01 -3.526322291074826865e+01 -4.679613565713254530e+01 -1.718240880320388086e+01 2.776142174303044996e+01 2.287551422726763661e+01 1.357184326864365254e+01 -1.338334878820850271e+01 -4.385536731031616786e-01
-3.080245113041489802e+01 -1.647911002306418027e+01 -3.304684763738309528e+01 -4.707918015249009613e+01 -1.760533817416702362e+01 2.549347572016226593e+01 2.479059644702104137e+01 1.262282365832097497e+01 -1.440205670466531096e+01 1.440681873907278865e+00
-3.020543485373939419e+01 -1.366456913809615692e+01 -3.618449405904729588e+01 -4.608913277221299865e+01 -1.905947455522681011e+01 2.541467209002890115e+01 2.639452800755265471e+01 1.082601689122357769e+01 -1.085372377174431868e+01 -3.092825141644806486e+00
-2.870460645669372468e+01 -1.373902657853835763e+01 -3.452360851793640961e+01 -4.606601240820133825e+01 -1.849310470288639507e+01 2.336955526852916165e+01 2.324647109475435158e+01 9.860042898904225694e+00 -1.220996984889028703e+01 -2.791732785960019392e+00
-3.045819115552209055e+01 -1.781983722266167547e+01 -3.615903671061096958e+01 -4.346198832068407825e+01 -1.768981078979539845e+01 2.788896800144112476e+01 2.244310613660041298e+01 1.237724638699857138e+01 -1.130243434369717193e+01 -4.376186018317108628e-01
-2.696704977839900863e+01 -1.670635379773398554e+01 -3.421440033485549037e+01 -4.496077511787571268e+01 -1.650229207652075303e+01 2.808180282755750312e+01 2.305692994346333791e+01 1.025602930750851449e+01 -1.232868269550221463e+01 -2.979600195889115177e+00
-2.937860860651897355e+01 -1.906283596073172149e+01 -3.315922281099324209e+01 -4.484932441740612319e+01 -1.993267275248439319e+01 2.351846085434035416e+01 2.597674073461833544e+01 1.163002417171401959e+01 -1.470950916406145481e+01 4.582323346463514468e+00
-2.922016126475786990e+01 -1.837432894503885450e+01 -3.196657969916912734e+01 -4.817431757979914408e+01 -1.862613608832349144e+01 2.631381771802287517e+01 2.278749074850544432e+01 9.067292730441149473e+00 -1.057286050845701730e+01 9.690113234290024247e-01
-2.899991629073842958e+01 -1.439237866053627712e+01 -3.623782765896529412e+01 -4.749824436552795248e+01 -2.043593462003405392e+01 2.523221614457968442e+01 2.664999296543507512e+01 1.079827320574909599e+01 -1.127689359641416722e+01 -1.064042124866061645e+00
-2.969481199505899838e+01 -1.408055800981739658e+01 -3.622813180499714036e+01 -4.623874304027324200e+01 -1.748774235762373053e+01 2.401478708737686318e+01 2.707268769420075927e+01 1.299411230743701928e+01 -1.255493665229556122e+01 5.342435690180341590e-01
