-2.848069742467698262e+01
-1.624206935207377356e+01
-3.418402516699276816e+01
-4.557002294824416566e+01
-1.843349419608442474e+01
2.555632154281823887e+01
2.526496052638700363e+01
1.196033218532070208e+01
-1.316980195530237197e+01
-5.556513463165461131e-01
2.345279225152666314e+01
-3.126383384517325936e+01
-8.823780388262649765e+00
5.951330781984039753e+00
1.541357123234622684e+01
-2.235308931562605750e+01
-4.352774472820105700e+01
3.286790701343929477e+00
3.105240305037558457e+01
-2.992266593764225391e+01
2.540046912360918441e+01
-1.870278506372207161e+01
1.996829138267835901e+01
-2.332543300270139497e+01
3.020170912495597548e+01
7.076668449290941965e+00
-1.182924708009388048e+01
3.187575914702654600e+01
-3.562088361098103917e+01
-3.419536107507225609e+01
-5.354178596728434769e+00
4.131525481977137559e+01
1.747610331184439403e+01
3.873950389345263812e+00
1.061575777052118497e+01
3.355380441125164737e+01
2.354833219142658862e+01
2.529521525294755335e+01
3.426125813509328566e+01
-3.554756330822452526e+01
2.865343886838417831e+01
-2.613172183658412528e+00
2.775617005335069365e+01
2.087679479980298680e+01
1.738210307765307716e+00
1.483928679455669908e+01
-5.366164576734975711e+00
3.942216554431224296e+01
1.141321146739264769e+01
-4.887975741737246693e+01
2.026007971372490601e+01
4.784801082530371730e+01
-4.239323331678838258e+01
-2.679470203205615775e+01
2.660587004966148328e+01
3.029308997894258937e+01
3.719849546566105403e+01
-4.612978501094294614e+01
-1.890280536934100297e+01
-2.320411536347126003e+01
3.714311708683683122e+01
8.030477354810759749e+00
1.903489926121587672e+01
-4.119889380710559834e+01
4.873333361513714124e+01
2.400691940760524545e+01
4.091650607755638447e+01
4.448926543584663307e+01
-4.498909024541281099e+01
-1.202378310617658741e+01
1.374874177714854362e+01
-3.270243093434073156e+00
-4.021397109791746516e+01
-3.019783260969395755e+00
2.619074993214736935e+01
-2.956543752884430987e+01
-2.060118256275336890e+01
-1.037626179393056702e+01
4.551687367967453213e+01
-9.434381889129522136e+00
-1.108673330111723487e+01
-1.837801004618100364e+01
-4.907069383051670286e+01
-3.190981013558606705e+01
4.924377817797932266e+01
-9.553124695202994232e+00
-1.708358448572474586e+01
4.823250498554671140e+01
-4.378136038428065291e+01
-7.472507327890045126e+00
1.386350398390935545e+01
4.747500087370730881e+01
2.357180226735615491e+01
2.740430611719286702e+01
2.683871869427214207e+01
1.462948483275092215e+01
3.851559295283226714e+00
-2.935804379026939692e+00
-2.194897837336693414e+01
4.916654098249145477e+01
