-2.872447760085331936e+01
-1.637533770379472742e+01
-3.406888715158561354e+01
-4.525997115741859034e+01
-1.703155872984544317e+01
2.577022348955386377e+01
2.470078707951687136e+01
1.151277202996469917e+01
-1.070842849271204322e+01
-8.861118978357205300e-01
2.344334078071010907e+01
-3.163200482444691986e+01
-8.198204175717009434e+00
6.573088052702340534e+00
1.641763134316767037e+01
-2.143880490800383498e+01
-4.334288554981221608e+01
3.735608802703287434e+00
3.092797505506566935e+01
-2.967442915384614111e+01
2.575441805032416553e+01
-1.874126122370579495e+01
1.934403750866177774e+01
-2.455693952157760762e+01
3.042045940014524774e+01
7.524852293537109382e+00
-1.252205483769987282e+01
3.179684990616143025e+01
-3.717833226984492967e+01
-3.461869182725509120e+01
-5.589760609598280361e+00
4.176814802722965680e+01
1.778582734417495104e+01
3.364806153254990218e+00
1.121955383474844758e+01
3.432471764060108654e+01
2.413505424421965984e+01
2.475258650746737388e+01
3.368895484838485288e+01
-3.550290816361280122e+01
2.971146122184876148e+01
-2.436177101543604895e+00
2.849985996055328741e+01
2.165239062072948073e+01
1.834822541569846033e+00
1.436332648961541558e+01
-4.671017016207016148e+00
3.979569269194958991e+01
1.115380143668632584e+01
-4.851803067904396016e+01
2.057557144982951769e+01
4.853832117924919487e+01
-4.220706517074957276e+01
-2.757276176335963669e+01
2.558707864941337462e+01
3.068804449840386184e+01
3.763425907998166053e+01
-4.674045672942449414e+01
-1.831695245999951638e+01
-2.320762159264432611e+01
3.691771943842801562e+01
7.434602439003565877e+00
1.873693554108572812e+01
-4.174870508080396547e+01
4.898113429666722851e+01
2.457542946892669633e+01
4.066299302270731886e+01
4.360721997735529953e+01
-4.513898029250871957e+01
-1.254342379643342653e+01
1.356340858097029844e+01
-2.550686698962993049e+00
-4.125690840764239198e+01
-2.891206598338322387e+00
2.518230880267013561e+01
-2.968325357686741839e+01
-2.051182603488983602e+01
-9.824618687919262072e+00
4.494172843927027827e+01
-9.653710307762075615e+00
-1.110190071516669263e+01
-1.798032151034499648e+01
-4.823854671793825588e+01
-3.195242348489943396e+01
4.889427660304703949e+01
-9.673316599507886693e+00
-1.730889412248624737e+01
4.829885861141371350e+01
-4.379320702456537617e+01
-8.031373061316093853e+00
1.354786141172734659e+01
4.737549564082394937e+01
2.362815793143316156e+01
2.709362157398403426e+01
2.714964696840860725e+01
1.411416033686673011e+01
3.183470774775489787e+00
-2.711611032028574897e+00
-2.132746557706988710e+01
5.016924722986976093e+01
