-2.901659713974708410e+01
-1.581077722813775033e+01
-3.446678108585500411e+01
-4.527883511290914242e+01
-1.697353185466904435e+01
2.515362786698955944e+01
2.515425770623721036e+01
1.112242774916197163e+01
-1.124946542834298313e+01
-1.526024308926347883e+00
2.271993085239695276e+01
-3.171723998115418297e+01
-8.595755803913194271e+00
5.177734073190977782e+00
1.570373431185250546e+01
-2.167553402014825181e+01
-4.280029400905380044e+01
3.077797066660150627e+00
3.076095945818453359e+01
-2.975587634908124812e+01
2.486623415681337335e+01
-1.906502927527337476e+01
2.000325837156103148e+01
-2.373044466720615375e+01
3.075683420236433818e+01
7.640763432051712378e+00
-1.201823119742325652e+01
3.094423380856304462e+01
-3.621600822318879409e+01
-3.527677542873414751e+01
-5.547144791808634956e+00
4.135055102454053610e+01
1.790576065908853920e+01
3.017233805852469253e+00
1.012112770726349353e+01
3.414759887128374061e+01
2.294968179590409463e+01
2.444924775381348070e+01
3.369183617038699197e+01
-3.547045446755156206e+01
2.846591423539407373e+01
-1.490070599615075819e+00
2.818379675305323318e+01
2.095720731491478261e+01
3.060014149752137591e+00
1.572120867715858239e+01
-5.752426324338681951e+00
3.927983915370287349e+01
1.190636271227007015e+01
-4.940781259793443070e+01
2.152170802792945636e+01
4.859625528444713893e+01
-4.261042619530451248e+01
-2.664455936864844787e+01
2.665066997324824172e+01
3.046187844032126080e+01
3.719668259527042409e+01
-4.646110260110457091e+01
-1.866222580106517981e+01
-2.262700093696077275e+01
3.694470196632857295e+01
7.256800843214112895e+00
1.848886916334714314e+01
-4.182629033640698424e+01
4.898044175125922095e+01
2.495967372620101798e+01
4.039875668490704896e+01
4.274654595026773052e+01
-4.585598977398070986e+01
-1.278435633836335938e+01
1.406953554666458750e+01
-2.758451387206496186e+00
-4.124612007104585842e+01
-2.767728239057937856e+00
2.465564245491398410e+01
-2.979078647755658693e+01
-2.026834855148202408e+01
-1.087223774084669614e+01
4.448009660365107720e+01
-1.065512579725479725e+01
-1.167891482104762346e+01
-1.843198379385449925e+01
-4.887271261549853563e+01
-3.265095703940286143e+01
4.759314534202948010e+01
-9.609475798011635206e+00
-1.843016357971705688e+01
4.900522160206106292e+01
-4.422121207221366035e+01
-7.275142540967023841e+00
1.389880995902161054e+01
4.630604659297732439e+01
2.379719815525661630e+01
2.715990964100458172e+01
2.653879974365587557e+01
1.505588794918767270e+01
3.805409873042870483e+00
-2.790471528868575302e+00
-2.072534884472862160e+01
5.015503041957909147e+01
