-2.844232907491154450e+01
-1.607779152117709032e+01
-3.454027097039993777e+01
-4.662876420363949848e+01
-1.785416581913017353e+01
2.488228996362434486e+01
2.307846001126061708e+01
1.092217350763694661e+01
-1.098672690719788747e+01
-1.126907081807766442e+00
2.301695102644751501e+01
-3.080094043841111784e+01
-8.743178622346663431e+00
5.030671297589583979e+00
1.655422243273275740e+01
-2.122048332602881615e+01
-4.378675847987935299e+01
4.087743805747354742e+00
3.273771340710640487e+01
-2.985966323351478025e+01
2.599934437189223857e+01
-1.895272125923017725e+01
1.979097276526517390e+01
-2.493075162204986484e+01
3.048384976457617412e+01
7.287573145379123041e+00
-1.201032378547131607e+01
3.213000132150302335e+01
-3.544455524179578276e+01
-3.407721453250131560e+01
-6.408280923750896640e+00
4.149200199621625273e+01
1.810196909269756560e+01
4.281210306073060856e+00
1.020421816395660031e+01
3.394751461334367804e+01
2.427191709432785416e+01
2.497996404302156037e+01
3.466651148174986474e+01
-3.635594805444443267e+01
2.786756423762635038e+01
-1.954657367377674593e+00
2.885069178689237646e+01
2.181601061007911824e+01
2.307457964218212698e+00
1.467252960308390541e+01
-5.660802452771939386e+00
3.941560100799338073e+01
1.199815462165027391e+01
-4.986685998853096180e+01
2.105205924950129770e+01
4.829675339985116267e+01
-4.258758101754753511e+01
-2.689791444440381341e+01
2.651871217655958191e+01
3.056861514986681883e+01
3.826721423878677086e+01
-4.691174030024220087e+01
-1.786252480672033016e+01
-2.323852903970595918e+01
3.756563281739136073e+01
7.329168554538505020e+00
1.933599504217603737e+01
-4.205155850289902020e+01
4.881517259486947324e+01
2.448646815201316329e+01
4.041587361987036076e+01
4.293740723460776110e+01
-4.496400017635711066e+01
-1.300260766946743018e+01
1.337912952651717191e+01
-2.224562729882878731e+00
-4.069235819881784977e+01
-3.319055691614190451e+00
2.569083761909732289e+01
-3.042657689935179732e+01
-2.038651820452862751e+01
-9.959637105713500915e+00
4.534955234158341852e+01
-1.035327811112712837e+01
-1.118298458966837572e+01
-1.814434565484435069e+01
-4.843738283525760124e+01
-3.204821310112590993e+01
4.901500266280424256e+01
-9.042030988468294339e+00
-1.688436556176289827e+01
4.915585476207355953e+01
-4.359407855334379889e+01
-7.730913474276006170e+00
1.373340044135247062e+01
4.717933193468348918e+01
2.368848356186784798e+01
2.733045993497882975e+01
2.621498614976188080e+01
1.473855128734354736e+01
4.641029233057047954e+00
-2.316154284645514760e+00
-2.093372877829089163e+01
4.910400656251955098e+01
