-2.864197737120405307e+01
-1.550918977748656147e+01
-3.479193125919557872e+01
-4.619581798151619978e+01
-1.772491029174718591e+01
2.528932194068888251e+01
2.426392920396036601e+01
1.133939171678076185e+01
-1.221770992081085794e+01
-1.479264547598668766e+00
2.308431973617802413e+01
-3.126391075139202158e+01
-9.566612525342709006e+00
5.641174899722645186e+00
1.609209205101777940e+01
-2.117178410584454795e+01
-4.277491161347219162e+01
3.447425897827112617e+00
3.097335737759037499e+01
-2.928149031318758944e+01
2.548631293865111047e+01
-1.841953132032619678e+01
1.950374981256668860e+01
-2.419210681486830694e+01
2.996886657537339005e+01
7.482033091870428088e+00
-1.244782304608233936e+01
3.178051969396652510e+01
-3.596810232498324922e+01
-3.460521988309078978e+01
-6.159364867565447987e+00
4.173074950715027853e+01
1.795504992452428539e+01
3.152109679121473107e+00
1.095781776091497939e+01
3.409685184268530378e+01
2.394410034258536513e+01
2.456137533141708928e+01
3.369680877689714293e+01
-3.625699109938803844e+01
2.806368381924270849e+01
-2.466411918681799431e+00
2.818974740243476518e+01
2.029878645508983581e+01
9.983513748200243398e-01
1.543609557837493362e+01
-4.990190607714469095e+00
3.960105504857007475e+01
1.188818899124484396e+01
-4.978141469608158332e+01
2.054048918627038489e+01
4.795900096716133021e+01
-4.256212514332020191e+01
-2.581392442173387636e+01
2.637928306002698520e+01
3.007630807317610078e+01
3.782507269200152678e+01
-4.620293868936710169e+01
-1.899476692597569638e+01
-2.250778296328708450e+01
3.712470126015097804e+01
7.995953409053157657e+00
1.868667575417567761e+01
-4.237444936478531332e+01
4.842709030297472594e+01
2.444571502737710489e+01
4.014733553371497266e+01
4.386705374323075546e+01
-4.451031007670152206e+01
-1.179714349461513123e+01
1.405915897496733180e+01
-2.255568539046671539e+00
-4.035423212538972848e+01
-3.838164581673947140e+00
2.544964546924530779e+01
-2.916295957672154060e+01
-2.070835175402238093e+01
-1.018593479776392918e+01
4.478124400934380844e+01
-9.261961913936302082e+00
-1.150744057017180033e+01
-1.759290620302347463e+01
-4.889690350764480087e+01
-3.205036565321833564e+01
4.898077883954034206e+01
-9.398773630343159269e+00
-1.687011268232548744e+01
4.861292129028490194e+01
-4.428368079727547979e+01
-7.797605184862257843e+00
1.340308591882752864e+01
4.615598190940948342e+01
2.395692721780877932e+01
2.728935711037239642e+01
2.617877373416257569e+01
1.505304746092801871e+01
4.969453372645681988e+00
-3.323649628201356343e+00
-2.077576580676910112e+01
5.034711377272483901e+01
