-2.507956534631461309e+01
-1.517884219203458329e+01
-3.794800224759614338e+01
-4.619340396580270891e+01
-1.921428286144020348e+01
2.500654050072754231e+01
2.355420021129031127e+01
1.053023150136262132e+01
-8.846563897574231561e+00
-2.895502698988936530e-01
2.146821162293315410e+01
-3.339194560761591646e+01
-7.848252559255736394e+00
6.428611454617056964e+00
1.705402412611641694e+01
-2.227112285124002966e+01
-4.365826587382301938e+01
8.458247951154707067e+00
2.968146570765650694e+01
-3.051230966356955321e+01
2.690582897254908090e+01
-1.806698955934182038e+01
2.070448745135512780e+01
-2.570137849443015554e+01
3.024922101899673876e+01
9.530102296903518067e+00
-1.095580481254451044e+01
3.073612963030829093e+01
-3.852796123299521724e+01
-3.760142854180890737e+01
-6.198478061237924663e+00
4.249910026967702947e+01
1.934974903463652396e+01
5.839613906452611580e+00
9.796067040174257556e+00
3.177386910420558408e+01
2.788109690476723301e+01
2.466226280468912790e+01
3.636481538643285205e+01
-3.642463230067255608e+01
3.009402339347474253e+01
-3.004932676188852625e+00
2.702082113230124349e+01
2.469935094562092459e+01
1.820333125986955736e+00
1.122850596590525640e+01
-6.456279776012737059e+00
3.998378002502127515e+01
7.609232571569722658e+00
-5.135936247797344834e+01
2.159287540859311605e+01
4.574464234462023171e+01
-4.272356016737454354e+01
-2.910941140301223129e+01
2.462586191073333808e+01
3.095275857989060597e+01
3.819190485006655678e+01
-4.174732865330477694e+01
-1.962840027495159845e+01
-2.454664661772569545e+01
3.633880650359999720e+01
1.026366123367247951e+01
1.872060055920454857e+01
-4.289850560400881818e+01
5.185557246841911905e+01
2.399235020894888137e+01
4.066552908179171055e+01
4.096535984393688068e+01
-4.823766379491285505e+01
-9.815050971929561996e+00
1.327177738611657176e+01
-4.947791367861322342e+00
-3.970920668995775316e+01
-3.935051878520761992e+00
2.287775973351188696e+01
-3.009857598169665138e+01
-1.937478880105564372e+01
-7.386808097095166836e+00
4.481682559040075375e+01
-1.010993897091992366e+01
-1.200118025073933126e+01
-1.691832336054970654e+01
-4.622784479773999777e+01
-3.369197459340138323e+01
4.618717138439289727e+01
-6.909386326893463881e+00
-1.854893943138059242e+01
4.699945169332099937e+01
-3.842241781369591536e+01
-9.601686981197047999e+00
1.377175144372437465e+01
4.583624217020134495e+01
2.292959413531229984e+01
2.968370960497112421e+01
2.632461143694959560e+01
1.433457560265651587e+01
2.894275619340490380e+00
-2.547602717678337125e+00
-2.190954611674000674e+01
5.260659609128133951e+01
