-3.125959854530279358e+01
-1.589526845741830385e+01
-3.512292787378992642e+01
-4.433741553986386918e+01
-2.323956275853645081e+01
2.852143094565894188e+01
2.624339638067891300e+01
7.354807937274812524e+00
-1.193003453802191238e+01
-2.163358735213752215e+00
2.277121126098605330e+01
-2.976738752764603646e+01
-9.081534954178366092e+00
4.700678582226029967e+00
1.791483041999141790e+01
-1.917075859421385076e+01
-4.261098770393874702e+01
2.525607609296877776e+00
3.235382078410727758e+01
-2.594761318605716127e+01
2.562573391609502238e+01
-1.796941177341861362e+01
1.972689711942219049e+01
-2.726927365124752356e+01
2.916562889714473528e+01
3.355502666377322196e+00
-1.080413607345536064e+01
2.855201015817047505e+01
-3.643296666420410901e+01
-3.437695535099921074e+01
-3.918149073200785537e+00
4.396948600366842186e+01
1.865270617336404513e+01
6.575808875282372234e+00
1.286244007193510974e+01
3.182183745345374248e+01
2.446106556829065681e+01
2.047914498246863246e+01
3.135648904994247133e+01
-3.975782667781026447e+01
2.752634092494250240e+01
-6.253278859078980290e+00
2.819649537899781322e+01
1.801313455949812337e+01
2.395473505853042973e+00
1.542545235478309706e+01
-5.857834324621642885e+00
4.052669028574765520e+01
9.339534460431131890e+00
-5.242195660262079571e+01
2.167053087380100251e+01
5.102919713356462239e+01
-4.149923090342100096e+01
-2.543424972553610530e+01
2.778033085413619929e+01
3.133935664581976965e+01
3.766783674666357484e+01
-4.844132501083642950e+01
-2.010459389576248768e+01
-2.221911963563517745e+01
3.803443055408189366e+01
9.136240059745121656e+00
2.093984417454682756e+01
-3.937195346239997917e+01
4.843401057925026976e+01
2.521920682080716603e+01
4.235592918246398142e+01
4.398918768873899410e+01
-4.175029501776086249e+01
-1.114952095614218486e+01
1.327042931421110517e+01
-2.908385315419200978e+00
-4.303379647993737933e+01
-1.542412369908896519e-02
2.667528286750840749e+01
-3.274792055152627768e+01
-1.811246927393803929e+01
-9.991455221929596675e+00
4.396937925604136410e+01
-1.150829042141971925e+01
-1.266985108340004196e+01
-1.830130511971238860e+01
-4.915438046633178715e+01
-3.247484952559918980e+01
4.540673408224677132e+01
-1.383387490547486642e+01
-1.427235571654125579e+01
4.962116444988384245e+01
-4.614680180161990819e+01
-8.412889456614284001e+00
1.061853529295574106e+01
4.671281035675850291e+01
2.503205871364393786e+01
2.977787539191359656e+01
2.655042216772391228e+01
1.656929901039828934e+01
5.126946666445479472e+00
-2.578842026436206858e+00
-2.016886209985009515e+01
4.928135724229858994e+01
