-2.857287934763639825e+01
-1.602068961600457087e+01
-3.426734726979481138e+01
-4.581811282536448715e+01
-1.807978140505699471e+01
2.572567879135254287e+01
2.471656490261234751e+01
1.121571775141086924e+01
-1.213661715568228772e+01
-9.155061003635893702e-01
2.340530987383937145e+01
-3.146470619543174152e+01
-9.066300326825693645e+00
5.735010975962024027e+00
1.568416502445208138e+01
-2.158247498345145488e+01
-4.337023246548881161e+01
3.353632732678794692e+00
3.114533265748623592e+01
-2.990395050980559688e+01
2.543269292365905443e+01
-1.867393080791319093e+01
1.974923041447252103e+01
-2.442752448029581558e+01
3.031123486549140722e+01
7.076421823614446716e+00
-1.241641438417561716e+01
3.172483230490017547e+01
-3.595470431954485946e+01
-3.430051514071201524e+01
-5.950186198535504012e+00
4.163390095729757689e+01
1.788017591861149924e+01
3.647972712064577294e+00
1.070599210643570487e+01
3.417760157952578481e+01
2.369305227282274018e+01
2.464509066108325186e+01
3.438064659338175488e+01
-3.611374645190446131e+01
2.847953801853238076e+01
-2.843729387410650400e+00
2.829985460839936451e+01
2.101032310904353650e+01
1.845463125034139784e+00
1.516357770775976377e+01
-5.468722611196672467e+00
3.968670139601564983e+01
1.171355226360215163e+01
-4.941107436431242661e+01
2.073509883960545963e+01
4.802637518705282105e+01
-4.279754914624612638e+01
-2.678821737404158654e+01
2.648576235354989805e+01
3.041237575669948257e+01
3.774266630601192674e+01
-4.626394348899448516e+01
-1.839456060305138863e+01
-2.268409516531015413e+01
3.751905147282351294e+01
7.855536039961445560e+00
1.926812210920675028e+01
-4.202560689657607895e+01
4.896307602777306300e+01
2.461281105326160557e+01
4.058018533186211840e+01
4.402366982974535148e+01
-4.531879897391474543e+01
-1.255021736142640876e+01
1.379595466265375414e+01
-2.560423845159255585e+00
-4.083788565067238352e+01
-3.029880410761384368e+00
2.590618170471663717e+01
-2.964044869475208088e+01
-2.036560807987823907e+01
-1.032501053078103403e+01
4.527342012636749757e+01
-9.840185593900198313e+00
-1.111151067796768288e+01
-1.823645857441308493e+01
-4.879068621037383480e+01
-3.230855324457932909e+01
4.906479022439818038e+01
-9.465411133558118806e+00
-1.702629629348071205e+01
4.844474862083303179e+01
-4.403309767625377447e+01
-7.477363507360266226e+00
1.331788611918416443e+01
4.697544532486395497e+01
2.382466263903675951e+01
2.720392242069312516e+01
2.677428725743113702e+01
1.466167856680206505e+01
4.063552786366511071e+00
-3.106117611062338746e+00
-2.122634268703255600e+01
4.980461855248318415e+01
