-2.857288156473227403e+01
-1.602069708530553171e+01
-3.426734980721143842e+01
-4.581811339944611916e+01
-1.807978530895823255e+01
2.572567528400779224e+01
2.471656473621744610e+01
1.121572010788082707e+01
-1.213661801741927349e+01
-9.155079384578382884e-01
2.340530849874176411e+01
-3.146470746892730475e+01
-9.066296626492347244e+00
5.735011931131397844e+00
1.568416791637523211e+01
-2.158247314578972365e+01
-4.337022654039201086e+01
3.353631074182912286e+00
3.114533210180451661e+01
-2.990394788656429625e+01
2.543268848264827398e+01
-1.867392952911155390e+01
1.974922906201116035e+01
-2.442752537995968609e+01
3.031123888412905387e+01
7.076419939879945886e+00
-1.241641679398434661e+01
3.172483236374262106e+01
-3.595470478356355670e+01
-3.430051694035712018e+01
-5.950189496770521558e+00
4.163390355584846958e+01
1.788017284375741767e+01
3.647974059530862956e+00
1.070598866164865548e+01
3.417760099703431820e+01
2.369305370744722694e+01
2.464509612370025593e+01
3.438064567960280726e+01
-3.611374598144395520e+01
2.847953498838505837e+01
-2.843728023946893835e+00
2.829985678695037166e+01
2.101032329200012327e+01
1.845463609382870240e+00
1.516357685851051862e+01
-5.468725668608257706e+00
3.968670403660760826e+01
1.171355049209854471e+01
-4.941107416702725175e+01
2.073509668852805632e+01
4.802637980707156373e+01
-4.279755406446687260e+01
-2.678821378604898840e+01
2.648576061787398572e+01
3.041237512549617250e+01
3.774266419061437006e+01
-4.626394071850167222e+01
-1.839455258921863390e+01
-2.268408886200566954e+01
3.751905216776799534e+01
7.855536834232240473e+00
1.926812144348302525e+01
-4.202560879298842877e+01
4.896307491832673975e+01
2.461280925276835063e+01
4.058018889801963525e+01
4.402366842315994688e+01
-4.531879861565671064e+01
-1.255021666091274923e+01
1.379595763284933341e+01
-2.560424841853941480e+00
-4.083788316594362300e+01
-3.029881091288937789e+00
2.590617903276655198e+01
-2.964044360285301494e+01
-2.036561084025743895e+01
-1.032501206810908734e+01
4.527341532876909724e+01
-9.840189479783830961e+00
-1.111151155241393162e+01
-1.823645466958943828e+01
-4.879068407062278112e+01
-3.230854923553526703e+01
4.906479065449146759e+01
-9.465405896771196481e+00
-1.702630772480440768e+01
4.844474994729620221e+01
-4.403309635903026020e+01
-7.477365096366169084e+00
1.331788625090726086e+01
4.697544975831339542e+01
2.382466511866372016e+01
2.720392657808236692e+01
2.677428286120797907e+01
1.466168057477224096e+01
4.063551833111174183e+00
-3.106113536059318392e+00
-2.122634247161366261e+01
4.980462173840647466e+01
