-2.857287837905941075e+01
-1.602069016710699856e+01
-3.426735020417225996e+01
-4.581811325971526827e+01
-1.807978138237103494e+01
2.572567744630165976e+01
2.471656270201771477e+01
1.121571741169875835e+01
-1.213661500970124507e+01
-9.155041704369289990e-01
2.340530737307459930e+01
-3.146470710389913350e+01
-9.066300372925192974e+00
5.735016410686657018e+00
1.568416655535896176e+01
-2.158247622262673815e+01
-4.337023146427542741e+01
3.353628049212169948e+00
3.114533384861364240e+01
-2.990395092299095836e+01
2.543268843626406905e+01
-1.867392908284464426e+01
1.974923068101622903e+01
-2.442752615686728745e+01
3.031123991594221323e+01
7.076427937330715068e+00
-1.241641563626868106e+01
3.172483298977315869e+01
-3.595471097336021415e+01
-3.430051124554341158e+01
-5.950190751557580704e+00
4.163390444601128593e+01
1.788017988942625536e+01
3.647972400910633350e+00
1.070598743182766555e+01
3.417759814713291178e+01
2.369305401004164224e+01
2.464509489140401755e+01
3.438064841387220127e+01
-3.611374367172481925e+01
2.847953782073670936e+01
-2.843727470080237296e+00
2.829985719589024029e+01
2.101032394501935485e+01
1.845463481095679370e+00
1.516357654488444595e+01
-5.468720528691531690e+00
3.968670433248217932e+01
1.171354888436039765e+01
-4.941107201666776660e+01
2.073509768952636989e+01
4.802637519401275057e+01
-4.279755272359427209e+01
-2.678821573512318110e+01
2.648576150591008016e+01
3.041237520721051624e+01
3.774266384945261876e+01
-4.626394130189412834e+01
-1.839455903994811337e+01
-2.268409252454548763e+01
3.751905496346996216e+01
7.855534436397835663e+00
1.926812209471528803e+01
-4.202561139011473301e+01
4.896307888105572914e+01
2.461281550138879837e+01
4.058018059611599426e+01
4.402366965011738387e+01
-4.531879955639357860e+01
-1.255021491629987196e+01
1.379595304402661782e+01
-2.560425906654226758e+00
-4.083788409809617548e+01
-3.029879418113739842e+00
2.590618053838619161e+01
-2.964045151673873235e+01
-2.036560404613296882e+01
-1.032501137341729347e+01
4.527342103213187130e+01
-9.840184055459099355e+00
-1.111151000962907887e+01
-1.823645565348247288e+01
-4.879068197595697853e+01
-3.230855669247790729e+01
4.906479219957581250e+01
-9.465416583815343898e+00
-1.702630530164435996e+01
4.844474657503501192e+01
-4.403309899761459434e+01
-7.477363941134127501e+00
1.331788951468787907e+01
4.697545314231305014e+01
2.382466420774404625e+01
2.720391763110862726e+01
2.677427983316024651e+01
1.466167690694409487e+01
4.063553066010609172e+00
-3.106116216485159232e+00
-2.122634152785383321e+01
4.980461256734216846e+01
