-2.857287504720204652e+01
-1.602069935869388217e+01
-3.426735014781497313e+01
-4.581811275177582843e+01
-1.807978116094653842e+01
2.572567936003676792e+01
2.471656441995782316e+01
1.121571702495468159e+01
-1.213661666808443940e+01
-9.155155134666762562e-01
2.340530984342178300e+01
-3.146470867653232872e+01
-9.066296519067387649e+00
5.735015475170610166e+00
1.568416336384800580e+01
-2.158247459811656910e+01
-4.337023062578921895e+01
3.353628109345489605e+00
3.114533185890828193e+01
-2.990395442888411637e+01
2.543268547392949230e+01
-1.867392921690013097e+01
1.974923041237436294e+01
-2.442752326440876232e+01
3.031123872910441719e+01
7.076421995208678872e+00
-1.241641304958082337e+01
3.172483642911968360e+01
-3.595470658985130541e+01
-3.430051280945549763e+01
-5.950188477747219373e+00
4.163390292052879715e+01
1.788017709436880054e+01
3.647974537241794213e+00
1.070598846306797647e+01
3.417759931999899692e+01
2.369304410911803060e+01
2.464509265968115415e+01
3.438064871648779075e+01
-3.611374677014418211e+01
2.847953449237694556e+01
-2.843726391639662232e+00
2.829985651321176121e+01
2.101032353259317276e+01
1.845464071077235424e+00
1.516358057278081795e+01
-5.468722518334269367e+00
3.968669824188555850e+01
1.171355467091625435e+01
-4.941107701496483173e+01
2.073509463819730669e+01
4.802637527842374254e+01
-4.279755094208067590e+01
-2.678821033172467736e+01
2.648576026877948664e+01
3.041237333229982553e+01
3.774266456659300673e+01
-4.626394147217220620e+01
-1.839456463518316554e+01
-2.268409026936055284e+01
3.751905045573190023e+01
7.855536405222046881e+00
1.926812128772533939e+01
-4.202561059020218437e+01
4.896307554536174678e+01
2.461280670643351698e+01
4.058018529657872620e+01
4.402366605392457899e+01
-4.531879816829695073e+01
-1.255021922922998989e+01
1.379595239786970495e+01
-2.560426245253009103e+00
-4.083788908272195783e+01
-3.029886488538399369e+00
2.590618140789066004e+01
-2.964045849285584922e+01
-2.036561106945836741e+01
-1.032501130025016423e+01
4.527341845619757521e+01
-9.840187307481029322e+00
-1.111150711089621801e+01
-1.823645623621405321e+01
-4.879068917495411739e+01
-3.230855312405726920e+01
4.906478621083905267e+01
-9.465412229402899058e+00
-1.702629689693207027e+01
4.844474507211391767e+01
-4.403310107138528906e+01
-7.477367427009996348e+00
1.331788991932061883e+01
4.697545260060271488e+01
2.382466537993061806e+01
2.720392137059714699e+01
2.677428325908196882e+01
1.466167542970273985e+01
4.063552316888505267e+00
-3.106120670956582952e+00
-2.122633885962319411e+01
4.980462202289405127e+01
