-4.658693396789703911e+01
-4.189800848007884326e+01
3.692783835250936164e+01
-4.260281891004387234e+01
1.266607630151180786e+01
-4.720544343897764605e+01
-4.663871736393229384e+01
2.785746386663126373e+01
3.700543501186592721e+01
-4.320743683985662642e+01
-4.511122119282556042e+01
4.544340547505791506e+01
-4.703266301663089877e+01
-4.572280203886057137e+01
-4.747686260265138003e+01
3.420521531220350653e+01
4.785018174114678402e+01
-3.034907774379712819e+01
-4.227707638435759208e+01
-4.787039532710830514e+01
-3.287968859912628972e+01
-4.001742324120299799e+01
3.301869624134595682e+01
2.789572135666927366e+01
4.917099116408444814e+01
3.376057236042311871e+01
-2.689624603297610506e+01
1.455194926506426611e+01
-4.931549278592994057e+01
4.220597759993471243e+01
3.847454321481385620e+01
-3.679859728508871797e+01
-3.112920726324019682e+01
4.088228864351302150e+01
-4.774125684995634344e+01
1.769227234463221166e+01
-3.458468010432505224e+01
-4.496924276231176520e+01
-3.440695986006539897e+01
-4.602526696316860466e+01
-4.341332501556829015e+01
-4.795927061791694257e+01
-2.192272769529544973e+00
-3.125954182638502843e+01
-3.998504528544951597e+01
-2.441293250709295748e+01
-3.428968487739012971e+01
-4.930069980896277571e+01
-4.511211539253537239e+01
4.290107114612499117e+01
4.491851106744887545e+01
-4.310286437648208135e+01
-9.052870829428020016e+00
2.715253163346381626e+01
-4.569483619371210636e+01
-1.750011184833631717e+01
4.313148668318983425e+01
-4.494782240834332754e+01
-4.708553090783851758e+01
-4.136102640766487326e+01
-3.523310503588469800e+01
-3.609249073883823655e+01
2.681200937919325966e+01
6.334922114695615392e+00
-2.007235467780584059e+01
-4.230681296904526789e+01
2.468929363544181399e+01
3.381762938308943944e+01
-3.579031554891521694e+01
-4.939888596104525220e+01
-7.254472108250432427e+00
-3.503905141154152147e+01
-4.261210388990861730e+01
-4.676249977577440831e+01
4.463048410054082638e+01
4.245811787418459460e+01
-4.534924504013807933e+01
-2.873982600268321619e+01
-3.934631442827349446e+01
-1.057318385189652687e+01
-3.242552284131089380e+01
4.832829859454011512e+01
-4.119606829420314398e+01
3.328526368622505061e+00
2.559874952172349083e+01
-3.895255448199059600e+01
1.268130319535053729e+01
-4.849943870270637802e+01
3.462701938629911780e+01
-3.175609693627610497e+01
-4.528546407319376499e+01
-4.455882086265216913e+01
-4.664653178756810092e+01
-1.605973616973967566e+01
-3.101149389771389764e+01
4.354196209085054647e+01
-3.382440823326043500e+01
-3.822112763497624854e+01
3.811541804212966156e+01
-3.870159001759645889e+01
