-4.115755334526605935e+01
-3.053670873338180058e+01
-4.831061857897998379e+01
-4.280970130294125653e+01
-1.622104867435721332e+01
-3.990945401160224293e+01
-4.176964128478125104e+01
-4.417962222609803291e+01
-4.691349438500635927e+01
-4.235044830413319517e+01
3.221705276071022439e+01
-4.508153253697073382e+01
-3.459067988476081723e+01
-4.301250631620109743e+01
-4.276325365333154593e+01
3.350659618476848323e+01
4.667463137503669657e+01
-4.404725936095877614e+01
-4.239395949440113043e+01
3.638255149314775849e+01
-3.937379033083799129e+01
-4.589186490297541354e+01
1.319242131962857911e+01
1.437245658818814320e+01
-4.132440490258601784e+01
-3.909075863120412464e+01
-3.943386321471883349e+01
-2.647175034822479489e+01
-4.308840118226405735e+01
-4.272290210038974578e+01
-2.261974219907056138e+01
3.675672945029339189e+01
4.191824794925624076e+01
-4.510273993714377383e+01
5.792284518507582192e+00
4.369800877090562352e+01
3.007522885713116523e+01
-4.593997368568418693e+01
4.486785397082240934e+01
3.843214532936423211e+01
-3.105054256813458835e+01
-3.489043783775950658e+01
3.482734221899811189e+01
-3.895882392785112103e+01
-3.971782037003647048e+01
3.917461676784242286e+00
1.990262019889825496e+01
-4.776402896070233339e+01
-4.525171002250023378e+01
4.189155606410646726e+01
-4.581814045991995954e+01
-4.816057049997726835e+01
4.475876492697481979e+01
2.657712301885840844e+01
-4.508952264671279409e+01
-4.385770428624057615e+01
-2.939937934130579222e+01
-4.450976885639974512e+01
-4.004567546294876479e+01
-4.108014362385081597e+01
1.061971096456304764e+01
-4.834415691978802698e+01
1.401127790326846423e+01
-4.027545185921680115e+01
-4.546749544830376522e+01
-2.881171879485951592e+01
1.635711914569860426e+01
-4.422069439346290665e+01
-3.515496371829378575e+01
-4.888875430825175528e+01
-3.109624565646898020e+01
-4.837784708906450248e+01
1.576943217397647601e+01
-2.182387778641598786e+01
-4.592360472078072320e+01
2.963295547024306131e+01
4.671286253976644787e+01
-4.077550402535504759e+01
-2.755828062830225278e+01
4.998861665491365613e+01
-3.235906935093441916e+01
-3.702680194879350495e+01
-4.263712305355139165e+01
2.815221838819289246e+01
2.398973232048851045e+00
-4.580968694574838196e+01
3.333663049573985404e+01
-4.163562650886324690e+01
3.433018047739997769e+01
-4.291641890271367288e+01
-1.068903747503844670e+01
-4.568716486932451204e+01
2.560779056422650157e+01
4.873603902737245619e+01
-4.346449199247533812e+01
-4.884984521976247862e+01
-4.673826109281773711e+01
-3.137210213956603866e+01
1.995348687043196279e+01
4.656015604215992454e+01
