-2.869297035843880650e+01
-1.557534183204674427e+01
-3.482961819914910961e+01
-4.538416851550357478e+01
-1.855651911799574805e+01
2.513887891571620870e+01
2.541941031633388448e+01
9.403110885230375970e+00
-9.637669451867552084e+00
-2.380515368455533132e+00
2.519972528587896576e+01
-3.213761829768383649e+01
-8.765818296667191589e+00
4.940894829351189621e+00
1.831116873724106497e+01
-2.335652653552610758e+01
-4.576287017049096306e+01
6.720904940295756802e+00
3.021261563277180784e+01
-3.043880741014083213e+01
2.682214554037309640e+01
-1.908854148691905195e+01
1.864982663584367728e+01
-2.219082456136034409e+01
2.872749623190197710e+01
7.248520740632448778e+00
-1.400354865551872585e+01
3.499358362242939791e+01
-3.796373081301118191e+01
-3.452578479353765317e+01
-4.785124040860646133e+00
4.010035397106470612e+01
1.802774604928748658e+01
2.647130965599487240e+00
1.129566038236202985e+01
3.365192147305530312e+01
2.447901148388416104e+01
2.442300328211500471e+01
3.532258549666389769e+01
-3.705278417335185281e+01
2.879425674297370819e+01
-3.401209090413098934e+00
2.894610598782514899e+01
2.067200980379879738e+01
1.660815584583651194e+00
1.717912815675751759e+01
-5.455617527418387347e+00
3.938172886387513216e+01
9.652490921937832979e+00
-4.886443045274647545e+01
2.046944439126984960e+01
4.824213109266046473e+01
-4.250373645964945979e+01
-2.660255711207778617e+01
2.583741147158292506e+01
3.091754721099141179e+01
3.719462652122446400e+01
-4.661030338852484078e+01
-1.753312650017890562e+01
-2.300677313325627082e+01
3.749716354601265778e+01
7.531860234662870468e+00
1.862640744329850762e+01
-4.138932136360165970e+01
4.908953038333770991e+01
2.548944565083822056e+01
4.022135398101777071e+01
4.381958092087946710e+01
-4.515845913099195030e+01
-1.200760732126859587e+01
1.280957478185445098e+01
-2.877787762240833658e+00
-4.065584840346845397e+01
-2.774579573220661288e+00
2.611996449934244424e+01
-2.972724881747408787e+01
-1.993601787235355616e+01
-1.098033057940218349e+01
4.583307888875702929e+01
-9.795220488881488663e+00
-1.125305467376884394e+01
-1.846464350196258053e+01
-4.829182886666747265e+01
-3.226710741417498696e+01
4.887705030738727174e+01
-9.388039266655695769e+00
-1.771710398073169301e+01
4.867433556099802416e+01
-4.337931756154689822e+01
-7.896521012846645426e+00
1.323462556588595973e+01
4.686561147012104556e+01
2.388737715423440378e+01
2.727159881496928762e+01
2.696947301388084384e+01
1.412306639542456743e+01
4.374411226456310864e+00
-2.634646207847800348e+00
-2.083581627172122097e+01
4.859789793868211660e+01
