-2.820560183869350723e+01
-1.775825005870721540e+01
-3.190652715084695856e+01
-4.604072166740024841e+01
-1.929173871505466309e+01
2.598189705383502712e+01
2.507188315018296620e+01
1.040789778971847213e+01
-1.055194638874242408e+01
-1.903473962888794446e+00
2.362352866232322413e+01
-3.021398324691759640e+01
-1.225420978602294930e+01
8.697158630733808238e+00
1.386111316910166380e+01
-2.058652590136702543e+01
-4.496428578242220908e+01
2.432028188793519785e+00
3.481084788498112914e+01
-3.058027029581332457e+01
2.687138300533155899e+01
-1.988311941293002505e+01
1.444384949618500258e+01
-1.980907633895276732e+01
3.018669116892219506e+01
8.187966831292444070e+00
-1.398018177767245085e+01
3.155085545554344861e+01
-3.421242236897847988e+01
-3.575840194709871867e+01
-4.053486100463810082e+00
4.095385018648387643e+01
1.545696715345095384e+01
4.926048142618824954e+00
1.306850710386887471e+01
3.463993724558341825e+01
1.944201876396551398e+01
2.670021528053830906e+01
3.387012626995559827e+01
-3.676016805586920810e+01
2.831716392665581949e+01
-2.284122187951024507e+00
2.799148210685872229e+01
2.045834247490401125e+01
3.691544300668772927e+00
1.356189284412167240e+01
-5.214346626177759347e+00
4.070024568353778704e+01
1.129242437857438297e+01
-5.116358239182655154e+01
2.083857090867109818e+01
4.947544893006342193e+01
-4.262151927030562604e+01
-2.690198213950963435e+01
2.675060375269626434e+01
2.860841236622184880e+01
3.856118773628125496e+01
-4.625678871250532609e+01
-1.737289420837144149e+01
-2.350522231506574045e+01
3.681839762562185570e+01
8.502132809183892803e+00
1.951066335194946788e+01
-4.139170751011142357e+01
4.872909359299983123e+01
2.372938045507072502e+01
4.116553584429487955e+01
4.442050119789509210e+01
-4.523077703703584973e+01
-1.320358163256374873e+01
1.436486034390045141e+01
-2.898780302134604803e+00
-4.048057981704268826e+01
-2.916469789574404725e+00
2.633054510667468762e+01
-3.002814470930635338e+01
-2.037688851381895816e+01
-1.038539693240780259e+01
4.458710604328776839e+01
-9.947316859112715903e+00
-1.087036623251068512e+01
-1.785867385384771922e+01
-4.908565716730505102e+01
-3.228678532910051047e+01
4.868456082290111908e+01
-9.322835863794212585e+00
-1.630221116232611323e+01
4.835010567357062428e+01
-4.447296796291183085e+01
-7.416169252438399973e+00
1.341573321793218021e+01
4.692201367575359683e+01
2.423679876354858465e+01
2.681205388919356025e+01
2.692357818107419121e+01
1.479937134016089395e+01
4.176779081830520823e+00
-3.466731180601974938e+00
-2.133978962209835117e+01
5.010152355816683922e+01
