-2.755672560100736490e+01
-1.721310023267754019e+01
-3.400401692483778504e+01
-4.570439128549767815e+01
-1.887815019359481994e+01
2.598288769200875592e+01
2.624682142722901901e+01
1.093627575618170233e+01
-1.308055407003491943e+01
-1.122801587062313811e+00
2.283661731755209345e+01
-3.019490454550969005e+01
-1.035232063859006146e+01
6.188050257204078086e+00
1.688781482908317955e+01
-2.307679233925035334e+01
-4.329023397613488555e+01
3.184226784062656357e+00
3.235096753214126153e+01
-3.014933597462260551e+01
2.574512977028206961e+01
-1.822571806430447339e+01
1.961097771205474771e+01
-2.541909088687029694e+01
2.987689432707719916e+01
6.722109192998334315e+00
-1.200570430727535154e+01
3.254076444401393786e+01
-3.673232798803333310e+01
-3.374268215615181532e+01
-5.428087535618581150e+00
4.025678584832889584e+01
1.777187378432779497e+01
4.357245875547151037e+00
1.024174192030305797e+01
3.473699572983341000e+01
2.305729519093860347e+01
2.394804094055356103e+01
3.703253465700154123e+01
-3.633477788001516728e+01
2.744252987711791292e+01
-3.076756306293767729e+00
2.742382228686729562e+01
2.221636806207382620e+01
1.334947596142960879e+00
1.444588600273161205e+01
-3.065089195403828182e+00
3.719576677766590223e+01
1.216542087105439407e+01
-4.793920821327066761e+01
2.061144659622964781e+01
4.703325894045326550e+01
-4.347559633616931052e+01
-2.655148286976893246e+01
2.810182205009446577e+01
2.909997852327864365e+01
3.906191332030047647e+01
-4.790144810421956834e+01
-1.718006765672044978e+01
-2.326227605262477738e+01
3.767720431173044204e+01
8.121316193011201889e+00
1.906372848819686894e+01
-4.200242290234493225e+01
4.868781831116276493e+01
2.496242007428421772e+01
3.976860273456179584e+01
4.428773770223261153e+01
-4.453207962780870588e+01
-1.279497025698637280e+01
1.369466160596860327e+01
-2.656721509353049182e+00
-4.050497144357370871e+01
-3.140641802251107784e+00
2.553780285872704781e+01
-2.924742368993750219e+01
-2.039281515306223369e+01
-1.039584624842364136e+01
4.519604328365191037e+01
-9.585867485423611001e+00
-1.135620515543386766e+01
-1.829899387085128737e+01
-4.838348239640625081e+01
-3.236457510487728229e+01
4.887864799302434449e+01
-9.998007903087952286e+00
-1.661970068716528104e+01
4.904933162699632021e+01
-4.418875070723495213e+01
-7.510936453030096160e+00
1.265221141593414700e+01
4.776863187540276101e+01
2.321763698267193021e+01
2.711031201159144288e+01
2.706445795461972281e+01
1.482063193594855832e+01
3.536113529319062199e+00
-2.842994707319087322e+00
-2.126452057206287449e+01
5.022572306031410960e+01
