-3.050934269622585049e+01
-1.632974420843155983e+01
-3.546560699232749414e+01
-4.512882667440676698e+01
-1.575422882200522778e+01
2.602778997365075497e+01
2.447016666866278456e+01
9.331950345929405088e+00
-1.082220228362370307e+01
-3.836205027361621056e-01
2.164482915916430272e+01
-3.087251733197361503e+01
-1.037937257760455623e+01
6.149781557098203955e+00
1.611081209159544514e+01
-2.117285840263916441e+01
-4.247325491949870724e+01
3.246115596860041030e+00
2.960932050589282838e+01
-2.978518893123670352e+01
2.474691539850068622e+01
-1.787734944561639239e+01
2.051490407116144254e+01
-2.439614847043595347e+01
3.327465521473946808e+01
8.826612958137642906e+00
-1.308632093626855486e+01
3.262618878497826813e+01
-3.772245648759604109e+01
-3.455219543739042365e+01
-7.865136215806894704e+00
4.215448217034977318e+01
1.914928461159627915e+01
3.169839192983283205e+00
1.062511998640288979e+01
3.277904603225383795e+01
2.349438357030716062e+01
2.581303411248036639e+01
3.480821333394079886e+01
-3.838859575366614507e+01
2.875659783543210679e+01
-3.294790816953905299e+00
2.680189160319436326e+01
2.092228764113646378e+01
2.231266199653613391e+00
1.563929293762263839e+01
-4.334419292308135496e+00
4.224904114395642551e+01
1.250139448313480806e+01
-4.877782225646993908e+01
