-2.860817082995070848e+01
-1.602103045925253610e+01
-3.431045156401184926e+01
-4.577748847060544790e+01
-1.805804407844020787e+01
2.573164931772342356e+01
2.471124599497675689e+01
1.127762106753130844e+01
-1.206288483430113523e+01
-9.904482381001504798e-01
2.344272082802363855e+01
-3.145789219674503556e+01
-9.051911090598187215e+00
5.706894235989737219e+00
1.573222824513956297e+01
-2.160135061160408654e+01
-4.333232921465518928e+01
3.337002694345933662e+00
3.117142833853895567e+01
-2.986944961510852892e+01
2.545404560139994032e+01
-1.863164845051289475e+01
1.973117680354769732e+01
-2.436667155141929442e+01
3.033832903880486498e+01
7.071828984591842726e+00
-1.236297954434788693e+01
3.176054243689105760e+01
-3.597877011217979515e+01
-3.433349829287384125e+01
-5.897998060888101968e+00
4.164706160411223834e+01
1.788032003638944190e+01
3.577831079314428564e+00
1.066530641592400031e+01
3.417431001628918352e+01
2.372460137926477586e+01
2.472987892900765416e+01
3.437309567276377464e+01
-3.610740401115700138e+01
2.857793498087134765e+01
-2.883265886649569953e+00
2.829137528030058135e+01
2.100228379637097120e+01
1.856373596163172879e+00
1.511640241079749281e+01
-5.363154968560759350e+00
3.966335195296765193e+01
1.167863536651963763e+01
-4.941086205550544719e+01
2.076101095678675179e+01
4.803781671039018164e+01
-4.278806308505095757e+01
-2.678577512914712244e+01
2.648861570595251536e+01
3.040455150476453028e+01
3.776611593238628473e+01
-4.624362580478215534e+01
-1.849070101827270207e+01
-2.269597412988075291e+01
3.748451172183433755e+01
7.850008145249618430e+00
1.925879079482594847e+01
-4.207549276202389876e+01
4.890884487619857168e+01
2.461982712417094632e+01
4.052861523796940446e+01
4.396649393438971032e+01
-4.536663286145903129e+01
-1.250753466439080874e+01
1.374003076142672697e+01
-2.462473999122533286e+00
-4.084634022548255672e+01
-3.110197130540060861e+00
2.590671258930038334e+01
-2.960988091504405517e+01
-2.035317755956056374e+01
-1.030683820649027282e+01
4.528203785497036904e+01
-9.849661884106497567e+00
-1.109538513363416712e+01
-1.819026291625389291e+01
-4.872087840359036193e+01
-3.225777121955049154e+01
4.915127376439284035e+01
-9.476345834761923825e+00
-1.692846016151480626e+01
4.847672817581231897e+01
-4.401178417340438642e+01
-7.455317222861552295e+00
1.331320223008211556e+01
4.700217980788598737e+01
2.382750064610561935e+01
2.715831131894437434e+01
2.672502261895573383e+01
1.467508803052371213e+01
4.109251466641121731e+00
-3.106837667611199283e+00
-2.120911904282051808e+01
4.981315681757947544e+01
