-1.270517934003123628e-03 0.000000000000000000e+00
-1.001438774130392062e-03 0.000000000000000000e+00
-1.040113534573450238e-03 0.000000000000000000e+00
-6.560272550704127070e-04 0.000000000000000000e+00
-9.918270625153269293e-04 0.000000000000000000e+00
-1.272147934146872217e-03 0.000000000000000000e+00
-1.019825919013506166e-03 0.000000000000000000e+00
-6.814522383100651837e-04 0.000000000000000000e+00
-1.041360835558613473e-03 0.000000000000000000e+00
-1.200074427816666400e-03 0.000000000000000000e+00
-1.094874957397351523e-03 0.000000000000000000e+00
-1.048782194459363382e-03 0.000000000000000000e+00
-1.129099548792922292e-03 0.000000000000000000e+00
-1.222473953475855524e-03 0.000000000000000000e+00
-1.065347384164638811e-03 0.000000000000000000e+00
-1.042294815412958542e-03 0.000000000000000000e+00
-1.236364585622595769e-03 0.000000000000000000e+00
-1.211754893079231010e-03 0.000000000000000000e+00
-7.764670090617542542e-04 0.000000000000000000e+00
-7.287056860612040055e-04 0.000000000000000000e+00
-1.148420789379045459e-03 0.000000000000000000e+00
-6.643560719652441549e-04 0.000000000000000000e+00
-1.173285443579530352e-03 0.000000000000000000e+00
-8.208698164384742313e-04 0.000000000000000000e+00
-9.875183695324807331e-04 0.000000000000000000e+00
