3.147230509379135910e+01
4.057911921734707050e+01
-3.730137882955654050e+01
4.133753582853682929e+01
1.323587748290813515e+01
-4.024609779671262544e+01
-2.215026399674949431e+01
4.688100335876461244e+00
4.575061963570934154e+01
4.648879440408963148e+01
-3.423886362468086020e+01
4.705918658837295965e+01
4.571657480560693898e+01
-1.462507969835897592e+00
3.002799692844316581e+01
-3.581143989860510857e+01
-7.823973765005975523e+00
4.157345533213067768e+01
2.922059377659269686e+01
4.594911086404678002e+01
1.557382904431681858e+01
-4.642888334792179705e+01
3.491285525546640400e+01
4.339917740388553113e+01
1.787340079162881423e+01
2.577380668497414362e+01
2.431308834146368625e+01
-1.077748879520322767e+01
1.554768204216412109e+01
-3.288252272353716421e+01
