7.959430838337530068e-01
2.618114954223094148e+00
1.273724398667399393e+00
4.750237075022727962e-01
2.300978557353560827e+00
3.146578137812065634e+00
-4.056072604235861689e+00
-5.758905884642215867e+00
5.888395184222523504e+00
4.367254841222091954e+00
2.494838885891134783e+00
2.292834940878004435e+00
3.419362574415170997e+00
1.381361618966353788e+00
4.284876447078953987e+00
-4.077955943605854117e+00
-1.947359322063824338e+00
4.038521685289222951e+00
-4.784804146334288077e+00
1.140471721633364410e+00
7.222951792891804779e+00
2.985140730467496617e+00
1.841270332896266293e+00
4.216306593705472672e+00
-1.139013337705947038e+00
3.292384975519100809e+00
-1.373729336061169315e+00
-2.547681708325988392e+00
-1.299746996523009068e+00
2.918873491068353587e+00
1.603443344258100645e+00
2.779792804141224316e+00
2.180494798076957785e+00
2.099730431569070799e+00
-3.291232375316723857e+00
-2.724708721610027418e+00
-6.554030221684193691e+00
-5.344744456514240127e+00
-3.752338087814308665e+00
1.117357493900009713e+00
-2.696059852192353112e+00
7.257657199886955013e+00
1.750802038372150760e+00
-2.316447554877792747e+00
2.562000173630016420e+00
3.174419456049135668e+00
3.381872414844143027e+00
-2.447524845165669483e+00
3.803637135431357841e+00
-4.532658154132954920e+00
