-3.159050971110485273e-01
4.575891167927557568e+00
6.402078371953951574e+00
4.856124691941963722e-01
3.267052568425551140e+00
3.266134262464073235e+00
-4.171871923869180598e+00
-2.612483997543910696e+00
5.917367162902593236e+00
4.473012035618878279e+00
5.526457400465969449e+00
-1.689619314484482882e+00
-8.309225720854850339e-01
1.344729895489649163e+00
3.969162604700767538e+00
-3.869655640509017669e+00
-1.899686987969875451e+00
3.131003504388133241e+00
-3.828283363005969608e+00
-3.466192336242746919e+00
3.282365546103286569e+00
1.860975616524738196e+00
3.926273287663274658e+00
3.162825957124154819e+00
-9.650682032345727634e-01
3.319482094725414001e+00
-1.383755159142174840e+00
-3.475966263488069252e+00
-1.451882014121273823e+00
2.764782713830238325e+00
1.560155228314248799e+00
2.811075115870221630e+00
-6.587517855915048237e-01
2.118107154904927736e+00
-9.104506921269363673e+00
-6.264609906282716523e-01
-8.793751784412444650e+00
-2.484554935485159710e+00
-3.626138982722869830e+00
9.750335209832883265e-02
-1.847900887052959407e+00
2.210528385763338211e+00
1.720506540956046493e+00
-2.294852902791183258e+00
1.534682007834189177e+00
6.123397899437407865e+00
3.234769424944869520e+00
-2.830632788488149920e-01
4.971347648158794819e+00
-8.857970996126322660e+00
