-1.097865492991225267e+00
2.639538635195296301e+00
4.205714213449470051e+00
1.423031459746394223e+00
4.097345468554071779e+00
5.206870221291812761e+00
-3.211563772276273987e+00
1.348279175111538386e+00
6.862015261331054106e+00
3.051475842009709893e-01
2.554630938192264722e+00
-1.494565020661373200e+00
-7.408004445385008019e-01
2.218390564802442455e+00
5.166479225940324937e+00
-4.970203275723079628e+00
-9.731028393501481855e-01
3.920038954949600196e+00
-4.015796261216851626e+00
1.331804849287153925e+00
4.172916402879710773e+00
2.000807535784756563e+00
-2.779485351306041352e-01
2.359926130154856860e+00
-5.023774398768158456e+00
3.224627445472215470e+00
-3.521678163932769667e+00
-3.388850821004406377e+00
2.707081897646064661e+00
-1.188579857251808036e+00
-3.124558520447502930e-01
2.755611200729469967e+00
2.166766386012870083e+00
1.211949870971440468e+00
-5.165005089553962314e+00
2.938629188823487226e-01
-4.739427900656625781e+00
-1.530440157185558814e+00
-2.589247606963889226e+00
-7.568221450182777144e-01
-4.865618403310043583e+00
2.259532572514293403e+00
1.841517307805897063e+00
-8.080529108940092797e+00
3.460897691322013081e+00
-1.962322901200002967e+00
3.442501223431829960e+00
-4.062475200013908050e-01
4.842312756739737267e+00
-3.729001061006275375e+00
