1.808531349792671161e+00
3.707076683764697567e+00
-3.503178349441316008e-02
4.648389952044493789e-01
2.971134850653148085e+00
5.177179517489629568e+00
-4.412891697319554218e+00
-5.714583354258363279e+00
3.985029093016001056e+00
4.370237360977468732e+00
6.698671612845565448e+00
-1.458553177557924574e+00
-8.548819991286720210e-01
-1.763158973371706573e+00
4.345925476142540766e+00
-4.936058734923336466e+00
1.103234040233845192e+00
4.770755961013200874e+00
-6.726911342227261059e+00
-3.560543239211333422e+00
3.264803526009118162e+00
9.740412809735000677e-01
6.852064663411945311e-01
7.201301360134358731e+00
-2.986751493964157511e+00
4.391661943332794138e+00
-1.430098618203944127e+00
-2.472891096895548202e+00
-2.396208039330755657e+00
2.673378553241777755e+00
5.027534441023524536e-01
2.534576826736649302e+00
4.146425055992884801e+00
2.854733289934576757e-01
-1.996025767747875435e-01
-2.660236658441666346e+00
-4.560256102687956670e+00
-5.436950574782561940e-01
-4.435871370725727125e+00
5.883340845407758479e-02
-2.959406521328341810e+00
3.338434336628860244e+00
1.552651802212375642e+00
-3.294229031183803169e+00
3.380368254189505706e+00
-1.835686068598087584e+00
3.267086993220312152e+00
-1.329192611534431689e+00
2.843689260989396672e+00
-4.717953275840139682e+00
