-3.580932362461120988e+01
-6.669879041389844332e+00
-2.448741050068696623e+01
-2.923927596175614241e+01
-3.172061322056749688e+01
-8.425959369015544098e+00
6.235496123023153103e+01
-3.656387874473917066e+01
-5.802685870697610326e+00
1.711860260506787768e+01
2.349335549331517825e+01
-3.482228327910485177e+01
1.179357548784783738e+01
-5.228731394904558627e+00
1.996888234438256760e+01
-3.301547719089663246e+01
-4.729858940167877535e+01
3.306804297654078795e+00
7.288590304928939645e+01
-4.439301031066153769e+01
2.444648616835040755e+01
-5.643619814667029289e+01
6.427103869752288290e+01
-3.921717593711115057e+01
-1.725304767499903136e+00
1.218054858200759050e+01
1.107030829333178978e+01
-7.010775259714939978e+00
-2.390787075065195211e+01
-1.978553795941193627e+01
1.604940248469676334e+01
9.539807138523785923e+00
3.496728569991793023e+01
3.216467692764682340e+01
-1.599609540071276292e+01
4.147939478374513556e+01
3.677553405872392034e+01
7.732199853509430731e+00
7.818809620908226066e+00
3.262544313592087519e+00
-9.877991973407697301e+00
2.386007449634712074e+01
2.277237890269414322e+01
3.834374788302973514e+01
-6.948243171084413916e-01
-7.533196166354827028e+00
1.656381224627336479e+01
3.467501032706570641e+01
-5.557169738921228230e-01
-3.831437490536913515e+01
-1.268725783241801963e+01
8.884124001246919988e+01
-4.313540314976571466e+01
-3.394229689973096953e+01
1.965116342777178815e+01
1.573128600588272263e+01
4.339465543773899725e+01
-3.510230498869855609e+01
-4.295099124913240018e+01
-1.220953929193377974e+01
7.909172605171818304e+01
-8.152684020402920950e+00
3.363495837216104789e+00
-3.397774447751154270e+01
7.500711169196313222e+01
1.834642432840648851e+01
3.918803002706309258e+01
-1.914206943894088297e+00
-2.597440015091182630e+01
-1.298983876930895320e+01
1.367571105107336393e+01
3.501661590177484129e+00
-2.346414899657106901e+01
-4.458289857180910332e+01
7.215942104420474834e+01
-3.494439072321068096e+01
-4.462457496985604166e+01
-7.594491447372391235e-01
4.460829198460278633e+01
-1.942720585341938033e+01
-5.501470112393034739e+00
-2.418273984820603673e+01
-3.612955552879819265e+01
-3.899114245421448288e+01
5.868001484033696613e+01
-3.816621507600677177e+01
-9.822805606136107315e+00
6.999684392261912080e+01
-4.756570706283726935e+01
-8.102768997394063533e+00
1.459170324749586278e+01
4.455443176277849204e+01
1.853564666657387505e+01
3.299871935929668609e+01
2.301393927950500995e+01
-1.425823265514658544e-03
1.780639166006031004e+01
-1.098250604453926549e+01
-1.177591466430190081e+00
3.716339483507732666e+01
