1.050076280460785272e+00 5.100000000000000000e+01
1.048121268595370026e+00 5.100000000000000000e+01
1.047055232580556661e+00 5.100000000000000000e+01
1.049445769074488499e+00 5.100000000000000000e+01
1.049952927498293720e+00 5.100000000000000000e+01
1.050156116340061896e+00 5.100000000000000000e+01
1.048856500135654901e+00 5.100000000000000000e+01
1.044363428299974972e+00 5.100000000000000000e+01
1.049873606280333771e+00 5.100000000000000000e+01
1.046661035635365389e+00 5.100000000000000000e+01
1.049892534264793120e+00 5.100000000000000000e+01
1.049955992191944132e+00 5.100000000000000000e+01
1.049873178404374219e+00 5.100000000000000000e+01
1.048234061634345515e+00 5.100000000000000000e+01
1.049998493370007724e+00 5.100000000000000000e+01
1.050101688574077485e+00 5.100000000000000000e+01
1.049976766975630138e+00 5.100000000000000000e+01
1.049721434775588991e+00 5.100000000000000000e+01
1.049758862901166268e+00 5.100000000000000000e+01
1.049755207911587274e+00 5.100000000000000000e+01
1.049850311335236874e+00 5.100000000000000000e+01
1.049981392432845162e+00 5.100000000000000000e+01
1.050036431057088659e+00 5.100000000000000000e+01
1.050088130890450389e+00 5.100000000000000000e+01
1.050091560230273169e+00 5.100000000000000000e+01
