1.563986608064387163e+00
-3.586854320550004971e+00
4.508937441142052194e+00
-2.067224751309790776e+00
-8.142993255605825098e+00
-9.107838124396389290e+00
-9.467714586898566154e+00
-8.267572332416319725e+00
8.249753129405771546e+00
6.959323847333684476e+00
-7.144086559575235640e+00
-9.967181356972918849e+00
2.108634360331589352e+00
1.392524896924681954e+00
-1.684631721891922229e+00
-3.555281790152010846e+00
-8.226713930481608372e+00
6.023172475733538089e-01
-3.193098928098255129e+00
-7.175441966715704112e+00
9.299833957217170877e+00
-2.636502673536688324e+00
-1.689002438561942432e+00
5.028529758511547598e+00
-1.232614199854186410e+00
3.260394085507898776e+00
-9.669862911320851850e+00
6.726434148388970691e+00
-3.785322213550649462e+00
3.436013100553297228e+00
