2.155774691426067147e+00
-2.994678479369029755e+00
5.102681004359187256e+00
-1.472375528037027426e+00
-7.549788933167469018e+00
-8.510086818142777787e+00
-8.871415486513367199e+00
-7.671629881483106317e+00
8.845837837638093504e+00
7.550493064589915093e+00
-6.551553840763675751e+00
-9.371879710299312549e+00
2.709044203661183481e+00
1.991696614493327244e+00
-1.087840654464531376e+00
-2.961389494166585035e+00
-7.632370858296734006e+00
1.197772941088771192e+00
-2.594025990148243643e+00
-6.577130447858505313e+00
9.899334056663866122e+00
-2.035887184884641155e+00
-1.085588638416986829e+00
5.634641910700584511e+00
-6.235126942459979782e-01
3.864283079715182367e+00
-9.068589564264605940e+00
7.325105209549868768e+00
-3.185356532719265221e+00
4.036188422280326371e+00
