-2.857287676284347810e+01
-1.602069291761020153e+01
-3.426735013531153129e+01
-4.581811210019632341e+01
-1.807978114677901971e+01
2.572567904803675987e+01
2.471656391470252245e+01
1.121571948912405858e+01
-1.213661711249702080e+01
-9.155066608874947720e-01
2.340530968568361558e+01
-3.146470652850535998e+01
-9.066299489073347928e+00
5.735014631023942933e+00
1.568416698502274365e+01
-2.158247350619412686e+01
-4.337023138836683955e+01
3.353632175083504752e+00
3.114533337227877752e+01
-2.990395091007559714e+01
2.543268921869011479e+01
-1.867392971716378369e+01
1.974923095020745478e+01
-2.442752402154002311e+01
3.031123770199537049e+01
7.076420612652543518e+00
-1.241641670287776655e+01
3.172483307981983813e+01
-3.595470423385646086e+01
-3.430051214977204666e+01
-5.950190290605426036e+00
4.163390336826338256e+01
1.788017874471226420e+01
3.647973508917360608e+00
1.070598804447732633e+01
3.417760167012333739e+01
2.369305365844439493e+01
2.464509163314059137e+01
3.438064711198548196e+01
-3.611374658788558634e+01
2.847953609978978307e+01
-2.843728541683813837e+00
2.829985668759203321e+01
2.101032318516120867e+01
1.845463126488872341e+00
1.516357855311940384e+01
-5.468721733267974727e+00
3.968670065664568369e+01
1.171355235318208798e+01
-4.941107406453620143e+01
