-2.857246389269899822e+01
-1.599798535120240928e+01
-3.428904601394057750e+01
-4.581892515059213622e+01
-1.808193550423859719e+01
2.572314825329899435e+01
2.474307008689693177e+01
1.117891025900137336e+01
-1.212193518766547484e+01
-9.331027928841200136e-01
2.342965809579347081e+01
-3.147630918124739807e+01
-9.077794670165559410e+00
5.743828123006964326e+00
1.568733291085134418e+01
-2.155633168525571364e+01
-4.340359710354411504e+01
3.341230535108456579e+00
3.115468169767760287e+01
-2.989704839437824191e+01
2.544055117090885076e+01
-1.868247073742412567e+01
1.975134899104840969e+01
-2.441290043146413780e+01
3.028235604134360059e+01
7.097205463917049428e+00
-1.243291122803970694e+01
3.172629140040200113e+01
-3.593745902983255291e+01
-3.429539347678372962e+01
-5.957475680149231678e+00
4.163916739384897880e+01
1.786417899406509235e+01
3.663717326268729035e+00
1.070436137881761418e+01
3.417300432344321592e+01
2.370488928967017017e+01
2.464767681574370428e+01
3.437276038386787036e+01
-3.612598896944364668e+01
2.848359169083234832e+01
-2.848916845125228026e+00
2.830612505950770696e+01
2.101349765382714807e+01
1.848873442069495221e+00
1.516105873773204493e+01
-5.473324354143790593e+00
3.968271481775393283e+01
1.172860285499334410e+01
-4.942286032017879904e+01
