-2.857046119483118929e+01
-1.602184007464302695e+01
-3.424997809351753375e+01
-4.582161241216731185e+01
-1.806524223182971056e+01
2.570335447381970440e+01
2.469830660454108440e+01
1.118869656658696599e+01
-1.214410495048092464e+01
-8.954859645583815864e-01
2.340765771585557786e+01
-3.147315322671650861e+01
-9.066410637225294167e+00
5.750660885244357701e+00
1.570941282531084582e+01
-2.156275961848418632e+01
-4.338119628512208692e+01
3.358738554382816321e+00
3.112079584163630130e+01
-2.990542791664480760e+01
2.541485007617255931e+01
-1.866985150843489194e+01
1.974127585527602591e+01
-2.445822975070745642e+01
3.032376259155435960e+01
7.048475643829082316e+00
-1.241118875138140076e+01
3.171676679390702347e+01
-3.594019115897837224e+01
-3.430134760877100319e+01
-5.945219507963328986e+00
4.161896965524073266e+01
1.786186286484607066e+01
3.619893569117972554e+00
1.069191314396687531e+01
3.420435395694653380e+01
2.370295629483359789e+01
2.462014584417656948e+01
3.439861760286585479e+01
-3.611865535918719416e+01
2.847873308535519499e+01
-2.820425745684703056e+00
2.831905859020170624e+01
2.098353935574251139e+01
1.869261458531292108e+00
1.519398063642040775e+01
-5.442588600012731703e+00
3.965858359176709769e+01
1.173706504308322351e+01
-4.943974104101605604e+01
