-2.856229791949337837e+01
-1.604001660549464248e+01
-3.424388318580891166e+01
-4.582486336004313188e+01
-1.806332658654191192e+01
2.572514780875756202e+01
2.472462890232234045e+01
1.120222922548837019e+01
-1.211760241851425235e+01
-9.041810016856998145e-01
2.338210798889094022e+01
-3.144628709701709468e+01
-9.054418312891685972e+00
5.738456555279850768e+00
1.567462457362584338e+01
-2.159426002989764726e+01
-4.338198589783662840e+01
3.350583119321539627e+00
3.115454623372592025e+01
-2.991581130390700949e+01
2.541008835100964447e+01
-1.868881885150035771e+01
1.976897619974352338e+01
-2.441649681764040025e+01
3.032996398363160395e+01
7.081639893215818660e+00
-1.241447120470895271e+01
3.172517492340515943e+01
-3.595303916041103065e+01
-3.431355894722824473e+01
-5.966796755537341568e+00
4.162645630493265969e+01
1.790115786079147142e+01
3.636396576782792600e+00
1.071595649721598953e+01
3.419064862660438564e+01
2.370489736853938467e+01
2.463407672937890425e+01
3.436114827811388750e+01
-3.613269032160081906e+01
2.848711029874509038e+01
-2.841181560080472845e+00
2.831653923638937087e+01
2.102450062975679046e+01
1.841927118149390363e+00
1.517059091713247376e+01
-5.462927895508171261e+00
3.968942271709828162e+01
1.173295354750225172e+01
-4.939122045134551087e+01
