-2.857286068241769783e+01
-1.602068778558886208e+01
-3.426726088447726681e+01
-4.581814147935913439e+01
-1.807974430953135681e+01
2.572573858478221354e+01
2.471665595583498742e+01
1.121573423108635303e+01
-1.213655436627658624e+01
-9.155366824472996878e-01
2.340526814505033215e+01
-3.146464236512109025e+01
-9.066331379674272384e+00
5.735010781300692528e+00
1.568420764915087773e+01
-2.158258145148579032e+01
-4.337010511687157077e+01
3.353694290213870222e+00
3.114533231661923907e+01
-2.990392053744011136e+01
2.543263052607447250e+01
-1.867389658538742481e+01
1.974920762611640868e+01
-2.442749259688391916e+01
3.031127359851720016e+01
7.076467051435600730e+00
-1.241646981955123685e+01
3.172473248760556430e+01
-3.595478205629058266e+01
-3.430053041211075282e+01
