-2.857287102118845112e+01
-1.602026084053258259e+01
-3.426726377235110022e+01
-4.581834297330212280e+01
-1.807963245955456699e+01
2.572603557400599072e+01
2.471631584904170609e+01
1.121552503649996346e+01
-1.213645437568140828e+01
-9.149851952608524241e-01
2.340524805671407549e+01
-3.146450134560967626e+01
-9.066687194389436044e+00
5.735019143879463321e+00
1.568417745045228884e+01
-2.158256891692272106e+01
-4.337010256738720670e+01
3.353943961478534685e+00
3.114535425092033094e+01
-2.990408260426004716e+01
2.543269690817005824e+01
-1.867352164718945673e+01
1.974922772070371479e+01
-2.442764855890408171e+01
3.031108691448795511e+01
7.076438716655732541e+00
-1.241631617208813410e+01
3.172468594556497834e+01
-3.595467284536771047e+01
-3.430015176571288293e+01
