-2.857288330231344986e+01
-1.602067403834884374e+01
-3.426734151792889094e+01
-4.581810869090114835e+01
-1.807978484899492244e+01
2.572568332622774889e+01
2.471656639691374835e+01
1.121570975085190369e+01
-1.213660085271997779e+01
-9.154911929281035476e-01
2.340530474879287226e+01
-3.146469103173857107e+01
-9.066300076877549685e+00
5.734996311862602170e+00
1.568417168634788794e+01
-2.158246769141762300e+01
-4.337020256778296101e+01
3.353633444875423919e+00
3.114534571570904831e+01
-2.990396985920482464e+01
2.543268410006505675e+01
-1.867394130850485823e+01
1.974924662408735898e+01
-2.442750431822961943e+01
3.031124578818342385e+01
7.076421081873523811e+00
-1.241643096177843297e+01
3.172483366339258382e+01
-3.595471933301983825e+01
-3.430053272602723524e+01
