-2.857289000413178215e+01
-1.602077149114052546e+01
-3.426744951740137424e+01
-4.581812301804367848e+01
-1.807979610503261014e+01
2.572570866378633525e+01
2.471652421377406128e+01
1.121567915841763252e+01
-1.213663966110626902e+01
-9.154933813079806360e-01
2.340534670568595388e+01
-3.146474108464782304e+01
-9.066312465195348835e+00
5.735020368427996118e+00
1.568415635824766596e+01
-2.158250692232372714e+01
-4.337026330543107377e+01
3.353617756556824592e+00
3.114527749994226369e+01
-2.990393717470621482e+01
2.543271214905074729e+01
-1.867397719972927206e+01
1.974921953215527637e+01
-2.442746997451256163e+01
3.031123431739599283e+01
7.076385319229664184e+00
-1.241638243664196395e+01
3.172483369452463364e+01
-3.595462150589992234e+01
-3.430044359646876018e+01
