-3.056967061322703216e+01
-1.604513297859343979e+01
-3.427865503979212036e+01
-4.580644516207767936e+01
-1.809987558989512380e+01
2.570275361997286367e+01
2.475297425835281828e+01
1.121132977531487995e+01
-1.214448254888603529e+01
-9.077262774267872425e-01
2.341173024717573981e+01
-3.147990088103352235e+01
-9.094178525184357653e+00
5.732211772830966723e+00
1.567553102519270425e+01
-2.159028087119187589e+01
-4.337072066699837336e+01
3.349356963496368689e+00
3.114557009728091330e+01
-2.989490044768581356e+01
2.542318051589800021e+01
-1.866742591450419297e+01
1.976168847130580986e+01
-2.441685614643878921e+01
3.030426200916377866e+01
7.069184964140009519e+00
-1.240232825398265781e+01
3.173931349102128507e+01
-3.595294674992479145e+01
-3.428366143175414749e+01
-5.999519651017399369e+00
4.164953929096878937e+01
1.788176621964048252e+01
3.644312424088461899e+00
1.070106801055874968e+01
3.417385350885325579e+01
2.371999406489547368e+01
2.467170715839005268e+01
3.440040892036078901e+01
-3.612179707290520980e+01
2.850922813879754969e+01
-2.858308441877951633e+00
2.829480078424838041e+01
2.102478177380082869e+01
1.855207537009985863e+00
1.516045633251501279e+01
-5.473439892323225919e+00
3.969973029498370209e+01
1.173453731844249148e+01
-4.939391789466537119e+01
