-3.057074443201920388e+01
-1.602567222419917670e+01
-3.426947519820224386e+01
-4.581437433146722071e+01
-1.807680137136004461e+01
2.570094597411888415e+01
2.471964765834353628e+01
1.121785791127278564e+01
-1.214828893656143904e+01
-9.127244798263113301e-01
2.339038730626031182e+01
-3.148326747835714912e+01
-9.073034504595256067e+00
5.737694689574301066e+00
1.568077530903133265e+01
-2.158177421172594634e+01
-4.338105881934545494e+01
3.351325789709043601e+00
3.114602165472534878e+01
-2.989494049593900371e+01
2.543213341566213614e+01
-1.867697685130397289e+01
1.974795114518698824e+01
-2.441884226300459204e+01
3.030752797753169148e+01
7.087604284934944765e+00
-1.240632264805469376e+01
3.173194183027207771e+01
-3.595826571792864002e+01
-3.428428776113322840e+01
-5.947014827415609162e+00
4.162535363851010572e+01
1.787359752932603385e+01
3.656518356991351304e+00
1.070560865242834758e+01
3.417709555972454183e+01
2.370995302523993686e+01
2.465717621079433286e+01
3.439384105394103130e+01
-3.611771027077976726e+01
2.848117130408245146e+01
-2.821177974725257442e+00
2.830322021883034012e+01
2.100482200944377098e+01
1.840309337043618099e+00
1.517260894794371140e+01
-5.410133427985534205e+00
3.966304645409845619e+01
1.169120845187846847e+01
-4.939829351076986796e+01
