-3.057136752153388670e+01
-1.601056685383935729e+01
-3.426845616172256825e+01
-4.583248820252098454e+01
-1.806369474109508744e+01
2.573551536020837815e+01
2.472351320407870290e+01
1.121704626491042234e+01
-1.214013716112210162e+01
-9.031114896942524783e-01
2.340628472973369867e+01
-3.144443704443987642e+01
-9.065208779389159588e+00
5.733423478532140294e+00
1.567476898629150739e+01
-2.159744441817353433e+01
-4.337792997046287269e+01
3.342753750953667780e+00
3.116781316795273327e+01
-2.987861511086695288e+01
2.541752965893303084e+01
-1.866324851570598042e+01
1.975469139423897502e+01
-2.444459080705978948e+01
3.030609182309161653e+01
7.070432164295894495e+00
-1.241433178130339954e+01
3.172484188964784835e+01
-3.597446969885140078e+01
-3.431394423653968317e+01
-5.951726081528781798e+00
4.163081470758102398e+01
1.788389106271784357e+01
3.655282553385189370e+00
1.069974013365253640e+01
3.415132147645396543e+01
2.369153973886686515e+01
2.465028010313094597e+01
3.438419381534453834e+01
-3.611591509737241523e+01
2.848539279461088825e+01
-2.843912961621953173e+00
2.829925048012846744e+01
2.102527445294432695e+01
1.846367231318387869e+00
1.516022860213373491e+01
-5.466437273317077405e+00
3.969343547994544963e+01
1.170295838246625664e+01
-4.943172566979257709e+01
