-2.859667266541235620e+01
-1.609413732306271427e+01
-3.430565960738227460e+01
-4.571136772869917309e+01
-1.802905148126106738e+01
2.578605632256358504e+01
2.491620750504728576e+01
1.129608874105290006e+01
-1.204121401727513252e+01
-1.008320593035075596e+00
2.335879700265362047e+01
-3.134199082126118441e+01
-8.788162632406555375e+00
5.744977158495678360e+00
1.580569400909283395e+01
-2.139943837234807233e+01
-4.333753061135439566e+01
3.308738237293084250e+00
3.096108552470149533e+01
-3.002367714057426795e+01
2.540349323177405338e+01
-1.876163284558002431e+01
1.988613813537480013e+01
-2.418269794691256891e+01
3.021587597805961067e+01
7.070932954313738250e+00
-1.228450983713711331e+01
3.156501241213901920e+01
-3.577581089548631610e+01
-3.430944296940897686e+01
-5.936115607561005092e+00
4.155414535706947987e+01
1.796315862462661173e+01
3.500875943008023405e+00
1.080500592952439476e+01
3.403986144134105984e+01
2.356479945773505946e+01
2.466521996721409238e+01
3.444074238673479726e+01
-3.617684726581855870e+01
2.842510614722152695e+01
-2.687169554300780749e+00
2.833954467189265003e+01
2.096666094608047359e+01
1.923710715883476086e+00
1.515188562434017427e+01
-5.508260144419181437e+00
3.966307205474895170e+01
1.155183465689752786e+01
-4.928623132202265822e+01
2.046094948383349177e+01
4.799323037805858405e+01
-4.267650816025739147e+01
-2.689987815086202971e+01
2.656343704320759258e+01
3.018100604495342765e+01
3.774956738268335243e+01
-4.625014804502211518e+01
-1.846998980189910000e+01
-2.265895926114504988e+01
3.756485925976119944e+01
7.912206275050037263e+00
1.933211600744018810e+01
-4.212914398015126949e+01
4.880371524344318601e+01
2.460521183368399178e+01
4.068493519590352747e+01
4.413466230695843251e+01
-4.512587902058356804e+01
-1.254935682010399134e+01
1.392911052110590830e+01
-2.489170042038623798e+00
-4.085386090463045150e+01
-3.089747669031934763e+00
2.583995187307527175e+01
-2.958712465091874932e+01
-2.026819875070863830e+01
-1.056177450764334580e+01
4.537413240906505507e+01
-9.811832444313438373e+00
-1.108491090927473977e+01
-1.841709143022379891e+01
-4.891867343679859914e+01
-3.251109065213232441e+01
4.914955376938443266e+01
-9.529635272350027719e+00
-1.701109697789294373e+01
4.831489226317390973e+01
-4.399203646234339971e+01
-7.446007080635680175e+00
1.346655234855987793e+01
4.701307259860213605e+01
2.400550122088038663e+01
2.733457148891766053e+01
2.675245446661963555e+01
1.468383301634360194e+01
4.065743488457941091e+00
-3.226340166365521345e+00
-2.124011759225025742e+01
4.971814623875506811e+01
