-2.847820056423065793e+01
-1.606278288042654268e+01
-3.425308085651113288e+01
-4.601466619917624001e+01
-1.797892738531806245e+01
2.559551493997616234e+01
2.468155218549429364e+01
1.109943613826679254e+01
-1.203185324316894267e+01
-9.765873967051905691e-01
2.354208623037206394e+01
-3.153622648607378309e+01
-9.061690113748202435e+00
5.816156236152892234e+00
1.562632927807072747e+01
-2.133961512486874668e+01
-4.333895810637133650e+01
3.478447878764893364e+00
3.124680072412670029e+01
-2.993326801500893097e+01
2.529624238494179522e+01
-1.862989660677271786e+01
1.988449780883831863e+01
-2.444137767597121069e+01
3.032326203300635470e+01
6.964510674169086535e+00
-1.248445236429824057e+01
3.164454297811976602e+01
-3.589344709419246726e+01
-3.425450543995900432e+01
-5.952003704644296178e+00
4.167497112224681644e+01
1.805939445784801833e+01
3.490412816385226158e+00
1.056450012094472868e+01
3.407589688161920805e+01
2.382633496255570194e+01
2.460847170818328067e+01
3.432561373506884905e+01
-3.616236074128267575e+01
2.831313391201279117e+01
-2.903980779244111687e+00
2.828561645766888333e+01
2.095959480732335578e+01
1.896733250816454719e+00
1.522523807391762674e+01
-5.356094914979214749e+00
3.957965455395665799e+01
1.175472705651146299e+01
-4.935449618423104567e+01
2.067648632935394559e+01
4.786012635511140445e+01
-4.280165140694219872e+01
-2.703409127054461436e+01
2.647871071584530611e+01
3.030625751898914189e+01
3.786601160470879535e+01
-4.624250742907538836e+01
-1.841490071551851315e+01
-2.284684376760541369e+01
3.735532886379579764e+01
7.857309365713863514e+00
1.925417371053186244e+01
-4.200487708262465247e+01
4.889246430716131897e+01
2.454116025018881331e+01
4.057500468923642245e+01
4.414485803338209280e+01
-4.527498093349881714e+01
-1.274996303313156787e+01
1.382894635703858022e+01
-2.339925900745769116e+00
-4.072639512147632956e+01
-3.003762654718259650e+00
2.618079351806473909e+01
-2.971865463745477598e+01
-2.045776175945144360e+01
-1.017865762994592060e+01
4.528487127095159082e+01
-9.865971022990155603e+00
-1.091647475695097924e+01
-1.829380918447377269e+01
-4.887841424477934282e+01
-3.220328677370273596e+01
4.902300155855320440e+01
-9.338559215181897244e+00
-1.717032361530326057e+01
4.863277848973157091e+01
-4.405762202658902993e+01
-7.471312455723197132e+00
1.329327325130429216e+01
4.697647613526234522e+01
2.382290560737508045e+01
2.714190869565916486e+01
2.689738151341325434e+01
1.463922549906524750e+01
4.069345578811257802e+00
-3.129811375553640751e+00
-2.124546334363066080e+01
4.992256536918441157e+01
