-1.987561345096244825e-01
3.672215051200110825e+00
1.279073510252006995e+00
1.413176819701580822e+00
3.267636602963705617e+00
4.143444545810349489e+00
-4.260068994891888394e+00
-2.728455681425360435e+00
8.080682360427891453e+00
4.391431321440895985e+00
2.534677075736835317e+00
-1.517409055052074907e+00
-7.430260832889783451e-01
2.375572053753690405e+00
4.257906444699250059e+00
-4.958061276860100897e+00
-1.832472821498586146e+00
4.052956223119772439e+00
-3.901437306997093568e+00
-2.595274913781880244e+00
3.227147321939741076e+00
1.958105548332365942e+00
-1.440293627561450573e-01
3.147836904405231007e+00
-2.052516708232710485e+00
3.252401605520128136e+00
-1.398388303965110380e+00
-3.458626180525030680e+00
-1.370549950082812440e+00
2.777228188458684244e+00
5.960328215522607831e-01
2.690457314809324707e+00
3.147830796629079497e+00
1.167738479581769129e+00
-4.176580030593985526e+00
1.308127085311517890e+00
-4.618529138431158643e+00
-5.666986494810251074e-01
-3.612078700411039733e+00
1.113356978736162795e+00
-2.859970141333018301e+00
3.210613699436530410e+00
2.685502232283460522e+00
-3.315114928036258402e+00
2.593005840211759505e+00
3.127326041242800336e+00
3.306718117406242108e+00
-1.347020431938549256e+00
3.915784708695804195e+00
-4.843897234227739546e+00
