-4.233320529759434692e+01
-8.305256646399460152e+00
8.107527761231841268e+00
-1.512351129780039649e+01
5.886391873325354851e+00
-2.926369254851966417e+00
-3.223618251378552912e+01
6.760140220321572357e+00
5.513779414516092992e+00
1.653768870234200961e+01
7.783256194756681623e+00
7.017438676595473268e-01
-3.527564934568999888e+00
-1.137150464043129361e+01
5.470802912185344979e+00
-9.543208069817183059e+00
-2.368630889908865811e+01
-3.873334860874838625e+01
-1.186500160191215869e+01
-9.981290686609192164e+00
-7.939226652756598668e+00
6.903081285983892812e+00
6.445497989198258892e-01
-1.312855720066483656e+00
7.396138361184203092e+00
-2.991049479255012500e+01
-6.799315469622956520e+00
-3.240513287401513765e+01
1.695218397175079872e+01
-3.632931354314791861e+00
6.588855478527270826e+00
1.659001019351789452e+01
-1.321077679382872105e+01
1.032227662332349638e+01
4.214642226429916150e+00
-1.778828496481557053e+01
4.682088464526488636e+00
3.558944478111425447e+00
-3.825681023506719214e+01
5.365010146155011483e+00
-4.082584416956844819e+01
-4.056178753685281890e+01
-1.728425788214503456e+01
-3.011180032399021300e+01
-9.893779185368700269e+00
1.663004413709092333e+01
-5.178001350028266359e+01
-2.687643484401057492e+01
2.156689940234097769e+00
4.094620966809591422e+00
