-4.696335449145706775e+01
-2.173521218599875127e+01
1.787566034496240519e+01
8.591457645292397416e+00
7.073379041188212923e+00
2.008270488022362343e+01
-1.526926713187081397e+01
-2.678403611334929479e+01
-6.283073750409833735e+00
1.906164714163058704e+01
6.244210392970602541e+00
8.213499544213911818e+00
-3.060121876325851886e+01
2.105614235462648764e+01
1.657452048381547272e+01
1.468706966019713178e+01
1.078661940463203450e+01
-1.869378196151421179e+01
-2.704205269099053766e+01
-7.007829706036822870e+00
-4.708999676433039738e+00
-1.005641333916723390e+01
2.739448615888788652e+01
-5.922748429361445233e+01
-2.194878380401798879e+01
-6.265444336609022002e+00
-1.808051110178957188e+01
1.880514480680157163e+01
-8.589145591587072914e+00
1.633386960340666150e+01
-2.063219633807183229e+01
-1.084872917361542122e+00
4.432148711309036315e+00
-3.618581064738192765e+01
5.404308644990033272e+00
-9.448620208664956976e+01
-1.196397703412123903e+01
-1.347318098853970980e+01
1.150323285844597443e+01
-4.807794006292819944e+00
-2.784040390264643250e+01
1.782321428145055009e+00
-3.887934480850783103e+01
1.129688522491878189e+01
-3.548377667825391768e+00
-3.322038051941420633e+01
-5.423297822174872351e+01
-9.113910243970089198e+00
1.155926532968018705e+01
-3.411656297350861422e+01
