-6.405940996549070121e+01
3.357750815273179512e+01
-4.858781674565159392e+01
6.366152413224804718e+01
-7.862338871258997131e+01
-2.762878272928531942e+00
6.196142503844961880e+01
-5.628025608620894360e+01
7.859051049690501145e+01
-3.016820058284241668e+01
-1.261987736613119182e+01
1.811390529751086831e+01
7.467999370900000145e+01
-5.575109170739882813e+01
8.333812923109084281e+00
2.077941281040424570e+01
3.991851762158982808e+01
-1.186117761814431759e+01
4.119749926460278289e+01
-7.789815642571244325e+01
7.669993873373007887e+01
1.601736998147316271e+01
8.367468586998866442e+01
7.799877512720541972e+00
6.418106457547592925e+01
-8.137816249359119070e+00
4.026449797061889058e+01
8.135384111791151440e+01
-4.374517472970676835e+01
1.619721510391168096e+01
-1.207346803098776000e+01
-5.598409716666395752e+00
5.251352229796603410e+01
6.859319168494245389e+00
1.109408535804657703e+00
-1.645582401864854605e+00
4.176137664508402736e+01
3.150993546846633819e+01
-3.749103964127235145e+01
4.298360163231204467e+01
1.491411170062229807e+01
2.166621915847105129e+01
2.805233556912111936e+01
-4.639142406417554554e+01
-2.920881129538018328e+01
4.981641921603691969e+01
-1.693182362527657148e+01
2.237607811873014185e+01
-3.920209050136953977e+01
-4.781908501777489562e+01
