1.365737347046843908e+00
-4.840557968767615904e+00
5.152352044784514362e+00
-5.181764078195794809e+01
-5.207756964446903680e+01
1.777083788307484014e+01
-1.006820066694670857e+01
2.560077285202088504e+01
-4.155933518130364490e+01
-5.037502198364165906e+00
1.658685878365952249e+01
5.452801845986735430e+01
6.801362954233947988e+00
2.517784334758648868e+01
-1.838058764422306979e+01
5.583498245998335108e+01
-4.942139573049729506e+00
5.553932024414271496e+01
-3.422649748567179984e+01
6.341239827682940700e-01
4.703319465515311748e+01
-1.920718775343783591e+01
2.778594527423542004e+01
3.493468227511077373e+01
8.673856003778809054e+01
2.829062217538341883e+01
2.977219817684875380e+01
2.227815903004623976e+01
9.088176638709242638e+01
-5.460773529546490579e+01
-6.623313738804014861e+00
-1.362484616875665466e+00
2.771810058307633184e+01
2.457018738355007770e+01
4.082033219892920783e+00
-1.016763084606130008e+01
4.025356195860098296e+01
2.545779667143112590e+01
1.945719821617759493e+01
1.940362480828164493e+01
-5.545189236856966630e+00
2.476671323543178715e+01
3.272468597512840205e+01
-1.514612838469806988e+01
-4.903917691635663800e+01
4.510147862230227389e+01
-7.807538977351669018e+00
-2.544837420302754794e+01
-3.236535134563893479e+01
7.364748085922547816e+00
