5.786171214164320986e+01
-7.063632338708387692e+01
-5.249843896606643057e+01
-3.645801722126527977e+00
-4.746905177900955408e+01
-1.932004989235329617e+01
7.631287006005612739e+01
-1.979884733451537571e+01
-4.067498711714566895e+00
-4.576170303514285820e+01
-1.557619953775469845e+01
8.547281854394876177e+01
1.832739320811410266e+01
4.462108754774672548e+01
-9.964159643406901523e+00
9.231089465095215019e+01
-5.555628697568998575e+01
-1.792696936114869288e+01
-1.687039674856109173e+00
3.520350808780517582e+01
3.135434695768975288e+01
7.743029643191645661e+00
1.735350594651112743e+01
3.059535986897876825e+01
4.971455328075983715e+01
8.879584029003069645e+01
-1.589254915017826164e+01
8.854272196481446144e+01
5.561656823543932404e+01
4.885551396658158296e+01
-5.732946806257724148e+01
-1.885379899921699121e+01
3.985772475015397731e+01
2.280372943556532306e+00
6.948921165491660190e+01
2.618537781182399726e+01
-2.175695343144153782e+01
7.221551538348691679e+00
1.923717728788825099e+01
-2.201791237615905317e+01
5.051356246901548275e+01
7.525361843414131613e+00
4.613984709978362986e+01
-3.848017573500304422e+01
-1.073705334256038846e+01
2.227405226620756196e+01
-3.687745148573498000e+00
-2.680422926112419901e+01
-9.841886255472491740e+00
-2.768814788725350695e+01
