2.115802393059049713e+00
-5.950353298160527160e+00
-7.697566920308795968e-01
-1.026287521094320887e+01
-1.924692976244824649e+01
-2.308864834056688053e+01
-2.632445464818193770e+01
-2.799176911968755022e+01
-1.430474193712383268e+01
-1.839136476035893253e+01
-3.525019934828046075e+01
-4.082239353521989500e+01
-3.147439247095786641e+01
-3.491417802674273929e+01
-4.058646149424657779e+01
-4.505282710705068894e+01
-5.204002742845902674e+01
-4.552718897074234405e+01
-5.141857101282762699e+01
-5.750081682871132216e+01
-4.312306197623878745e+01
-5.706925359483786764e+01
-5.811619873661688018e+01
-5.321085268351381359e+01
-6.128201849337828122e+01
-5.859160842644890010e+01
-7.332244461429088744e+01
-5.871329382110035766e+01
-7.086575791524525414e+01
-6.518808724509131025e+01
-7.445235875371507461e+01
-7.810595470587912814e+01
-6.768979292447593821e+01
-6.733313019937966715e+01
-8.104202296572815101e+01
-7.621438964819087403e+01
-7.348159727722300261e+01
-7.602615171677184946e+01
-8.905392954081452217e+01
-8.277987167547220793e+01
-7.791315932611696837e+01
-8.513758275351649729e+01
-9.331336023888084696e+01
-7.760659617462196991e+01
-9.242688483964145973e+01
-8.619746335895216305e+01
-8.329450185656274641e+01
-9.154348082941518783e+01
-8.866370686855918848e+01
-8.979231464455082801e+01
-9.471277821898222271e+01
-8.741046281674456964e+01
-9.694483192253767356e+01
-8.745787265680264966e+01
-9.489733075132221529e+01
-8.471978166089986928e+01
-7.925888281122630019e+01
-9.138182667103423285e+01
-8.500429591463230850e+01
-8.844456745631509875e+01
-9.556236298295424092e+01
-9.846069378343128164e+01
-8.689701955186211535e+01
-8.134063393415738119e+01
-8.922456249858019817e+01
-9.839483888743468754e+01
-8.033293070597495955e+01
-9.910805382445244049e+01
-8.593956047809680854e+01
-9.079953159868621526e+01
-9.077910645295862935e+01
-8.566947414112813419e+01
-8.448316546596403498e+01
-8.721476687706498865e+01
-8.224697570342023312e+01
-8.324086873014103105e+01
-8.866313533066251296e+01
-8.257258354279686330e+01
-8.315114604191889214e+01
-9.880546190330329637e+01
-9.649620254170540079e+01
-9.930467719087964440e+01
-9.295463309468993884e+01
-8.501502804452580619e+01
-8.641590659380783279e+01
-8.773769610437807387e+01
-9.999999999803300454e+01
-8.715762498295285354e+01
-9.669413470283282663e+01
-9.002793780268424939e+01
-9.239437106664361465e+01
-9.928719985388445934e+01
-8.220704096399511229e+01
-8.964635356158854052e+01
-8.512627859327817248e+01
-9.799194269870407936e+01
-9.563083547759718783e+01
-9.227182951740716987e+01
-9.768052777961814570e+01
-8.273221460440132091e+01
