-8.652619359739276206e+01
-9.167758030030124416e+01
-8.357637279420202958e+01
-9.010399666002659558e+01
-9.613222271698303700e+01
-9.702355789751216264e+01
-9.731075701097957165e+01
-9.603640150313137269e+01
-7.942194379429194839e+01
-8.062017780089301766e+01
-9.448506939917983516e+01
-9.706908900393145245e+01
-8.474310055182266410e+01
-8.521029771138321962e+01
-8.791695179931731730e+01
-8.939680454394058984e+01
-9.365673862907797798e+01
-8.441586006283023380e+01
-8.765638726787922508e+01
-9.108634974472576573e+01
-7.405753325656196751e+01
-8.536417139147951616e+01
-8.378537878148797802e+01
-7.641504260363542755e+01
-8.192459448921827914e+01
-7.663630331419042818e+01
-8.875586344340156586e+01
-7.140368146931858462e+01
-8.090999714101657503e+01
-7.268320329866179463e+01
-7.938381235784140699e+01
-8.070236862325296556e+01
-6.792647701514931668e+01
-6.514999320204105970e+01
-7.643905615304038292e+01
-6.904771198088184292e+01
-6.386788727178037561e+01
-6.396661439965073725e+01
-7.462530662219322153e+01
-6.602808678974901113e+01
-5.881451899788507376e+01
-6.342574478273035510e+01
-6.898765857949801728e+01
-5.096098359997503735e+01
-6.343683420348877888e+01
-5.483747711314781981e+01
-4.949265603791138091e+01
-5.532682185093671734e+01
-5.000963555691590301e+01
-4.871996882021363717e+01
-5.102593836412050621e+01
-4.111575826476652651e+01
-4.808923399660564257e+01
-3.586682996120940459e+01
-4.063646134490252848e+01
-2.777817903078327078e+01
-1.963978083897467286e+01
-2.906173789970074495e+01
-1.987107285271761015e+01
-2.050698068902088878e+01
-2.481821609787524352e+01
-2.490299241758113169e+01
-1.052672799141660320e+01
-2.169851127371406285e+00
-7.247722810188921727e+00
-1.362991312647254105e+01
7.220624356599909532e+00
-8.767932632490964551e+00
2.344404530207783388e+00
-4.571083039404673087e+00
-6.611292179427715077e+00
-3.540636349265289695e+00
-4.393077518460309250e+00
-9.126508494779947966e+00
-6.153565652293945476e+00
-9.082692733407890628e+00
-1.644022203092525913e+01
-1.230558813418707054e+01
-1.478210777295195300e+01
-3.227906388533449444e+01
-3.166753069458802372e+01
-3.615064882666246859e+01
-3.143399331097522520e+01
-2.512872414192053938e+01
-2.803381138845273313e+01
-3.068277148022218981e+01
-4.422557102004876839e+01
-3.243993389530569971e+01
-4.303209623505416914e+01
-3.708447790500839147e+01
-4.016987802563349419e+01
-4.776868140252911843e+01
-3.130158525861097729e+01
-3.935384374156762277e+01
-3.507136757505937652e+01
-4.816483408281288092e+01
-4.601931490631602628e+01
-4.286877828080478992e+01
-4.848589561539264992e+01
-3.367258865906031673e+01
