-1.337074354951774069e+01
-1.621593846379120407e+01
1.312342062982191493e+01
-3.014174685673989273e+01
-4.800220961637007377e+01
-2.538835091825911494e+00
4.356625395448692473e+01
-2.146782237322775444e+01
-5.938975871239994930e+00
-1.517669424174261650e+01
3.686979552788709213e+01
5.617306544168486404e+00
2.787713938860579788e+01
-2.211968197908256784e+01
4.820104645183867120e+01
1.047204964634420676e+01
1.053279572177957846e+01
3.332555988420735105e+01
-2.855397102997648773e+01
-1.788416179484381274e+01
4.411315945500201963e+01
3.190450422409692166e+01
4.392267235415386750e+01
3.530340952472268867e+01
4.686639638457906187e+01
1.518037300694431124e+01
4.327016633490579522e+01
3.887849807884184372e+01
4.756570492962914898e+01
-4.054425595589528086e+01
