-2.855582114052405629e+01
-1.596521961488838137e+01
-3.445895435277995489e+01
-4.568337045737256119e+01
-1.805040687697879420e+01
2.571954979124171103e+01
2.477641879125588886e+01
1.141389521886552849e+01
-1.200597324131478949e+01
-1.148753853282356907e+00
2.354453813746194157e+01
-3.154396597617112263e+01
-9.041090093610785416e+00
5.658934672542843103e+00
1.565882254114963246e+01
-2.155909176527207194e+01
-4.322560181731657281e+01
3.179161516657936115e+00
3.118057872258808416e+01
-2.988451526006132752e+01
2.544991134578349090e+01
-1.853292231621220765e+01
1.966738462570867796e+01
-2.425147269732343602e+01
3.036340573511767715e+01
7.006633484252581034e+00
-1.230014760459083512e+01
3.184510354825702549e+01
-3.597593755563357831e+01
-3.442257466096743457e+01
-5.816585454791490584e+00
4.170050984787659587e+01
1.783569242405516420e+01
3.484352501534326851e+00
1.060002925032367926e+01
3.420493612674269457e+01
2.391436633784829269e+01
2.494159632140711835e+01
3.426115408579217103e+01
-3.608226742099286355e+01
2.897353741611437528e+01
-2.970881784361014688e+00
2.821529130981052447e+01
2.094743222628427404e+01
2.000244845369050228e+00
1.503310417185563352e+01
-5.147405238413647943e+00
3.946315441063494944e+01
1.160983240151376883e+01
-4.937440105564363080e+01
2.068119747053288648e+01
4.803266422445203432e+01
-4.262334332814903348e+01
-2.674515325913923292e+01
2.656398413186582985e+01
3.035160330580009003e+01
3.777116376979626011e+01
-4.626039097199112859e+01
-1.869907600702081751e+01
-2.270542838980621170e+01
3.737049510764964566e+01
7.776110886210202189e+00
1.932477017457443225e+01
-4.218065146143360522e+01
4.874231259346106526e+01
2.459455721948892659e+01
4.048399432218079141e+01
4.388180955271278805e+01
-4.542350068560929088e+01
-1.241922159876975051e+01
1.366593458873004785e+01
-2.130275904124167230e+00
-4.090697160948734989e+01
-3.165976411345834851e+00
2.589132874699956588e+01
-2.950087129505541839e+01
-2.029506626989018159e+01
-1.040063014948409226e+01
4.538866504193691043e+01
-9.959693984822370894e+00
-1.101834917558093707e+01
-1.813564266741561326e+01
-4.866698257492721069e+01
-3.215062486855318014e+01
4.932489049256729174e+01
-9.497854356119271202e+00
-1.664387518167266578e+01
4.832682930391663945e+01
-4.405604077817793041e+01
-7.433684827176845644e+00
1.326164084136029153e+01
4.705317004598314412e+01
2.375938512475751097e+01
2.708069398603601030e+01
2.665615341943281535e+01
1.470339937093267579e+01
4.201101999246354524e+00
-3.196940616346731989e+00
-2.111238555004945994e+01
4.985244401584469642e+01
