-3.001585452802415688e+01
-1.598809113831909201e+01
-3.336242593179112959e+01
-4.440781167230662874e+01
-1.594916781557096641e+01
2.556152684386577434e+01
2.400509949183472713e+01
1.143823968014465819e+01
-1.294354098170801315e+01
2.335350155765991698e-01
2.534099534592750658e+01
-2.871326215413968441e+01
-9.070995791100532557e+00
7.982843801977002940e+00
1.713922052981868305e+01
-2.136142463918131540e+01
-4.309465078065325372e+01
3.179093552947477086e+00
2.911822236830659349e+01
-3.087839490092240524e+01
2.572845499215141984e+01
-1.949575671445326819e+01
2.106266023349269645e+01
-2.389572130121593929e+01
3.028911472341958699e+01
5.627929716853620867e+00
-1.246202511686156988e+01
2.971981936614195519e+01
-3.433633994068333806e+01
-3.316758212399839323e+01
