-2.613907442362775058e+00
7.095477417515936303e+00
6.865288222629801318e+00
-9.627728277761729458e+00
-7.548560069099459646e+00
8.988852318832435628e+00
-9.352636804396265546e+00
-8.239361208381836832e+00
-6.588324237146466977e+00
9.863339797188501734e+00
-1.697550541879620178e+00
-2.556875253357412614e+00
-3.140801364497494141e+00
-6.076518301521146442e-02
6.980478867392825304e-02
9.505931016987242188e+00
-3.294632509199464820e+00
-6.077720156672920204e+00
-8.172724868797672571e+00
-8.088131118684074750e+00
-2.307967371534506373e+00
7.022536709116169451e-01
8.492715570259141700e+00
-5.524309628503377922e+00
-4.496808357062010764e+00
-5.190711208901524820e+00
-5.287169390197419272e-01
9.907541987072555623e-01
3.007142933074983482e+00
-4.646761011648910866e+00
