-2.609585527768161661e+00
7.096187801922898331e+00
6.867776488153380932e+00
-9.633783296861853529e+00
-7.547053496869678746e+00
8.993384956250743301e+00
-9.366682764472583855e+00
-8.238784255430909198e+00
-6.576851669788378096e+00
9.873833561003204196e+00
-1.697279977821323227e+00
-2.567209673887152821e+00
-3.150414067338828783e+00
-6.999921930487545962e-02
7.029673874067303430e-02
9.517840045001740634e+00
-3.290215897543228962e+00
-6.082346052768158096e+00
-8.168950916289846376e+00
-8.076774659816406299e+00
-2.306969706946484067e+00
7.000777198791140465e-01
8.483643714480290754e+00
-5.535886272644087391e+00
-4.491491792325936316e+00
-5.187634593240686876e+00
-5.312664808729479216e-01
9.910417658159826892e-01
3.006613683613679200e+00
-4.649646093981153250e+00
