-3.433348467459618547e+01
-6.773885915218136766e+00
-5.014060308694798351e+01
-2.607994666034696252e+01
-1.803391665898534768e+01
2.683902943350933157e+01
1.144100425911862828e+01
2.281511996695644129e+01
-1.624446357404342933e+01
-1.319066250242479477e+01
5.220023477776344123e+01
-5.746964847008359811e+01
1.403760917002709618e+01
-1.682699850579062684e+01
2.597043374181042807e+01
-2.567235812561875719e+01
-5.272695943880077607e+01
7.274861244926182025e+00
3.457244411700278164e+01
-3.404654327337660646e+01
3.002011019372377376e+01
-3.762273240423828824e+00
1.871195229343584288e+01
-3.267893368744130100e+01
3.381155178462631739e+01
-1.242963462065876712e+01
-4.043036904016070743e+00
3.755323417401277197e+01
-4.321292764992230673e+01
-2.973022394855863126e+01
-7.509908550385363313e+00
4.412007183082859285e+01
1.099144898577799978e+01
-1.317535296668737033e-02
1.800587131171549515e+01
3.588695595679858741e+01
1.966116416691233226e+01
2.815999553138802725e+01
3.285444179960349942e+01
-3.646992419910187522e+01
4.119720028873199169e+01
-1.545051345924444242e+01
2.843699933912589728e+01
1.656060548709379887e+01
-6.157972159798824618e-01
1.379479087068708587e+01
4.585615365280946598e+00
3.558757448403110857e+01
1.810086539075108902e+01
-4.716475071178819434e+01
