1.492252353525142006e+01 0.000000000000000000e+00
1.492251507174403002e+01 0.000000000000000000e+00
1.492251585689193583e+01 0.000000000000000000e+00
1.492249803516222784e+01 0.000000000000000000e+00
1.492262549548303596e+01 0.000000000000000000e+00
1.806409046128536389e+01 0.000000000000000000e+00
1.492255760481513249e+01 0.000000000000000000e+00
1.492250041870689437e+01 0.000000000000000000e+00
1.492250310421660053e+01 0.000000000000000000e+00
1.492250138999699161e+01 0.000000000000000000e+00
1.492250842210161110e+01 0.000000000000000000e+00
1.492250727819038048e+01 0.000000000000000000e+00
1.492249504380497882e+01 0.000000000000000000e+00
1.178094144406161092e+01 0.000000000000000000e+00
1.492251515764701786e+01 0.000000000000000000e+00
1.492249802580680651e+01 0.000000000000000000e+00
1.492262484679193335e+01 0.000000000000000000e+00
1.492260522859592697e+01 0.000000000000000000e+00
1.492249575623508839e+01 0.000000000000000000e+00
1.806409182326692431e+01 0.000000000000000000e+00
1.492250397323540412e+01 0.000000000000000000e+00
1.492250464411648636e+01 0.000000000000000000e+00
1.492250993219099442e+01 0.000000000000000000e+00
1.492249733428673864e+01 0.000000000000000000e+00
1.492250404543190356e+01 0.000000000000000000e+00
