-2.757287675674923122e+01
-1.502069290755722797e+01
-3.326735011483983584e+01
-4.481811209679793251e+01
-1.707978112782300073e+01
2.672567904098403346e+01
2.571656389799667863e+01
1.221571950114799243e+01
-1.113661710549661166e+01
8.449332760135087883e-02
2.440530967588661326e+01
-3.046470653040543297e+01
-8.066299488223350522e+00
6.735014647100102891e+00
1.668416699845522544e+01
-2.058247348520741582e+01
-4.237023137557616081e+01
4.353632169695464071e+00
3.214533337154816905e+01
-2.890395091500252533e+01
2.643268922725937387e+01
-1.767392971698830095e+01
2.074923095032392695e+01
-2.342752402725145444e+01
3.131123774627162604e+01
8.076420659820682246e+00
-1.141641665283757767e+01
3.272483321909162157e+01
-3.495470392674842941e+01
-3.330051157328262690e+01
