-2.757287675420100470e+01
-1.502069291529926964e+01
-3.326735014444360417e+01
-4.481811209825111320e+01
-1.707978113615668647e+01
2.672567905566446811e+01
2.571656392365125754e+01
1.221571949333197793e+01
-1.113661710055790621e+01
8.449333867833364042e-02
2.440530968754293895e+01
-3.046470653456112387e+01
-8.066299485903599020e+00
6.735014635056320920e+00
1.668416698931320497e+01
-2.058247349336727439e+01
-4.237023140885510486e+01
4.353632157832122651e+00
3.214533336779554418e+01
-2.890395090448054205e+01
2.643268922272246613e+01
-1.767392971899911913e+01
2.074923095275070040e+01
-2.342752402477039908e+01
3.131123771416837087e+01
8.076420611263049665e+00
-1.141641671103197631e+01
3.272483306033190331e+01
-3.495470425799990011e+01
-3.330051221541373252e+01
