-8.276576799215654034e+00
-1.202788999505028222e+01
-3.490845074045327578e+01
-3.574249636107113304e+01
-2.591219358258910788e+01
2.633777587403834275e+01
4.906455255853015274e+01
2.279861522102541116e+01
-4.051261184820953432e-01
1.825516433497608304e+01
4.849846447487426104e+00
-3.208436503736925260e+01
-1.529610106276498982e+01
5.575769158800976122e+00
1.767994426856626689e+01
-2.646215962706632041e+01
-4.424797437999399108e+01
1.084048224594815224e+01
2.801173779540958719e+01
-2.884801070927418820e+01
2.665986268286422245e+01
-1.932360927137828810e+01
1.103173248016958397e+01
-2.594935671127498011e+01
3.874400364758732707e+01
2.723098873888817550e+00
-1.258414624638105650e+01
3.844963650106637942e+01
-3.757795601903451654e+01
-3.231626989247328652e+01
-1.704890602552463719e+01
3.741176780600059715e+01
1.848442322127068138e+01
-2.365420720183819547e+00
5.771341010578119324e-01
1.295692247254157081e+01
2.220957912937218026e+01
2.014515732710258078e+01
4.362806268759265294e+01
-3.675793399059500643e+01
2.392242569428384513e+01
1.215447873425201131e+01
1.616023876554749705e+01
8.187562777627745092e+00
3.450036592069928076e+00
1.954371403445084354e+01
-2.135251168471431171e+01
2.782642084033776442e+01
-1.000085214834290426e+01
-6.212999088883911014e+01
