-2.697321586303294438e+01
-1.717160665150280607e+01
-9.921429756790351107e+00
-4.849262747835744847e+01
-2.995956937326010916e+01
2.787721322176512118e+01
2.068692273914884083e+01
1.823502694730220952e+01
-3.096220662807009560e+01
-1.512414358311054308e+01
1.632780203833971910e+01
-3.116814983926760618e+01
-2.000621653670625477e+01
8.067795746102293108e+00
1.359437714160339716e+01
-2.883753589846867982e+01
-6.771687334932279612e+01
-5.588552707251349005e+00
3.539539515924093394e+01
-3.567579223192472426e+01
1.051209902055389378e+01
-3.081992945304206444e+01
2.406852653735547420e+01
-9.243776144593059740e+00
2.611489125115121013e+01
8.952622691767501806e+00
-1.205284783670596127e+01
1.052385120388057516e+01
-3.467491236030900836e+01
-2.888399201848795883e+01
-1.827382683801551622e+01
4.141453104805991359e+01
1.860442576551307781e+01
1.831076170922445101e+01
9.232255983695949908e+00
2.754036760869428235e+01
3.234756972625589100e+01
4.260683358608213211e+01
3.620339180212720720e+01
-3.758529816107488841e+01
3.290723431365213258e+01
-1.082723791442285588e+00
3.434456155297558411e+01
3.264112501166079738e+01
8.031157107392534300e+00
2.596320346026515935e+01
3.827494640209064158e+00
4.176914730158086542e+01
7.961510895549171352e+00
-5.811981295890956289e+01
