-1.867003570165884696e+01
-1.228981372129961613e+01
-4.021318697194571712e+01
-3.619013523538679067e+01
-2.177127636690786971e+01
3.532061317881408513e+01
4.474468418660028135e+01
5.405725079010723633e-01
9.542654456221647763e+00
-1.411759554251220194e+01
2.615209128708043096e+01
-3.690284356253325626e+01
4.732994228535687853e+00
1.277122071724140540e+01
2.355925153392862370e+01
-2.679939304067571015e+01
-3.668765830967352315e+01
-3.050897917832639195e+00
2.666379051692750579e+01
-3.097134258753776237e+01
2.439039102809984882e+01
-1.961060590158101746e+01
4.579464849131959170e+00
-3.601313861859841836e+01
3.726000163367020690e+01
1.443416616600654301e+01
2.922524066465097103e+00
3.108499394237496105e+01
-2.539314956095298115e+01
-5.864749369985639760e+01
-6.185284194484188092e+00
3.081571490635938204e+01
2.498687128521323331e+01
6.480948107797155799e+00
3.317062359715324149e+00
3.873161548827000189e+01
2.134929990008674849e+01
3.209750861385356302e+01
2.789124017669237432e+01
-2.862000650639356536e+01
2.858770561170678448e+01
1.298771413089359505e+01
3.667035625858409276e+01
3.264067694354363880e+01
8.627185687458279517e+00
1.854234423137143750e+01
6.950090647233103880e+00
4.544255013542026234e+01
1.293725955789399151e+01
-3.954312564871496249e+01
