-2.857225947073550643e+01
-1.601987291585323447e+01
-3.327178008632456141e+01
-4.581747029032590035e+01
-1.808046968575805735e+01
2.672127097924084538e+01
2.471720721836364376e+01
1.121633155116811587e+01
-1.213584155138890530e+01
-9.144780839790600524e-01
2.340457003833251193e+01
-3.146548696548124013e+01
-9.065508551297229545e+00
5.735645745041213495e+00
1.568454245827809501e+01
-2.158291374051438183e+01
-4.336957512624845634e+01
3.352806403760439480e+00
3.114436205932459600e+01
-2.990453824794169435e+01
2.543331299357287989e+01
-1.767847163208226746e+01
1.974972946227234516e+01
-2.542325919701145409e+01
3.031191516020015086e+01
7.077034310280646778e+00
-1.241717405157779019e+01
3.172530398088360926e+01
-3.595544313227779298e+01
-3.429987224639947385e+01
