-2.927731919324933685e+01
-1.695361733934932502e+01
-3.483153083117360893e+01
-4.588743383710389168e+01
-1.721526336322080653e+01
2.460028994180069617e+01
2.450530773646029559e+01
1.157288282063029072e+01
-1.137133505815458712e+01
-3.604555776033052883e+00
2.146170141404228104e+01
-3.097602683166929793e+01
-7.142515191294456223e+00
3.738173800585689932e+00
1.739003797339304214e+01
-1.921764545523206635e+01
-4.248796557875062518e+01
2.681364452054458170e+00
3.280023498036444352e+01
-3.093935786338929006e+01
2.332990587153726025e+01
-1.820497046858855583e+01
1.869376591951759181e+01
-2.597292446221538498e+01
3.175837819345247581e+01
8.243526819987177845e+00
-1.206215675177128155e+01
3.024129948909941845e+01
-3.680270729618520420e+01
-3.550126166604797362e+01
