-2.861399682809147649e+01
-1.591271078581807608e+01
-3.344611490644879837e+01
-4.524640868838920937e+01
-1.632363331499796288e+01
2.610772357866715510e+01
2.518355356485825780e+01
9.747663852759481884e+00
-1.295548732541563908e+01
-9.001613661248026865e-01
2.300699975278957510e+01
-3.110650148056203790e+01
-8.608349205167185048e+00
7.199581780283891064e+00
1.569188973154719058e+01
-2.054997864519442885e+01
-4.358983179544998166e+01
4.067390902243711359e+00
2.871805637452104776e+01
-2.973740513557210363e+01
2.505240392863196064e+01
-1.862577203609365739e+01
1.971278435561925590e+01
-2.385532260581252118e+01
3.088592402012438853e+01
6.928482529705800808e+00
-1.368796884520862989e+01
3.210516702773999498e+01
-3.563036385765750680e+01
-3.513156592284067870e+01
