-2.707438208264117563e+01
-2.768986791647469303e+01
-3.775053016472804757e+01
-4.760039299366088983e+01
-1.228183286457140255e+01
2.865336724779526634e+01
2.283227147586984174e+01
-1.270365594643767526e+00
-1.673988781283622629e+01
5.460323914560905045e-01
1.926913959928930709e+01
-2.172364447154764378e+01
-4.471585534746788326e+00
1.705533670016603764e+01
1.311105921301559363e+01
-2.089848070988469075e+01
-5.263849217015476967e+01
2.313557772148321146e+00
3.405415256896194620e+01
-2.082283211279263924e+01
1.863679481964271289e+01
-1.851265316455593890e+01
1.481110247095570820e+01
-3.377538991713931438e+01
2.767894729125950448e+01
1.675540524207523063e+01
1.288248057504209676e+00
3.837515651315154486e+01
-3.341870128557965103e+01
-2.990636593284640554e+01
9.785177753870476280e+00
5.168261075338351418e+01
2.735592868537736422e+01
1.667648744036468145e+01
1.253362810872743260e+01
3.291560616254064087e+01
1.416293003707601095e+01
1.454018765370386568e+01
3.316186505573319465e+01
-4.122517830869735178e+01
2.514374420933125620e+01
-6.772657521633003164e+00
2.189737638232464079e+01
1.963262605909015335e+01
1.100547230819057587e+00
1.563723663442022982e+01
-6.020624720007055064e-01
3.585867306864613369e+01
9.974014745136635440e+00
-5.543465025513017963e+01
1.882983388040698003e+01
4.935538093559772221e+01
-3.734261505711186402e+01
-2.975201578203474284e+01
1.285303003679694100e+01
3.580352810747603343e+01
3.594606964250577619e+01
-5.652172218315698871e+01
-1.372218374706604571e+01
-2.105324756339921421e+01
3.217854678957696279e+01
7.519969830655762522e+00
2.532842533198457957e+01
-4.271364240192333739e+01
4.076169686631709510e+01
3.210095524984728854e+01
3.722569025617261218e+01
4.269855729477328055e+01
-3.493069784072137907e+01
-9.814641871664473882e+00
1.458160067380789116e+01
3.096357350846984158e+00
-2.335061565535495376e+01
-8.114188064582423365e+00
2.442560697325973607e+01
-3.084591001780463770e+01
-3.421202617834079263e+01
-9.739531159742330857e+00
4.895189236311067305e+01
-7.200114237852765164e+00
-1.273697495402421787e+01
-2.280370878533809886e+01
-3.539239285553517078e+01
-3.191813639910663980e+01
6.003534722980077021e+01
7.834046579015573109e+00
-1.507085583664050077e+01
3.874954739378776480e+01
-3.683094223312932769e+01
-8.836113139205926004e+00
8.390371008817755438e+00
3.651443973084476369e+01
2.783469416643668026e+01
2.845017454052168304e+01
3.261097532009976874e+01
8.513233045066048277e+00
2.166475361066982241e+00
-3.190964006993442847e+00
-1.175905801465765954e+01
4.622774213740691351e+01
