-2.860562266618050131e+01
-1.592398959638468270e+01
-3.428445516442444330e+01
-4.591472050412274086e+01
-1.793753677515972456e+01
2.569962506652470680e+01
2.470606024076225893e+01
1.119169188371234114e+01
-1.219769452223149742e+01
-9.082780247638464477e-01
2.322320562419842460e+01
-3.140908046798479702e+01
-8.848461565514927685e+00
5.683147720071546338e+00
1.572339445241499511e+01
-2.160120815071379852e+01
-4.327465925719535278e+01
3.207302021436315709e+00
3.116024921314306084e+01
-2.988122754119454783e+01
2.559792444320928340e+01
-1.858294842486190035e+01
1.983754229308450334e+01
-2.443507133436165901e+01
3.032858699617325726e+01
7.223186062083250647e+00
-1.266108315897925252e+01
3.186224951459522003e+01
-3.612327451865089500e+01
-3.451835236745243662e+01
-5.828976307566226644e+00
4.163793243512679254e+01
1.767283444288720062e+01
3.505788416181392364e+00
1.074376529036799610e+01
3.424442743658508448e+01
2.384434971662568614e+01
2.458883751719241317e+01
3.459896942299902634e+01
-3.601713972920130402e+01
2.856728401961842678e+01
-2.758903053934683935e+00
2.822851671622035497e+01
2.115932127726079770e+01
1.976917651322079639e+00
1.524170763704556819e+01
-5.494095992519731908e+00
3.981709429497539077e+01
1.188635946745386640e+01
-4.934753761386706117e+01
2.081837867617196736e+01
4.791404920072461948e+01
-4.290261586859733711e+01
-2.690284874742558685e+01
2.650856727096536503e+01
3.054236573979761005e+01
3.789878492792603026e+01
-4.621062119070418106e+01
-1.822815638506484603e+01
-2.260491454548282064e+01
3.748623504713043531e+01
7.718992438364655762e+00
1.913704579962007557e+01
-4.197255283551206162e+01
4.880856349330452559e+01
2.479474134148606268e+01
4.052983954599979199e+01
4.409355820128961057e+01
-4.523715091293473733e+01
-1.253365967780283441e+01
1.369137354153053288e+01
-2.688606577446686963e+00
-4.085009299180423881e+01
-3.302797021070676298e+00
2.594001010771884808e+01
-2.962922683704976379e+01
-2.042894965443882782e+01
-1.016395847798969321e+01
4.533234401117545076e+01
-9.785284667541588988e+00
-1.101357946447005176e+01
-1.823569824369185355e+01
-4.872679890995674157e+01
-3.224522173860341923e+01
4.920631941920264296e+01
-9.540472080804287103e+00
-1.702929724952000612e+01
4.840297604297988698e+01
-4.419465314537261946e+01
-7.558793782625691016e+00
1.340518743616864228e+01
4.684275142786142965e+01
2.370531876090180390e+01
2.719347401178110246e+01
2.687137408536840866e+01
1.456590643357781190e+01
3.894884889656140103e+00
-3.080649908504048184e+00
-2.108383487012488189e+01
5.017614298555805874e+01
