-2.836233859335754204e+01
-1.622981651065263264e+01
-3.428717994002479230e+01
-4.574490023278813311e+01
-1.804917893124346051e+01
2.568382116210872823e+01
2.450866469523910496e+01
1.123913817562277906e+01
-1.219119544142098377e+01
-8.825498275063465847e-01
2.329936838088468321e+01
-3.147272979657535430e+01
-8.959509232447720350e+00
5.863279844171338517e+00
1.555645334959236337e+01
-2.166020291120802455e+01
-4.345803130994788432e+01
3.463235612301749811e+00
3.108759737767293885e+01
-2.967222094949963207e+01
2.534527535626330774e+01
-1.836283177641485764e+01
1.975234742450138370e+01
-2.448543581120632595e+01
3.012213373228341950e+01
6.926479063013236015e+00
-1.240247315215383317e+01
3.185207711488577687e+01
-3.583739540864016959e+01
-3.432066142974766620e+01
-6.036426624970471444e+00
4.161182638909979659e+01
1.793915797231119669e+01
3.450257844682025343e+00
1.065524310186924950e+01
3.418485666318427718e+01
2.369388484704776232e+01
2.479409288273276957e+01
3.431684249526935560e+01
-3.628365622705837978e+01
2.842613372266273331e+01
-2.913326852322566829e+00
2.809441924609360797e+01
2.103997503102255351e+01
1.976842647816486220e+00
1.507577888332095029e+01
-5.544284949820937669e+00
3.957807221530999442e+01
1.174230199889655246e+01
-4.922218791701430973e+01
2.071621642668490537e+01
4.799309803643677697e+01
-4.271526258748746585e+01
-2.682150069761066646e+01
2.639222155982114160e+01
3.056584580906557136e+01
3.784701653607655913e+01
-4.607281019110041598e+01
-1.830786970839754346e+01
-2.282993179931532524e+01
3.736215970229513061e+01
7.924971267726790281e+00
1.919251449870778714e+01
-4.193183085934376209e+01
4.887587894307452530e+01
2.459935114200614592e+01
4.060443734525794923e+01
4.386093973831221149e+01
-4.550408770134389869e+01
-1.250634122006182203e+01
1.382998661716960598e+01
-2.673435502733751079e+00
-4.091722158462415848e+01
-3.189495788873154769e+00
2.585685246486308486e+01
-2.960644966089412478e+01
-2.076526102122891970e+01
-1.052802411114696923e+01
4.520153182156624894e+01
-9.935514531541436156e+00
-1.086100996736004021e+01
-1.816491223476057471e+01
-4.863333256757547218e+01
-3.239305155858082230e+01
4.896443359477183321e+01
-9.527758391618458944e+00
-1.725730292714339242e+01
4.847765977136839410e+01
-4.409108546857032707e+01
-7.353373052102745611e+00
1.343636851964280687e+01
4.699911080571946087e+01
2.385330543643866008e+01
2.723478037017017428e+01
2.677167988653314623e+01
1.476971058516974011e+01
4.078082432194020335e+00
-3.178977062320962332e+00
-2.128791528857730952e+01
4.973516648654327810e+01
