-2.856351498454445448e+01
-1.622032199154759624e+01
-3.428351896719594549e+01
-4.574660265473507081e+01
-1.808164362735866604e+01
2.566740458181233109e+01
2.467473456222936079e+01
1.121292049109562328e+01
-1.222647882909366146e+01
-8.128504191299921189e-01
2.337555590814137219e+01
-3.117356207867563000e+01
-9.129266804762131926e+00
5.786663551762647018e+00
1.559379513247150406e+01
-2.162577176537533674e+01
-4.332007088418664154e+01
3.543197105749829046e+00
3.083015474128169586e+01
-2.992775491827706702e+01
2.542872832761193536e+01
-1.864637448451916057e+01
1.997784905542795997e+01
-2.436281838377150777e+01
3.019010626315451873e+01
7.005795358057831379e+00
-1.241457365011679848e+01
3.168947412602064517e+01
-3.594605630541366281e+01
-3.425519952547652025e+01
-5.827738423026152859e+00
4.157556109584105286e+01
1.802720075654312026e+01
3.708910198176075479e+00
1.064872902954421008e+01
3.406523209594157464e+01
2.367367639577649641e+01
2.459374504710683595e+01
3.437503956861858967e+01
-3.601930162208178388e+01
2.890336005981921730e+01
-2.890627078772691316e+00
2.804891460571494832e+01
2.097002614530038755e+01
1.695651976764672719e+00
1.514006730093277575e+01
-5.491099887963167170e+00
3.942292220841500949e+01
1.150848087619626803e+01
-4.958658024870698711e+01
2.069309150418836296e+01
4.793653780907408191e+01
-4.294162899869031236e+01
-2.668682892584102362e+01
2.652291586725293726e+01
3.046113288816248144e+01
3.761201611128868194e+01
-4.615627903889971151e+01
-1.849011799052098937e+01
-2.235850280185838557e+01
3.742998470210677908e+01
7.845153004244835415e+00
1.942909799135151161e+01
-4.229399499071283941e+01
4.887295397033668110e+01
2.446550679294257691e+01
4.043748588490922202e+01
4.407103825190483093e+01
-4.518770934662035188e+01
-1.238722825561589680e+01
1.383250412284887609e+01
-2.560794555365000669e+00
-4.084467750116576923e+01
-2.999187349805503278e+00
2.604668081898218901e+01
-2.958257793309800121e+01
-2.058889303369414492e+01
-1.042162288438890805e+01
4.531694696441339687e+01
-9.819530250492398693e+00
-1.099601393752903356e+01
-1.810782872086314299e+01
-4.897857645223407985e+01
-3.222476394596554883e+01
4.907945625051088712e+01
-9.351156982220345526e+00
-1.712699687969531936e+01
4.857442380309214514e+01
-4.439211480078643746e+01
-7.748053242121905271e+00
1.350921765940107733e+01
4.698331669937083888e+01
2.369190443522040468e+01
2.719560734507141220e+01
2.668303487062399171e+01
1.482420730932570940e+01
3.978359245827629564e+00
-3.204635122569482686e+00
-2.112293096617874966e+01
4.987748129436388211e+01
