-2.929124064476382472e+01
-1.746951901253083861e+01
-3.442464412367215942e+01
-4.547605700281878427e+01
-1.824137170965841648e+01
2.570142585244193256e+01
2.566788743891561353e+01
1.114074357306435026e+01
-1.273300459202642188e+01
-5.541619494240289656e-01
2.279107723495504345e+01
-3.179945484033417813e+01
-9.567816660227963510e+00
4.780621193639138511e+00
1.570582415830347855e+01
-2.128562674536079413e+01
-4.414682125468264928e+01
3.017129796294265365e+00
3.104130217076160392e+01
-2.975518291272642202e+01
2.495229908454895451e+01
-1.936369395168235741e+01
2.040626196056062014e+01
-2.379721214624929715e+01
3.170729051644156726e+01
6.797527656495912396e+00
-1.292656166173478738e+01
2.994062009129247315e+01
-3.566500003579395894e+01
-3.282928206883165245e+01
-4.171903735906203003e+00
4.260610858838333570e+01
1.826224696490933042e+01
3.799118938012019608e+00
1.138254442323947480e+01
3.382905998185384533e+01
2.383055977906490952e+01
2.389598352501938905e+01
3.486144647525812701e+01
-3.592365111941003875e+01
2.836035385572265000e+01
-3.456556989660360291e+00
2.738107641416453930e+01
2.017607141581056496e+01
1.876982462768463478e+00
1.522729858378127865e+01
-6.299888375994662226e+00
3.930180974436146357e+01
1.099313578131728875e+01
-5.021791659463262647e+01
2.067432081040862712e+01
4.778822267834547688e+01
-4.191295048633178055e+01
-2.718464550526043411e+01
2.715469790100284797e+01
3.055031925452688313e+01
3.730370906123241070e+01
-4.511477802308046847e+01
-1.715588445498547898e+01
-2.139447521810002328e+01
3.630560831281355405e+01
8.188206023968675140e+00
1.839696458207950513e+01
-4.150594288029517998e+01
4.844139342753670974e+01
2.516055874836358797e+01
3.926216453581626098e+01
4.436312812786418647e+01
-4.494639755667596148e+01
-1.286577753903171839e+01
1.313350176714616246e+01
-1.941295199661533077e+00
-4.322977260915855879e+01
-2.968687659558138847e+00
2.530960369254463060e+01
-3.008609608380078271e+01
-1.862156605524107889e+01
-1.000557275309997962e+01
4.506588509883020066e+01
-8.902315844705142922e+00
-1.016109285427295816e+01
-1.879219066570598784e+01
-4.791664332558989514e+01
-3.148767306406743316e+01
4.890148777853266182e+01
-7.518829239444317913e+00
-1.648727735048017706e+01
4.788908143067488510e+01
-4.323948090299469982e+01
-7.940967648036766136e+00
1.276590659463845867e+01
4.557281345856728194e+01
2.395635771713314455e+01
2.790812637344029312e+01
2.784344939230517824e+01
1.305181696846069173e+01
4.536241197881397014e+00
-3.395700999575894663e+00
-2.119564266784913187e+01
4.929612723252949280e+01
