-2.855773126495117253e+01
-1.764881714744581132e+01
-3.409038251893507976e+01
-4.587530449323659809e+01
-1.789367952275749118e+01
2.630849990064333355e+01
2.412359046629106274e+01
9.758812164150391766e+00
-1.300506271471611264e+01
1.799789249617387843e-01
2.224175824714827598e+01
-2.859620861606268960e+01
-7.352927879954523682e+00
7.157416338992447891e+00
1.455167430101526449e+01
-2.307507903771513469e+01
-4.820765071285931924e+01
2.746386178652299392e+00
3.142553648494198271e+01
-2.814540334095072893e+01
2.545438970817427560e+01
-1.764936576400470969e+01
1.978158437422300864e+01
-2.698827132317698840e+01
2.972780360819280432e+01
7.252922215821220320e+00
-1.186380285600171192e+01
3.376834830051439695e+01
-3.592507092911172606e+01
-3.465113484999736215e+01
-4.347952443303544356e+00
4.419333915049796957e+01
1.935273259001279911e+01
2.193010302015642399e+00
1.190024693845918335e+01
3.368524916608672015e+01
2.394677977733574892e+01
2.572581749344652025e+01
3.476296125757816924e+01
-3.679115516321419932e+01
2.875218453299340737e+01
-3.663231151381444395e+00
2.715035194395140294e+01
2.068265910392184637e+01
1.911701897366652636e+00
1.451251821942682874e+01
-4.967782019572465124e+00
4.136495690673884695e+01
1.245420594420597737e+01
-4.869813092839386570e+01
1.889162485951251114e+01
4.889300928421943127e+01
-4.164541933788702721e+01
-2.821682064629426989e+01
2.492902500532741428e+01
3.189641733486616815e+01
3.749142527186914720e+01
-4.815711180206130848e+01
-1.755926766396818905e+01
-2.184792740971316860e+01
3.642297687521505622e+01
8.346524867881250032e+00
1.996424671002506912e+01
-4.082848347274050838e+01
4.767100206855927524e+01
2.503903417492198358e+01
4.049868095345700425e+01
4.403751718101180757e+01
-4.287984578656471513e+01
-1.224097786635529417e+01
1.467966493756706470e+01
-3.077546246919165007e+00
-3.916243347150391685e+01
-3.528537188793548829e+00
2.536688983402819275e+01
-3.016492505502335675e+01
-2.202812919260711766e+01
-1.038651603294402648e+01
4.701326696239404157e+01
-8.816356203097708288e+00
-1.162650342827513938e+01
-1.885010292115456920e+01
-4.759264398070997970e+01
-3.172182243153554637e+01
5.003599230738674208e+01
-6.948004314144916371e+00
-1.650333127673495781e+01
4.576710635272103644e+01
-4.426519348097342288e+01
-8.594393517768834201e+00
1.246963930435003221e+01
4.627072433900958970e+01
2.481028585004123244e+01
2.737457021214214592e+01
2.827132000418269797e+01
1.380423555516820144e+01
4.222416960869633584e+00
-3.952458143791552025e+00
-1.936420582901451226e+01
4.908165142666518932e+01
