-2.883309300744877746e+01
-1.618109653215168464e+01
-3.448328957559655095e+01
-4.524850859190723185e+01
-1.617652757322177237e+01
2.514727324013235332e+01
2.419807398014653188e+01
1.084509859012501565e+01
-1.342354077563497938e+01
-9.602605815202649442e-01
2.299328164223467041e+01
-3.097830391040309905e+01
-8.265557613589248120e+00
8.082784849499001112e+00
1.608171615334683935e+01
-2.136180413884952856e+01
-4.531994782213114803e+01
3.571798654692193598e+00
3.069761811315007805e+01
-2.939329638620976937e+01
2.389580136271289135e+01
-1.898837348684540416e+01
1.859678424931927054e+01
-2.498194999373354364e+01
2.973736527532880558e+01
6.174186190979961353e+00
-1.204746132974944217e+01
3.277332774727415199e+01
-3.468060972649915641e+01
-3.419667720280854439e+01
-5.976723421407777792e+00
4.193678709964103746e+01
1.763874791782296825e+01
4.189423933813883671e+00
1.015885605208248066e+01
3.421895547408946214e+01
2.333101754918670068e+01
2.363196623123253204e+01
3.397368998296750675e+01
-3.643494425362948874e+01
2.797830804403246319e+01
-3.943495245810083372e+00
2.865878160157473076e+01
2.060410928108551687e+01
2.011708033560342113e+00
1.594661180973272252e+01
-3.846144214715593534e+00
3.915762511559501036e+01
1.207444610760779291e+01
-4.986290717280907359e+01
2.020367583594598671e+01
4.823626317934062513e+01
-4.218877723659959145e+01
-2.781664803481952575e+01
2.569111121422575650e+01
3.120039608587795854e+01
3.876852127789015867e+01
-4.678003225556661704e+01
-1.857461856865332805e+01
-2.323754646689266679e+01
3.697516053716275053e+01
8.185931976848815239e+00
2.194681287529104097e+01
-4.322261717975612783e+01
4.856647967472042637e+01
2.566645371897093497e+01
3.972096884299990904e+01
4.178434912265012002e+01
-4.477733325473086978e+01
-1.366980611717631611e+01
1.372644048004141659e+01
-1.626193926566521064e+00
-3.909939088993267831e+01
-3.306742450629680086e+00
2.515617335667089094e+01
-3.014754836691154694e+01
-2.176275005557576492e+01
-7.804270754296043222e+00
4.618262642942146812e+01
-1.019662506512297107e+01
-1.027481348667681438e+01
-2.066703055705962200e+01
-4.760792226478433520e+01
-3.253907499993724883e+01
4.994884481467312298e+01
-9.462687136182983849e+00
-1.823270835457843475e+01
4.848068431395415701e+01
-4.319257675024446996e+01
-7.798612144362618182e+00
1.337156446028370205e+01
4.523498944205849881e+01
2.287827674790077737e+01
2.689448458699041922e+01
2.765420971759309410e+01
1.449240148474442869e+01
5.505960232751964334e+00
-2.050651620045245593e+00
-1.935054520703128844e+01
5.052370739340086914e+01
