-4.035289229934509336e+00 1.141956052466890710e-04
-7.675130330792181432e-01 6.984226859934567815e-12
-3.013640100054944870e+00 6.172575681301942017e-06
-3.055570680319672050e+00 7.085445389942957911e-06
-1.525493999272546253e+00 6.765883958289578334e-09
-1.680606329399014776e-01 0.000000000000000000e+00
-4.585841257091703760e+00 4.109073724220107257e-04
-2.240720216237433782e+00 3.184182716606013561e-07
-4.436162875474922274e+00 2.948407428616583526e-04
-2.895057257464029199e+00 4.128683848769447083e-06
-4.694407548774460537e+00 5.194833621958746921e-04
-2.647615449669506571e+00 1.690402842760993334e-06
-3.033649113779362416e+00 6.589969631141467273e-06
-2.179735425886319078e+00 2.418942002416306995e-07
-1.685111373772973931e-01 0.000000000000000000e+00
-3.102787940759951013e+00 8.264735413672744344e-06
-2.177482182300042091e+00 2.389264952866299941e-07
-1.492341652807035457e+00 5.461200556237122444e-09
-1.732042876799231301e+00 2.421166569341304464e-08
-3.645762526347310128e+00 4.137042002980187259e-05
-1.687005423490872680e-01 0.000000000000000000e+00
-3.267834658597497555e+00 1.386565512954907327e-05
-3.340820202878259870e+00 1.727988021759559043e-05
-2.989025915713259707e+00 5.686144702698650798e-06
-3.428041121740627695e+00 2.240246317013006724e-05
