-2.976738880048597480e+01
-1.508367409838926498e+01
-3.426592545325964778e+01
-4.486088317094321098e+01
-1.694455485646924231e+01
2.571275299474576670e+01
2.357315769266089589e+01
1.236684341901201023e+01
-1.217941648731855686e+01
-2.077970681505385553e+00
2.344820404700700323e+01
-3.038986160769424316e+01
-9.062129056124009097e+00
5.732664799902941866e+00
1.561337487012246328e+01
-2.345660012536455241e+01
-4.259021098453921184e+01
2.312481447078135410e+00
3.117953723074597505e+01
-3.074583756068688345e+01
2.549046291967805544e+01
-1.978166181883876007e+01
1.888509819852068361e+01
-2.566141262657372124e+01
3.030485611147599556e+01
7.016893242085100013e+00
-1.236752365179757973e+01
3.270125342014380010e+01
-3.705216411256711950e+01
-3.314697827878354985e+01
-5.006528020172295257e+00
4.164240932544102236e+01
1.787460496979419844e+01
2.589782239522222085e+00
1.068667875811255286e+01
3.499443769128758674e+01
2.280183647960281945e+01
2.461674522354495309e+01
3.361295853749165730e+01
-3.506177029015351110e+01
2.923520462021621924e+01
-1.976926571390679843e+00
2.754893396779776538e+01
2.178174019872500367e+01
1.865644922940857597e+00
1.521608362666251502e+01
-6.674706850375882183e+00
4.069703953668311414e+01
1.061340384151841398e+01
-4.941545900485228771e+01
2.296113968149896323e+01
4.692191844737087081e+01
-4.397298581840986031e+01
-2.678564298446619674e+01
2.644086206751583745e+01
3.144595182136056266e+01
3.884278278381810168e+01
-4.530204650511534936e+01
-1.844170583786013395e+01
-2.365849814623591740e+01
3.871232621414895192e+01
7.832843109100822154e+00
1.832444508225748336e+01
-4.094792836547500059e+01
4.996931073365510656e+01
2.460439994396357477e+01
3.975916618792033574e+01
4.515580330459025760e+01
-4.615166242436024646e+01
-1.170597632521654141e+01
1.298370424414737201e+01
-3.693445551205923660e+00
-4.087707498805298201e+01
-1.924982435352166288e+00
2.671201750676928199e+01
-2.970346022881870240e+01
-2.159736568084741037e+01
-1.029095214303707451e+01
4.610267200377376895e+01
-9.843322662972811443e+00
-1.216797527869395523e+01
-1.828120181822383472e+01
-4.877459417122945240e+01
-3.349434746359035842e+01
4.911586520746264029e+01
-7.677218193540275237e+00
-1.782676907966065727e+01
4.846531340676511945e+01
-4.301236533879151125e+01
-6.606160970334227223e+00
1.336847487168864390e+01
4.606954251867480110e+01
2.304362993668082282e+01
2.633466614424181884e+01
2.681168889525269705e+01
1.363382404729872555e+01
3.301402168512609148e+00
-3.984003002448959663e+00
-2.237491865539024616e+01
4.903738595741446460e+01
