-1.224732508558253308e+01
-1.857191915335741328e+01
1.307634061490911037e+01
-3.508344603555187291e+01
-4.076087951752219141e+01
-3.338998999724014372e+00
3.881530264896875337e+01
-1.421381633041283798e+01
-4.906465243313265390e+00
-9.587147273967230987e+00
2.461035622492707375e+01
1.287112637826718853e+01
2.119809299144636228e+01
-7.649383846363428496e+00
3.441056025930132023e+01
1.323201295062055038e+01
1.993563419165790407e+01
2.021142289848855711e+01
-4.006399256277271093e+01
-3.035221253175876654e+00
4.088987459382267531e+01
3.905110945730365302e+01
4.497312675538211124e+01
1.082621065731157195e+01
7.534924885461424537e+01
1.295449786048888363e+01
3.888377618349874609e+01
5.390856444777104173e+01
3.938309697757772199e+01
-6.334015051489095782e+01
6.955465322316022991e+00
7.722848498993055699e+00
3.116699167721230168e+01
1.313283003247340552e+01
2.139294669034956442e+01
-8.240507276669138292e+00
3.739550647160353947e+01
2.576897549749084604e+01
1.756123839544626719e+01
-1.358255815741472361e+00
1.746216019561684618e+01
3.781011500193924491e+01
-9.630790443242299048e+00
-2.684384842459226306e+01
8.838660264786273757e+00
2.188003279111713795e+01
-2.743213763470524214e+01
1.014676837361212591e+01
-1.571799115028021809e+01
-4.535932335136195093e+01
-1.156081007630570134e+01
-4.835234592921112551e+01
1.256790892010083027e+01
3.081917014019009926e+01
-2.560715992317720691e+01
-7.644939785536539745e+00
-2.771651425874344099e+00
-2.250630894185580289e+01
-5.416714949448689964e+01
3.188774823643194978e+01
4.089304387270173891e+01
1.874283975364433275e+01
-5.937000968578637838e+01
-1.539901888140609110e+01
-2.287407704387754492e+01
-1.162032384640463079e+01
-4.265655236341890344e+01
-2.889680655800193065e+01
3.700958128341432030e+01
6.430739095019398555e+00
1.929747942386621062e+01
-1.990729264675607624e+00
-1.321403801165643266e+01
-5.097508054385716036e+01
-2.486429101270922359e+01
3.368034706378212206e+01
-1.813892970727335907e+01
-4.156617498255585019e+01
4.818805432824544965e+01
-2.372083165511473979e+01
3.881823347125753543e+01
1.165278924037976083e+01
3.176214325913550596e+01
-1.188825187216915857e+01
-9.647864434920114363e+00
-1.366839650603930778e+01
1.297840271012220548e+01
-3.366493482055655306e+01
-6.120123001790197748e+00
-2.591351893356668157e+01
2.537745346241354838e+01
1.570344820303080624e+01
1.516882455370583926e+01
2.076215451393866829e+01
-4.786226813075022335e+01
-4.389996804277340203e+01
-2.709880798262003410e+01
1.111038023942743358e+01
1.222212919244710783e+01
-3.863882461216729070e+01
