-2.976000753618538397e+01
-1.754433115795433551e+01
-3.796998029422371701e+01
-4.746983172532122808e+01
-1.756699215898635558e+01
2.669810338180514719e+01
2.522106548290359740e+01
9.573629648259959879e+00
-1.032347377950086376e+01
-8.910376226916358888e-01
2.363395219152133819e+01
-2.904436570263067097e+01
-8.835200088008869912e+00
4.413829146749526977e+00
1.400318798901934336e+01
-2.478638869971813108e+01
-4.189535385295503289e+01
4.172936180967312225e+00
3.096166071472604742e+01
-3.000311995842605484e+01
2.755550796299892724e+01
-1.778839795437783877e+01
2.470857562577742428e+01
-2.232104396968863469e+01
3.113717677705768239e+01
7.386480040530425839e+00
-1.479104580583127238e+01
3.513546580243540518e+01
-3.574616408249888622e+01
-3.596475397384209316e+01
-4.657435115456448393e+00
3.982129139554871955e+01
1.846160548432863990e+01
5.646218081231671349e+00
1.308403241156226748e+01
3.318031834340884245e+01
2.643953697165172656e+01
2.548653950671864266e+01
3.942956974384046731e+01
-3.435634571624229494e+01
2.863581813818905530e+01
-6.096190526442875068e+00
2.583265882506394462e+01
2.082653945170169862e+01
7.005783071295512698e-02
1.307611023574507492e+01
-4.818917835723230070e+00
4.053464005352186206e+01
1.178348016681040633e+01
-4.935959256530470896e+01
1.657228304535944474e+01
4.651387610203724421e+01
-4.845896268203227208e+01
-2.696282384613438410e+01
2.869343922065893082e+01
3.375742591097107947e+01
3.643059371779403932e+01
-4.638662658870207167e+01
-1.623769534400682701e+01
-1.795204409319385519e+01
3.836570929665555951e+01
1.128151913702753184e+01
2.106797968990712988e+01
-4.123237605677545758e+01
5.263032245656612673e+01
2.462433321554147270e+01
4.195011682634994088e+01
4.841384671511892179e+01
-4.893408160180647570e+01
-9.790020764946598675e+00
1.191144325516664537e+01
-6.053097095605608047e+00
-4.373660293683596478e+01
-5.523138752093471382e+00
2.731345954344388360e+01
-2.844837402693958950e+01
-1.797544707498288119e+01
-1.006651199408935682e+01
4.762468296124447420e+01
-8.688239252872287821e+00
-1.234968505562996022e+01
-1.714748378297285925e+01
-5.068326397225368396e+01
-2.952233983139093354e+01
5.220519132214776192e+01
-1.030537324838042323e+01
-1.577718855594518033e+01
4.840542892192217295e+01
-4.263460920028937551e+01
-1.124842520981664862e+01
1.507912285881041292e+01
4.595654542984567570e+01
2.115307225131943270e+01
2.511103674894369675e+01
2.582884871033846608e+01
1.221820045674489918e+01
6.543939383392936904e+00
-3.009784334295580788e+00
-1.989035248397071598e+01
4.548336984067474020e+01
