-2.853450498494150978e+01
-1.606180894826497862e+01
-3.437421962448136270e+01
-4.584259559597444422e+01
-1.807351369027865573e+01
2.574097660135718257e+01
2.475317203436081570e+01
1.118906144356815524e+01
-1.200804302766565534e+01
-1.090687935429268896e+00
2.327046155374524261e+01
-3.145231243631017293e+01
-9.078600493738196775e+00
5.718399945666713613e+00
1.565856035709562555e+01
-2.150136423841614075e+01
-4.346739223969277788e+01
3.432370039793741334e+00
3.106998703397142947e+01
-2.987578059888056714e+01
2.535723882665036299e+01
-1.858806765680201778e+01
1.970658507723736363e+01
-2.445454189429742797e+01
3.023282258732912098e+01
7.220142830019709024e+00
-1.241558865019642255e+01
3.161026330052871103e+01
-3.583565100095213296e+01
-3.430584914215042858e+01
-5.946800983413429442e+00
4.156042181580269101e+01
1.793933599909543020e+01
3.737300899088645156e+00
1.069462287182068749e+01
3.424240334866827595e+01
2.376845000570568445e+01
2.459062223740810893e+01
3.428907324020394043e+01
-3.628956216561510217e+01
2.854500019038601977e+01
-2.858758305112221176e+00
2.838112668786637016e+01
2.107270080927153089e+01
1.675065255344319270e+00
1.517146291329331120e+01
-5.461293058113734666e+00
3.973431052191114077e+01
1.182416238809284792e+01
-4.923402093064547103e+01
2.066095742214560005e+01
4.798708571110471155e+01
-4.267495119456773267e+01
-2.666307546748849333e+01
2.657359890325940199e+01
3.063343633542197963e+01
3.777202850501859643e+01
-4.613922540842444420e+01
-1.830993277828243748e+01
-2.271302990706266911e+01
3.767052226021547767e+01
7.865383965686727485e+00
1.914164117553472266e+01
-4.201847677290215444e+01
4.892903640128626819e+01
2.463349278349383198e+01
4.055394421218769452e+01
4.409392915913818456e+01
-4.518653038092546126e+01
-1.262301965057371689e+01
1.370740613901685379e+01
-2.507851858511354504e+00
-4.071047075191885511e+01
-2.921785751851214918e+00
2.575900375110412810e+01
-2.970182320857968250e+01
-2.044075543366738401e+01
-1.033022030177892248e+01
4.538093147131204574e+01
-9.809874095439480968e+00
-1.105072178334564548e+01
-1.821247191757461437e+01
-4.887388166808464263e+01
-3.227910676349290497e+01
4.901292169573224555e+01
-9.483253870005846409e+00
-1.700063437200184779e+01
4.833195718662128115e+01
-4.396338346569510946e+01
-7.474249718174259982e+00
1.333264746925963529e+01
4.698602428874119141e+01
2.368600805208326676e+01
2.712064516953143922e+01
2.681851006573984364e+01
1.458495339282851333e+01
3.976699142902853978e+00
-3.090567627184210409e+00
-2.116112762191797714e+01
4.980411025611213205e+01
