-2.857977924145024673e+01
-1.598052101975486217e+01
-3.438601250736840598e+01
-4.575494384863400654e+01
-1.801242762951228826e+01
2.579926953951961366e+01
2.461569099570760244e+01
1.126887613245587261e+01
-1.220289207911925544e+01
-7.900949771517529197e-01
2.346773174006764506e+01
-3.141078476173350609e+01
-9.053350583075815194e+00
5.707109964791810874e+00
1.562555321545228537e+01
-2.170165776532910584e+01
-4.343165997957562752e+01
3.419975295344409805e+00
3.117799897853556956e+01
-2.993915361317480972e+01
2.547566075592798995e+01
-1.877467479431958353e+01
1.970741039214725632e+01
-2.452073065497181403e+01
3.046472439636629304e+01
6.965177760149268593e+00
-1.235874199082132208e+01
3.173906134212759866e+01
-3.583474198079083806e+01
-3.423493288150844194e+01
-6.050679540207833718e+00
4.157838592910596276e+01
1.791522749307918971e+01
3.546949797605627452e+00
1.060535433511040893e+01
3.412273895131743728e+01
2.364156268309320907e+01
2.448294610015133799e+01
3.428981343618672639e+01
-3.604599822634413187e+01
2.851646853702354889e+01
-2.785857181064686383e+00
2.806839653434902715e+01
2.105722103313188853e+01
1.925457480917836639e+00
1.528210406671013821e+01
-5.384252213405027021e+00
3.975294276291086959e+01
1.182131724640735726e+01
-4.945447627567573790e+01
2.053493383278339479e+01
4.816541695002257484e+01
-4.275060658201367403e+01
-2.681697025396145051e+01
2.650288881058226309e+01
3.029321388155284467e+01
3.767419667923309845e+01
-4.639953902577983769e+01
-1.837303805946140756e+01
-2.286701430934276047e+01
3.752992013103922631e+01
7.942577210600283877e+00
1.931909592844412771e+01
-4.196236064158323131e+01
4.891228995219920961e+01
2.464613698730201818e+01
4.061893021126848424e+01
4.404193564855863485e+01
-4.538990615626101288e+01
-1.247507206496623056e+01
1.376906928145731790e+01
-2.504814792643764054e+00
-4.064792410672727385e+01
-3.085253616296319557e+00
2.583833667572731940e+01
-2.958304294788254296e+01
-2.043626036635209431e+01
-1.033988093560450494e+01
4.537045575521769791e+01
-9.812015803665158131e+00
-1.109534240223760726e+01
-1.820384917056892249e+01
-4.860592483819810639e+01
-3.226293337036953801e+01
4.906934741155536273e+01
-9.584575208096026699e+00
-1.702076703656450718e+01
4.838333491213917625e+01
-4.406581635469308367e+01
-7.433154189532577227e+00
1.328961009701107798e+01
4.703174972349436445e+01
2.380599855586129010e+01
2.722184088269151658e+01
2.675267914618505927e+01
1.459033950137265734e+01
4.116280544865018598e+00
-3.121943256388613364e+00
-2.137512549261506223e+01
4.982660060213501652e+01
