-5.398884744046696049e+00
-9.887740785576161429e+00
-9.926355153504884399e+00
-9.943579994578511716e+00
-3.133775325234188003e+00
7.332361427882537086e+00
-9.112738300710962136e+00
2.661729945852567170e+00
-1.227733483690311767e+00
2.333552702572454507e+00
-9.673191262617381270e+00
-5.670117023721961580e+00
-2.190621295957511983e+00
5.955008948381566469e+00
-6.620204885799294559e-01
-2.604645699420886640e+00
-7.281819276557044418e-02
-5.107739809527484631e+00
-2.976174208345216954e-01
-9.035140762625793798e+00
-7.144403399967588442e+00
-4.310115665102719262e+00
-7.948874638079129085e+00
3.210264383594633397e+00
-9.777643628043866997e+00
9.031085466739794398e-01
-7.215729902578825516e+00
-4.870857923087967833e-02
-9.936385614279584999e+00
2.015308567185353450e+00
-9.310316793278929026e+00
-7.846957558939672950e+00
-5.976094458562747569e+00
4.938145907805960633e+00
4.054714738502703142e+00
7.251346916809936261e+00
-1.000000000000000000e+01
-1.760449988590155890e+00
-9.944345139264077815e+00
-7.536326334515743852e+00
-1.940000781510517580e+00
-2.791434744859699890e-02
-9.958877699199488731e+00
-3.806735549084949710e-02
-4.817836080573629332e+00
2.006574902713718966e+00
-7.119491381928339635e+00
-6.614825839306638144e+00
3.617969334940478454e-01
-9.929154250033692009e+00
