5.816854567089193040e+01
3.567760937652252551e+01
1.666288051153436811e+01
4.402707215193881751e+01
-3.463877125214406760e+01
-7.516363488485936273e+00
-1.908865685650705757e+01
-3.751077381784900666e+01
-6.860067510506362964e+01
5.261586772605610918e+00
-8.027011032046839034e+01
-1.638946432873073888e+01
3.372250050918822240e+01
5.385698910721622212e+01
-3.402867770354830412e+01
-5.923007898394762805e+01
-2.423266474690132455e+01
-2.516236063509198573e+01
-2.237250137121866800e+01
3.004770692238230367e+01
-4.104107046727790475e+00
-9.220004944521058121e+01
8.206115040426956853e+01
-7.486489113718018018e+01
7.824233983235771461e+00
1.757692017467849155e+01
-8.446908661840448929e+01
1.579633989097329305e+01
-2.890667763004326574e+01
-8.729904622796169633e+00
-5.536241983792859855e+01
-6.353504882993429703e+01
-3.162787129430564903e+01
5.266704186779924157e+01
9.952687034205858652e+01
-3.193884754564585648e+01
7.103370756417467646e+01
1.458854363538766563e+01
3.178193179194680695e+01
5.899593058757002950e+01
-1.700286029265782872e+01
-5.629919405789404152e+01
-4.527583699296286568e+00
-4.792668691170169382e+01
-1.542136191636076603e+01
-9.623049568082045369e+00
-2.949319805966547747e+01
8.233532126577239296e+01
-2.488527853169721027e+00
-4.399734153876586618e+01
