-4.283645837438213277e+01
-1.401536022377016266e+01
-1.439804085266982092e+01
-3.558897865983168884e+01
-1.229157827209058595e+01
3.432867996552852219e+01
3.246681795525661585e+01
1.950060931633234418e+01
-2.387997288159994724e+01
-6.960400448397759732e+00
2.351953025283399512e+01
-1.681050036316681684e+01
-3.957145583508035358e+00
3.914389564674620736e+00
4.119163586988632630e+01
-2.155749834712979407e+01
-4.335897622556809949e+01
-1.284371336260122121e+01
3.015039988310899588e+01
-1.294753933712603100e+01
2.795186960815627231e+01
-1.899545486133950334e+01
1.758721943528670550e+01
-9.693652698576668669e+00
4.325152220135073833e+01
-4.564464207153995368e-02
-7.441139914642484143e+00
2.535855267796623380e+01
-4.262496385212891425e+01
-4.076839427988328879e+01
-8.681464823834975419e+00
4.862441480867084209e+01
9.891072458989853544e+00
5.678934443523614206e+00
6.830652479904641083e+00
2.757292186734315109e+01
2.155376458674091822e+01
7.967097675979292859e+00
3.469032432794348608e+01
-3.778820195521234382e+01
1.947979982961973633e+01
3.692366397697075087e+00
2.467809878994743400e+01
6.072951971092699353e+00
5.598424753112292152e+00
1.402092255872348581e+01
1.039763024292669868e+01
4.392923330982391406e+01
-3.157057108215745700e+00
-5.644515991347007855e+01
