-2.857254034011943489e+01
-1.602104851154389920e+01
-3.426760567169503702e+01
-4.581792972630243099e+01
-1.807946762204483448e+01
2.572535470866116114e+01
2.471686819977294292e+01
1.121544970832751176e+01
-1.213626351690855643e+01
-9.151127772657871029e-01
2.241007508733869713e+01
-3.146503479819065774e+01
-9.066737994260686051e+00
5.734387603483588336e+00
1.568457522868060749e+01
-2.158291488724355389e+01
-4.337062143255536029e+01
3.353236712545580644e+00
3.114567503322983555e+01
-2.990431402341565814e+01
2.543316157227265961e+01
-1.867439383566630795e+01
1.974968220122279661e+01
-2.442796262596466050e+01
3.031171099850347517e+01
7.075871061116714600e+00
-1.241595982280306387e+01
3.272029938867567012e+01
-3.595518200597243919e+01
-3.430090062709516729e+01
-5.949617649303598377e+00
4.163437837216699222e+01
1.787979012043743765e+01
3.647489021770793816e+00
1.170137681061365598e+01
3.417806552825818045e+01
2.369350744188623992e+01
2.464462700153741537e+01
3.438101944305589086e+01
-3.611416422499348755e+01
2.847975448297235701e+01
-2.843287670757999930e+00
2.829942231767085303e+01
2.100993445586474095e+01
1.845881002061195097e+00
1.516398471458568054e+01
-5.468240892563868805e+00
3.968633436688863725e+01
1.270892277165136619e+01
-4.941137495740274233e+01
