-5.859094602573930999e+00
-1.844839688107750675e+01
7.702167114678374560e+00
-2.661972399301841463e+01
-7.319196586936214999e+01
-2.343607622457038353e+00
7.053584091044803017e+01
-2.180840433191436389e+01
-1.608138252114390099e+01
-1.298928282499794129e+01
1.843133791377406894e+01
4.714669042193828119e+01
-1.380517976308731321e+01
-3.236253249566956924e+01
7.553049517950294955e+01
8.945140139740232144e+00
7.884813884795338623e+00
9.127172954931850768e+00
-1.026727623258762989e+00
-4.497011064309174344e+01
1.318173043799339261e+01
5.450507841906846807e+01
7.161544960181795716e+01
4.866439689659456036e+01
5.764759123044228772e+01
3.239003286323357855e+01
-3.998429977393968926e+01
7.830076338860263263e+01
2.793394980806557726e+01
-1.907698480049183587e+01
-4.013570957446503940e+01
3.500550323395719943e+01
6.093102256208514689e+01
-2.710464179456542055e+00
1.846898736326249235e+01
3.547442656198249722e+00
-1.179488684438762647e+01
5.176115087285927530e+01
4.085785229358447168e+01
-1.584862974335099395e+01
5.650913298907140359e+01
3.649020255005023472e+01
1.605625182079171154e+01
-3.614458661157907216e+01
-7.676444763910087232e+00
4.100796719617861186e+01
-7.412280256069048789e+01
2.347000109662288736e+01
-1.489819573132699659e+01
-5.431814534104831438e+01
2.812449202547876670e+00
-3.760427455619858961e+01
-1.347047406654201751e+01
4.502850767190111725e+01
-3.068594426254387031e+01
3.059514402847320014e+01
-6.455838861682912011e+01
-2.440690873419508478e+01
-2.410111914408387435e+01
2.781432803069029447e+01
3.021793309818700379e+01
1.883316612670191859e+01
-5.533507378527080789e+01
-1.349410698180947499e+01
-3.107274848242353116e+01
-1.657218137970062344e+01
-4.325172536457077399e+01
-2.607714339566227224e+01
2.427866323642426494e+01
-1.727127870102108886e+01
4.931458424549106212e+01
1.749309922023625230e+00
-2.759532288428826519e+01
-3.512669633272495417e+01
-3.099219034664635331e+01
3.007910159446684162e+01
-1.426391869304506876e+01
-3.585517646387442880e+01
3.149267856638861929e+01
-1.071894379421862453e+01
4.365824779580548665e+01
5.987157304656571810e+00
3.621479316714263774e+01
-1.515987263484580438e+01
-8.471568928360724726e+00
-1.740898373261825327e+01
1.140784560517713153e+01
-3.702259294838516723e+01
-8.116778836461302049e+00
-2.197869999189373402e+01
2.298271204300782244e+01
1.484661238791506577e+01
1.468353168886384097e+01
2.258807692476585771e+01
-4.757298989721169846e+01
-4.405540795465174142e+01
-2.465493069457426856e+01
1.057980903501758974e+01
1.011280568338713159e+01
-3.737483808970844024e+01
