-1.173918390119522392e+01
-1.893883246363851924e+01
8.532492724418650809e+00
-1.356051057507124824e+01
-6.204431237936098142e+01
9.974536388133058651e+00
3.847865382384750887e+01
-2.364772457960424035e+01
-1.102655160436082049e+01
-2.298925368092707089e+01
4.360944453439249457e+01
1.163792877865704334e+01
3.488619352700683862e+01
-2.246870300450588687e+01
3.492852936792020557e+01
2.444121339462628839e+01
-3.345156227433059293e+00
3.494712262554607207e+01
-1.615200699867057921e+01
-1.863918457007536134e+01
2.722752575464947355e+01
1.937963427801575023e+01
6.739092330941410580e+01
3.791493709889515173e+01
4.061157174722872298e+01
2.092011412871529785e+01
5.990992540486790574e+01
2.396378380274892805e+01
2.188355533735325764e+01
-2.730932242103287777e+01
1.135520802225753556e+01
-8.531881120941207541e+00
4.640342385114814050e+01
6.927091861313950716e+00
2.146218988789225790e+01
-2.060999882104637493e+01
3.423336888759583019e+01
4.380858281615835637e+01
1.191686934357234762e+01
6.795806953234513337e-01
1.477368852811328992e+01
3.045527198867474183e+01
-3.131003586949868023e+00
-2.108528977697078588e+00
-1.667858750770634657e+01
3.028722466821734827e+01
-4.030246664939032541e+01
9.689309579658186067e+00
-2.078570580581252614e+01
-3.784581991638378895e+01
-1.139254115820982349e+01
-3.232163862366218865e+01
-7.664444341953933204e+00
2.846934631900623458e+01
-9.839351762931309864e+00
-9.123833848576181182e+00
-8.020125677378109330e+00
-2.102233267752036028e+01
-4.123551795930300301e+01
1.947167712925317673e+01
4.136321926229424406e+01
1.232026844880054739e+01
-5.581807867734966067e+01
-1.793616944030578964e+01
-1.813667078058238147e+01
-9.537276692371534637e+00
-4.439040338376485550e+01
-2.786342112196652465e+01
3.547052462684949603e+01
4.018804885188901110e+00
1.928444474233706885e+01
-1.184964857246719738e-01
-1.286918250869448244e+01
-5.110093615173604320e+01
-2.576209091963053410e+01
3.484782077376577547e+01
-1.944573024233313063e+01
-4.095989002762188136e+01
4.401396276678555353e+01
-2.194822911256147790e+01
4.106690108936731320e+01
1.331627464852590492e+01
3.004645806912400730e+01
-1.191951758257118854e+01
-9.179495657310129175e+00
-1.314906871379956321e+01
1.179505809852029508e+01
-3.285953571139215512e+01
-7.394534015062372845e+00
-2.568582067732287655e+01
2.518864215978958043e+01
1.604448725549629629e+01
1.530910481648146515e+01
2.096055272909570988e+01
-4.742861620732257677e+01
-4.416267502691437841e+01
-2.654328411417377254e+01
1.098791956419547233e+01
1.148632132728270960e+01
-3.685258257568348483e+01
