-2.857107816528383637e+01
-1.602333766219200584e+01
-3.426435016476197148e+01
-4.582041790023815508e+01
-1.807961690980463132e+01
2.572634089286380288e+01
2.471598507596732119e+01
1.121680007701079518e+01
-1.213764082774148179e+01
-9.154278400491944190e-01
2.340706967144120654e+01
-3.146757938617657402e+01
-9.064521375105639933e+00
5.733103118636637241e+00
1.568694427265850955e+01
-2.158300438277744249e+01
-4.337217893661474477e+01
3.353049389717025264e+00
3.114766399045077705e+01
-2.990462260401383432e+01
2.543370819913705816e+01
-1.867441206848128843e+01
1.974844114549564722e+01
-2.442743418166757507e+01
3.031141492744916377e+01
7.077352844619725580e+00
-1.241932454330323310e+01
3.172609827637560542e+01
-3.595333454069429990e+01
-3.430086710910238423e+01
-5.950614592382706292e+00
4.163315982889817235e+01
1.787970933972302845e+01
3.650171902309189420e+00
1.070490202172609706e+01
3.417657673183757083e+01
2.369567263586606032e+01
2.464328425417479451e+01
3.438194260495455978e+01
-3.611415958575146590e+01
2.847733796637001902e+01
-2.842588518550493326e+00
2.829901556994332523e+01
2.101264551030654104e+01
1.845681466283172867e+00
1.516282603491152159e+01
-5.469265988063546580e+00
3.968750885506486270e+01
1.171389234249354061e+01
-4.941175641821767783e+01
