-2.857398537682461281e+01
-1.602016851635332273e+01
-3.426658961868306363e+01
-4.581760977302866422e+01
-1.807855176731871083e+01
2.572350851126888571e+01
2.471707459888244429e+01
1.121645237164637443e+01
-1.213587523549325553e+01
-9.139059770512821812e-01
2.340166169445263833e+01
-3.146332183725998988e+01
-9.069731771485145089e+00
5.736756139697203771e+00
1.568507842490765469e+01
-2.158218977946967598e+01
-4.337062366963628079e+01
3.353174209161767561e+00
3.114665030776852461e+01
-2.990577389985266876e+01
2.543227689183812856e+01
-1.867100594925782531e+01
1.974588005493110643e+01
-2.442633296726646819e+01
3.031190567088109944e+01
7.076417899346921558e+00
-1.241523177918247534e+01
3.172204103260225239e+01
-3.595294692297406414e+01
-3.429872791320215697e+01
-5.953175265593294796e+00
4.163418216055034549e+01
1.787977652846541332e+01
3.649466070692753306e+00
1.070469080195858780e+01
3.417952663532911117e+01
2.369195299353769002e+01
2.464614326240013042e+01
3.437975861675092659e+01
-3.611377417102224996e+01
2.847900823006690274e+01
-2.843207127376700782e+00
2.829943169670247016e+01
2.100981087318182716e+01
1.845423608805330407e+00
1.516390369900395996e+01
-5.467844932698161742e+00
3.968607743175837754e+01
1.171388402186592437e+01
-4.941155865218367893e+01
