-2.857257677004518115e+01
-1.602177906205444913e+01
-3.426531163163729587e+01
-4.581846720070258527e+01
-1.808154600450678373e+01
2.572635246317398483e+01
2.471808298819905403e+01
1.121462989946689603e+01
-1.213688100238152678e+01
-9.151835117100479700e-01
2.340586150764839601e+01
-3.146436082082555785e+01
-9.067932260106532638e+00
5.734657505640714525e+00
1.568504683694223978e+01
-2.158101481633013208e+01
-4.337103203445797561e+01
3.353352277176553820e+00
3.114709881115239654e+01
-2.990783219544229254e+01
2.543391399712708534e+01
-1.867380847543786970e+01
1.974806118990435877e+01
-2.442624375852852481e+01
3.031110788516722465e+01
7.078469118559174156e+00
-1.241874946442791661e+01
3.172583457297072584e+01
-3.595385278314841315e+01
-3.430385148405942886e+01
-5.949026742136576118e+00
4.163457931629567099e+01
1.788103480076868124e+01
3.645426317276810657e+00
1.070813406363839881e+01
3.417713637577746510e+01
2.369373300375449887e+01
2.464535921447989963e+01
3.438049041830517183e+01
-3.611487854829206867e+01
2.848094487445827028e+01
-2.846178287315125566e+00
2.830219084039855915e+01
2.100916270137825492e+01
1.846495275539894454e+00
1.516269825413029793e+01
-5.468392810948855320e+00
3.968705354331243029e+01
1.171410124986883083e+01
-4.941255307361475957e+01
