-5.491593576658016218e+01
-1.442112893372057414e+01
-1.539265824766135715e+01
-8.001564906621746331e+01
-3.651640781766112553e+01
-5.447951422586541526e+00
9.199506257596844705e+00
3.523458125725603907e+00
-1.331886097495011967e+01
-4.539342334658670097e+01
6.238250938920384669e+01
-2.267812407788827400e+01
-6.126765389665358441e+00
1.797723693652189780e+01
1.608144002025798613e+01
-6.206627190091573709e+01
-9.617839053119766390e+00
1.858647314630624692e+01
-1.922350290327253219e+01
-2.031675685196945835e+01
-2.710007791250484388e+01
3.222324806647113959e+00
5.664738326848812022e+01
-3.559484052136090071e+01
1.624849949957041240e+00
-1.684744548505670636e+01
-2.792435242473870005e+01
3.842237388707373924e+01
-2.883605634214220004e+01
-3.665216251798774039e+01
2.273662053523497661e+01
2.072975009944323688e+01
2.058025960919955111e+01
8.922667919859094354e+00
1.283149397879652653e+01
8.053433480333556815e+01
3.496528577067083177e+01
4.710389281742919820e+00
-1.044781236500901400e+01
-2.093431949833316708e+01
-1.884315828799218551e+00
-1.268033611411763673e+01
-1.127886641221518715e+01
1.431502027215901052e+01
2.840176958241476157e+01
1.868082441421994844e+01
-1.232926759099952463e+01
1.505270470613986866e+01
5.975278967866320556e+01
-2.504496285743494965e+01
