-1.724227755386432648e+01
7.625695624210483459e+01
-7.311518083273662683e+01
-4.997258443840468090e+01
2.423603577582589708e+01
2.575074417636827917e+01
7.462220070011042594e+00
-1.870407596659617511e+01
1.997211841116974185e+01
1.290845490848869304e+01
1.461269877165403575e+00
1.152146594836520066e+01
1.348775059839556434e+01
2.652794332494028140e+01
-1.735718803977536595e+01
5.305442509965143927e+01
-3.083667378223380240e+01
2.085094794800694018e+01
4.918459610105389146e+01
-4.006782585793871476e+01
2.860970985617879592e+01
-3.853087811885612979e+01
5.488411794669985255e+01
-1.326942674083656470e+01
9.242378742880177356e+00
5.451890669054061789e+01
-2.663439557882291808e+00
1.977547921398452857e+01
-6.337735563478350542e+01
-6.113629629400227827e+01
1.076578616294481350e+01
5.662451420352670084e+01
3.764080553496494019e+01
-1.101174883445752073e+01
1.256249711132761959e+01
5.750173155609255105e+01
4.131055576866724266e+01
-1.110558870424938505e+01
-3.684911387254135917e+00
-3.708061381388580457e+01
2.725196504033083045e+01
-4.636242735239085988e+01
-1.135987073318364793e+01
3.765615850914416285e+01
-1.100301446915970871e+00
1.354477578673647997e+01
-3.133791763861056978e+01
2.474409585636546893e+01
-2.459755605181213056e+01
-4.508348921997090741e+01
