-1.140752898421356853e+01
-1.502629690109604255e+01
-1.995408886766296419e+01
-4.533658917878858574e+01
2.940164843937277084e+01
1.253627248690477813e+01
3.835581436798796062e+01
2.440379981827744871e+01
-1.060337243146106800e+01
-2.021373839276334650e+01
4.170914691852178180e+01
-5.941098086466181982e+00
-2.423090678809118259e+01
1.026554427096604982e+01
2.649239713468502799e+01
2.030081405830061314e+01
-6.548754338851227885e+01
5.888984194862857180e+00
2.093169353785498998e+01
-5.373103788276337411e+01
1.780038267650827777e+01
-5.780624572994593535e+00
-1.208290618207607281e+01
1.776117656613602946e+01
5.489483176267371078e+01
2.914805748581778744e+01
1.341936344875677634e+01
6.303086821081438984e+01
-4.301189719048891646e+01
-2.076785467184492973e+01
-3.806024532546494754e+01
4.114900805445836340e+01
4.575985497464774454e+01
-2.164593365542550174e+01
-4.350358112798602406e-01
2.820551482058066028e+01
6.300102529678983387e+01
-1.086215572013414032e+01
2.920746003514727107e+01
-3.565297379043120429e+01
5.392209356453761870e+01
1.690057605236575000e+01
-2.688503903359532998e+01
2.751412779707157341e+01
-1.332194272990560435e+01
2.713560523193074303e+01
-1.625164475746506554e+01
3.710012999311756943e+01
-2.775350675976777381e+01
-5.334215346642263000e+01
