-2.857287676284359179e+01
-1.602069291761031877e+01
-3.426735013531116891e+01
-4.581811210019825609e+01
-1.807978114677516857e+01
2.572567904804327554e+01
2.471656391468649616e+01
1.121571948912956351e+01
-1.213661711250474440e+01
-9.155066608648437798e-01
2.340530968566637071e+01
-3.146470652849852456e+01
-9.066299489076820706e+00
5.735014631024369258e+00
1.568416698502307760e+01
-2.158247350619443949e+01
-4.337023138836740799e+01
3.353632175083125055e+00
3.114533337227583232e+01
-2.990395091006272210e+01
2.543268921867141330e+01
-1.867392971714501115e+01
1.974923095020089647e+01
-2.442752402154222580e+01
3.031123770199400269e+01
7.076420612654921172e+00
-1.241641670287943811e+01
3.172483307982039591e+01
-3.595470423385471292e+01
-3.430051214977378748e+01
-5.950190290606010457e+00
4.163390336826525839e+01
1.788017874471013258e+01
3.647973508918469498e+00
1.070598804447731922e+01
3.417760167012333028e+01
2.369305365844673261e+01
2.464509163313537954e+01
3.438064711198896362e+01
-3.611374658788621872e+01
2.847953609978985057e+01
-2.843728541685170530e+00
2.829985668759468354e+01
2.101032318515989061e+01
1.845463126488512628e+00
1.516357855312011438e+01
-5.468721733268465002e+00
3.968670065664595370e+01
1.171355235318192456e+01
-4.941107406453614459e+01
