-2.857287676284359890e+01
-1.602069291761031877e+01
-3.426735013531116181e+01
-4.581811210019824898e+01
-1.807978114677523962e+01
2.572567904804332528e+01
2.471656391468658853e+01
1.121571948912952621e+01
-1.213661711250478348e+01
-9.155066608648269044e-01
2.340530968566632097e+01
-3.146470652849847482e+01
-9.066299489076905971e+00
5.735014631024701437e+00
1.568416698502239015e+01
-2.158247350619379645e+01
-4.337023138836763536e+01
3.353632175083141043e+00
3.114533337227581455e+01
-2.990395091006271500e+01
2.543268921867141685e+01
-1.867392971714501115e+01
1.974923095020091068e+01
-2.442752402154226488e+01
3.031123770199402401e+01
7.076420612654923836e+00
-1.241641670287933685e+01
3.172483307982025025e+01
-3.595470423385472714e+01
-3.430051214977372354e+01
-5.950190290606050425e+00
4.163390336826531524e+01
1.788017874471010771e+01
3.647973508918472607e+00
1.070598804447798713e+01
3.417760167012198735e+01
2.369305365844739697e+01
2.464509163313538664e+01
3.438064711198897072e+01
-3.611374658788622583e+01
2.847953609978985412e+01
-2.843728541685223377e+00
2.829985668759477235e+01
2.101032318515986574e+01
1.845463126488487982e+00
1.516357855312013392e+01
-5.468721733268474772e+00
3.968670065664595370e+01
1.171355235318194232e+01
-4.941107406453617301e+01
