-2.857286506277984728e+01
-1.602061018077412058e+01
-3.426699300717474017e+01
-4.581883181685746820e+01
-1.808002627196217915e+01
2.572595521015950482e+01
2.471655066910098242e+01
1.121637583451714626e+01
-1.213711796039645918e+01
-9.158508779996933358e-01
2.340525098814654825e+01
-3.146458204710097206e+01
-9.066053706895711883e+00
5.734377000123709323e+00
1.568427808699196113e+01
-2.158246279793179667e+01
-4.337025564625633223e+01
3.353512899576038819e+00
3.114490581931913482e+01
-2.990326696303385035e+01
2.543240869875994647e+01
-1.867423188050484839e+01
1.974911152064719033e+01
-2.442734561592685338e+01
3.031111033783506414e+01
7.076760822228203907e+00
-1.241692389939367303e+01
3.172528974863380569e+01
-3.595486921806354985e+01
-3.430045137801494093e+01
-5.950638185104716982e+00
4.163372782147349938e+01
1.788066123567491772e+01
3.648353528907092969e+00
1.070535824551514281e+01
3.417785495292503839e+01
2.369379308461816791e+01
2.464501393752115277e+01
3.438033016164303746e+01
-3.611371595894610920e+01
2.847930508344492395e+01
-2.843686140706814136e+00
2.829979724791797580e+01
2.100974197625469486e+01
1.845002687284776899e+00
1.516398795821203294e+01
-5.468745479130868503e+00
3.968736833691735200e+01
1.171338462251867441e+01
-4.941108402358023710e+01
