-2.856705082381223804e+01
-1.602544024054030203e+01
-3.426725063551230477e+01
-4.582504077811650234e+01
-1.807778859427607898e+01
2.571972691636199926e+01
2.472553761220428825e+01
1.121973940410965476e+01
-1.213684154235199486e+01
-9.279518115596807615e-01
2.340500488594786077e+01
-3.147553844128518463e+01
-9.060009818835096596e+00
5.741130423671250149e+00
1.569664516641795160e+01
-2.157976351515911517e+01
-4.335861288169429173e+01
3.342883973463926850e+00
3.115732433176134464e+01
-2.990187398280286502e+01
2.542091938065339463e+01
-1.867657668297465889e+01
1.975094316164379649e+01
-2.442813696661560030e+01
3.031295779834446336e+01
7.078592611816725721e+00
-1.241783981248236834e+01
3.172036271478148706e+01
-3.595685572829590626e+01
-3.430681288399287610e+01
-5.951149990343435725e+00
4.163279732556340917e+01
1.789054908735984384e+01
3.651311956941691417e+00
1.071466697696515524e+01
3.416960254675915820e+01
2.370029050576236074e+01
2.463895595533237071e+01
3.438748520620961102e+01
-3.611866653977283903e+01
2.847220022403801210e+01
-2.850898765890214737e+00
2.830365554626439817e+01
2.101375013914120871e+01
1.844876945030256676e+00
1.515852989130535633e+01
-5.475159158511912594e+00
3.969299320779249740e+01
1.171829766331852163e+01
-4.940629051214249756e+01
