-2.857287676395729648e+01
-1.701565155549644359e+01
-3.426735013382072736e+01
-4.581811209941246688e+01
-1.807978115129651897e+01
2.472935006639091782e+01
2.471586751675608085e+01
1.221305111757727779e+01
-1.114054161139468135e+01
-9.152958500661290131e-01
2.340533161851846700e+01
-3.146471672822331200e+01
-9.064973537786162439e+00
5.732762609365783746e+00
1.568510477541193993e+01
-2.158125518014484356e+01
-4.337253668614692970e+01
3.351972567951186477e+00
3.114726024967430362e+01
-2.990280600471491823e+01
2.543107221644690696e+01
-1.867392971793371714e+01
1.974923094985140182e+01
-2.442752402236823173e+01
3.031123770227092251e+01
7.076420613099328349e+00
-1.241641670264638897e+01
3.172483308122377110e+01
-3.595470423343860489e+01
-3.430051214922684011e+01
