-2.857287676284362732e+01
-1.602069291761027969e+01
-3.426735013531116181e+01
-4.581811210019827740e+01
-1.807978114677522541e+01
2.572567904804333594e+01
2.471656391468658498e+01
1.121571948912948358e+01
-1.213661711250475328e+01
-9.155066608648100290e-01
2.340530968566633874e+01
-3.146470652849852812e+01
-9.066299489076607543e+00
5.735014631024176524e+00
1.568416698502262285e+01
-2.158247350619378224e+01
-4.337023138836762115e+01
3.353632175083046008e+00
3.114533337227582521e+01
-2.990395091006250183e+01
2.543268921867130317e+01
-1.867392971714514971e+01
1.974923095020112385e+01
-2.442752402154233948e+01
3.031123770199400269e+01
7.076420612654921172e+00
-1.241641670287943988e+01
3.172483307982038170e+01
-3.595470423385467740e+01
-3.430051214977380880e+01
-5.950190290606007792e+00
4.163390336826525839e+01
1.788017874471013258e+01
3.647973508918468610e+00
1.070598804447733343e+01
3.417760167012330186e+01
2.369305365844674327e+01
2.464509163313538309e+01
3.438064711198895651e+01
-3.611374658788620451e+01
2.847953609978983991e+01
-2.843728541685151878e+00
2.829985668759466932e+01
2.101032318515987996e+01
1.845463126488524175e+00
1.516357855312011083e+01
-5.468721733268466778e+00
3.968670065664596081e+01
1.171355235318192101e+01
-4.941107406453614459e+01
