-2.857287676284359179e+01
-1.602069291761031877e+01
-3.426735013531117602e+01
-4.581811210019823477e+01
-1.807978114677524673e+01
2.572567904804332883e+01
2.471656391468658853e+01
1.121571948912948358e+01
-1.213661711250474795e+01
-9.155066608648324555e-01
2.340530968566635650e+01
-3.146470652849851746e+01
-9.066299489076891760e+00
5.735014631024720977e+00
1.568416698502235818e+01
-2.158247350619379290e+01
-4.337023138836761404e+01
3.353632175083132161e+00
3.114533337227581455e+01
-2.990395091006271500e+01
2.543268921867141330e+01
-1.867392971714503958e+01
1.974923095020094976e+01
-2.442752402154225067e+01
3.031123770199399914e+01
7.076420612654919395e+00
-1.241641670287942389e+01
3.172483307982037459e+01
-3.595470423385469161e+01
-3.430051214977380170e+01
-5.950190290606024668e+00
4.163390336826529392e+01
1.788017874471011837e+01
3.647973508918462837e+00
1.070598804447733166e+01
3.417760167012330896e+01
2.369305365844674327e+01
2.464509163313538309e+01
3.438064711198896362e+01
-3.611374658788621872e+01
2.847953609978985767e+01
-2.843728541685132338e+00
2.829985668759458761e+01
2.101032318515994390e+01
1.845463126488508410e+00
1.516357855312010550e+01
-5.468721733268455232e+00
3.968670065664596081e+01
1.171355235318191745e+01
-4.941107406453614459e+01
