-2.857287676284359534e+01
-1.602069291761031877e+01
-3.426735013531089180e+01
-4.581811210019880320e+01
-1.807978114677496251e+01
2.572567904804334304e+01
2.471656391468657787e+01
1.121571948912962036e+01
-1.213661711250501973e+01
-9.155066608647144388e-01
2.340530968566638848e+01
-3.146470652849851390e+01
-9.066299489076925511e+00
5.735014631024735188e+00
1.568416698502235462e+01
-2.158247350619378224e+01
-4.337023138836762115e+01
3.353632175083132605e+00
3.114533337227581455e+01
-2.990395091006271855e+01
2.543268921867171528e+01
-1.867392971714561511e+01
1.974923095020119135e+01
-2.442752402154220093e+01
3.031123770199398848e+01
7.076420612654921172e+00
-1.241641670287943811e+01
3.172483307982038170e+01
-3.595470423385468450e+01
-3.430051214977380170e+01
-5.950190290606006016e+00
4.163390336826525129e+01
1.788017874471013613e+01
3.647973508918469054e+00
1.070598804447732810e+01
3.417760167012330896e+01
2.369305365844674327e+01
2.464509163313537599e+01
3.438064711198897072e+01
-3.611374658788621872e+01
2.847953609978985057e+01
-2.843728541685174527e+00
2.829985668759468709e+01
2.101032318515988351e+01
1.845463126488520178e+00
1.516357855312011438e+01
-5.468721733268464114e+00
3.968670065664594659e+01
1.171355235318194232e+01
-4.941107406453617301e+01
