1.178100417331764582e+01 0.000000000000000000e+00
1.806420549210886861e+01 0.000000000000000000e+00
1.492249439387334142e+01 0.000000000000000000e+00
1.178099816496830421e+01 0.000000000000000000e+00
1.492249439387334675e+01 0.000000000000000000e+00
1.806408704746313276e+01 1.099204820047272602e-15
1.492252349680854273e+01 0.000000000000000000e+00
1.178099362896619517e+01 0.000000000000000000e+00
1.806423229415334220e+01 5.409839001868727774e-06
1.806408704746313632e+01 0.000000000000000000e+00
2.120567970105292588e+01 1.210227122509788256e-15
2.120567970105292943e+01 0.000000000000000000e+00
1.492255181601933778e+01 0.000000000000000000e+00
1.178096240347352541e+01 0.000000000000000000e+00
2.120567970105292588e+01 1.210227122509788256e-15
2.120567970105292588e+01 1.210227122509788256e-15
1.492253655329748518e+01 0.000000000000000000e+00
1.806408704746313632e+01 0.000000000000000000e+00
1.806419371161065968e+01 0.000000000000000000e+00
2.120567970105292943e+01 0.000000000000000000e+00
1.492256907976028479e+01 0.000000000000000000e+00
1.178090174028354831e+01 0.000000000000000000e+00
1.178094563380941651e+01 0.000000000000000000e+00
8.639394656033580588e+00 0.000000000000000000e+00
2.120567970105292943e+01 0.000000000000000000e+00
