-4.093759215051605338e+01
-5.311912172218551120e+01
5.881826999901157649e+00
-7.158393829978969336e+00
4.690573731161676108e+01
-4.403108860387163048e+01
-1.894095516631433540e+01
1.316869259084394272e+01
-5.303090760985603680e+01
-4.355633297248483871e+01
-4.067071294975901452e+01
-7.075868902132933158e+01
-4.006192793986992129e+00
6.106309037944117790e+01
8.263890962913961857e+00
-2.115259096963713148e+01
-9.996344624852960692e+01
2.893311149886180189e+01
8.666080262994346128e+01
-3.982918604016462893e+01
-2.929147525255849871e+00
-2.905603815446726301e+00
2.885145267966272797e+01
-1.882503768680145839e+01
3.397019795316747093e+01
8.534972063775056483e+01
1.568629733521597558e+01
-2.659067954466715378e+01
-5.002991374446006390e+00
2.337077892735508300e+01
-6.229889359602742616e+01
3.503534077704355099e+01
4.271910051427363442e+01
-6.363665743150933451e+01
3.636262601712053311e+01
-4.412922528427277058e+01
-3.785272318971244232e+01
2.820205353865139131e+01
-6.201312498911630655e+01
-7.584135846752506893e+01
-4.047467842299153062e+01
-2.062085066651943066e+01
4.585000897595691072e+01
-3.989437903158676590e+01
1.065838985555861207e+01
-1.787648783022473964e+01
6.808044382268465711e+01
7.015809156363739874e+01
3.775238812684141010e+01
-3.843167823869211475e+01
