-9.414126688915820296e+01
-2.200385699440481346e+01
-4.072231424475536699e+01
1.944613744631136854e+01
4.957545638154032730e+01
3.832610673271084067e+01
-3.482120784802062019e+01
-2.603375177529230200e+01
1.763292565625360453e+01
-4.394984752988093391e+01
7.895086763960370035e+01
-3.639794093559644494e+01
5.975232051930447597e+01
5.546931532547858978e+00
4.441363140443355206e+01
-3.412211376232277615e+01
-4.883799356680840731e+01
4.817868610725614076e+01
-5.033596943136416257e+00
8.871004806532502585e+01
1.544521763679889048e+01
-8.180314007546770938e+01
-4.529240401843612318e+01
6.385899549204430059e+01
9.910307471239531196e+01
3.781258880088061858e+01
-1.382307725940311371e+01
4.667469469625618217e+01
-3.830644752026706357e+01
-1.742413510760887618e+01
3.364969334844967364e+01
1.126951820110322977e+01
9.640385788620488228e+00
7.412366974303395750e+00
-9.574912777810072839e+01
4.947559231656214251e+01
6.255265717634381417e+01
2.201715878029422058e+01
8.876173747952333315e+01
-4.472652052241205212e+00
1.978830317181887466e+01
-6.686373199513428744e+01
5.888081039198803524e+01
2.350027125764019686e+01
7.509536588317160977e+00
1.144673748293769933e+01
-4.865117826189234052e+00
5.590429835531287495e+01
1.915404739757724073e+01
4.712971591160507501e+01
