-6.292899967395607064e+01
-9.495035077716505612e+01
-6.620202050417249495e+01
-5.227279910623879999e+01
4.213188619624622788e+01
3.079868727795338401e+01
-5.510870219251411584e+01
-1.723333056789985207e+01
-2.241545097783303575e+01
5.061393270478799877e+01
2.402343222560398672e+01
-1.444241643375328010e-01
2.317095182340814574e+01
3.404921308163420690e+01
-3.098675122136365090e+01
-2.761137000308953304e+01
4.945755377008423714e+00
-7.580802724832126671e+01
-3.300563416951693085e+01
-2.480358734255491271e+01
8.976820908879653871e+01
-9.084356269156529606e+00
-1.348991858603702099e+01
-3.226220260962562492e+01
2.003914755664135328e+01
-6.644975382839712097e+01
1.684646923021968590e+01
4.945258416718702676e+01
-6.562049965549374519e+01
-1.099238240636623232e+01
5.029248414548779067e+01
2.908205645295365116e+01
4.122730375035338568e+01
-5.862458012646158068e+00
7.247007603746843074e+01
7.733575254196018989e+00
-8.538266095511165332e+00
-1.890868792194540049e+01
6.194271982620841221e+00
-3.199641345420393534e+01
3.202188518025136688e+01
7.864053223391391612e+01
6.153270629143929682e+01
3.662085563846333969e+01
-2.016729403039432000e+01
-3.982273136328046093e+01
4.599821201260593284e+01
3.255668736467065116e+01
1.124418606146270605e+01
-6.968230128890215269e+01
