-3.043568408211641341e+01
-1.137289939206054079e+01
-3.445610548897721515e+01
-4.675257196541590332e+01
-1.876068407850906183e+01
2.649661891063088248e+01
2.552857058186749128e+01
1.115440079944462681e+01
-1.184901607462197504e+01
-1.979993172157927805e+00
2.132816489632547885e+01
-3.034955629532544563e+01
-7.450957165631276524e+00
5.734990989476242085e+00
1.543980122409605116e+01
-2.083351866178992040e+01
-4.381986878887775561e+01
1.550513513389626619e+00
2.915805706651129370e+01
-2.840727415646383847e+01
2.597998914948681204e+01
-1.849207455233520392e+01
2.031706148372548881e+01
-2.549269662215514032e+01
2.982592379568809449e+01
8.626792814780161578e+00
-1.115313837225749616e+01
2.973202952412316336e+01
-3.433283189166462535e+01
-3.728666581447563999e+01
-6.377698584931459358e+00
4.156694708795548365e+01
1.615531039661185986e+01
4.141863303800304763e+00
9.769474363957188601e+00
3.210408387850268497e+01
2.377940470541723883e+01
2.431461658419873118e+01
3.503434975865512513e+01
-3.534096924979370868e+01
2.964540654920514484e+01
-1.407420825712075718e+00
2.929744242509804764e+01
1.954841477412009709e+01
2.379295281006386542e+00
1.446843306088347170e+01
-5.718255769991240633e+00
4.201255371453429177e+01
1.320991042529617765e+01
-4.945623528142874648e+01
2.319336827812549018e+01
4.704037992186068351e+01
-4.129056914304905490e+01
-2.605426058199762807e+01
2.760930815201603394e+01
3.085983016021875613e+01
3.579378497129665249e+01
-4.559808526794533634e+01
-1.803245022574140677e+01
-2.345392732315954376e+01
3.787767749244077464e+01
5.042871994149113135e+00
1.739838254567789733e+01
-4.161635512262338921e+01
4.703744765570615272e+01
2.466463654656547533e+01
3.800164498639363586e+01
4.559493394564610469e+01
-4.417652131913334301e+01
-1.317398591250914741e+01
1.390189827140172873e+01
-1.858427929496257347e+00
-4.148290227952786324e+01
-4.324324549327593914e+00
2.672850588433519903e+01
-2.828136334586174883e+01
-2.039994177971474443e+01
-1.165775770776249942e+01
4.267046041006869217e+01
-8.718167729457199755e+00
-1.115259109661987225e+01
-1.764091464768138806e+01
-4.948416447612840585e+01
-3.216806677347455690e+01
4.747765844330113794e+01
-8.019994821819310005e+00
-1.660101246223288385e+01
4.845150936652120777e+01
-4.576672326955547021e+01
-7.544978096338395446e+00
1.425180182144360508e+01
4.460331676358391206e+01
2.380673730632798879e+01
2.788781267474345071e+01
2.870038042218006780e+01
1.397690511741107144e+01
3.845406603663733769e+00
-1.009272963712407378e+00
-2.193455565277718833e+01
5.037904378449003673e+01
