-2.944046485409581493e+01
-1.510956958362415214e+01
-3.619948297395853132e+01
-4.464610314868490804e+01
-1.793578331935018255e+01
2.379291265605880668e+01
2.509628457781215616e+01
1.410932351472694535e+01
-1.203414103778007060e+01
-1.227520138824216289e+00
2.548253211152501052e+01
-3.038049732056349939e+01
-9.030583971676348298e+00
6.236847335233614231e+00
1.617706182823739169e+01
-2.042696556707776878e+01
-4.338272403053046133e+01
4.112603215900385578e+00
3.205602343978834767e+01
-2.947852819918159994e+01
2.579202301288156107e+01
-1.938493516027898167e+01
1.934558053433956104e+01
-2.570001987324586779e+01
3.064098327225008234e+01
6.621142472467164808e+00
-9.256258104404851750e+00
3.224167692244864725e+01
-3.253117166479364641e+01
-3.314340855260246599e+01
-4.705326614216958525e+00
4.144851685849634038e+01
1.629068561727938658e+01
4.515079411029583767e+00
9.796646527798131387e+00
3.257247483113908970e+01
2.249627584487418730e+01
2.274347948290377275e+01
3.432778296806142748e+01
-3.756242593004555630e+01
2.940087960724665805e+01
-2.986623488291369366e+00
2.721523278499783061e+01
2.084415766605530251e+01
2.906304932204166747e+00
1.542951064371854741e+01
-3.385717184902313548e+00
3.950068939767483300e+01
1.171906141042058280e+01
-4.988140378342489356e+01
2.107207665070984248e+01
4.678141080933135498e+01
-4.040995642919369857e+01
-2.688234045005045303e+01
2.604914454613567187e+01
3.089712045977325161e+01
3.965221447398648991e+01
-4.723235044953955253e+01
-1.866233494011397909e+01
-2.401657448881566737e+01
3.591911967466457867e+01
7.483772075912813015e+00
2.055663775984029229e+01
-4.282494704954560660e+01
5.031653108860039936e+01
2.305126484139169918e+01
3.905390975447824076e+01
4.164882476486666718e+01
-4.640646523863142647e+01
-1.320727624345215823e+01
1.311478185280790498e+01
-1.712756482640461542e+00
-4.047952801897190511e+01
-5.091881150662248778e+00
2.503975974494532153e+01
-2.925189583149798267e+01
-2.052730156910349280e+01
-1.165373975383022653e+01
4.231944534321384310e+01
-1.007615763690083277e+01
-1.333190264280450243e+01
-1.825591546510760566e+01
-4.917610012133983588e+01
-3.409126270795513847e+01
5.130888621838143848e+01
-1.220002185097770564e+01
-1.541774012888864398e+01
4.721132576819024251e+01
-4.399137667565965160e+01
-1.035491933529594988e+01
1.305641032377848632e+01
4.701374571353703402e+01
2.572960036527261352e+01
2.721610883781563217e+01
2.654240317163691998e+01
1.384927940254318024e+01
7.256975935611128747e+00
-2.559408294503849213e+00
-2.157634490397906646e+01
5.133925594262414194e+01
