-3.019475890090480519e+01
-1.623529224081372035e+01
-3.700857618255376025e+01
-4.441946296493991042e+01
-1.878065250575908962e+01
2.383625337508266639e+01
2.121512519679902553e+01
1.292609300263284666e+01
-1.064655296888770586e+01
-1.702521189108674171e-01
2.355703600741346548e+01
-3.359140475213965260e+01
-8.715999585987200149e+00
5.622336141981888247e+00
1.522018595229035043e+01
-2.018004063448978513e+01
-4.372709557665467628e+01
4.157022685350459490e+00
3.347704829009156668e+01
-3.158950161253547861e+01
2.667313295772560977e+01
-1.937915404328541058e+01
1.882309388234398284e+01
-2.712448354124566663e+01
3.015870026306316021e+01
7.657438788807783503e+00
-1.434110523934117687e+01
3.263259889282748105e+01
-3.536274951025258417e+01
-3.481590478780312026e+01
-5.590688269240987829e+00
4.194882568005065338e+01
1.705849690239229943e+01
5.745725864738535194e+00
1.087306925179780492e+01
3.445366606372807894e+01
2.278216292966449430e+01
2.445877448413543931e+01
3.434073887694689375e+01
-3.514903386487909387e+01
2.765545458246875299e+01
-2.858735924250568772e+00
2.523292013825862412e+01
2.170162996669164457e+01
4.268322211486245799e+00
1.705673058119351637e+01
-5.383487057448139268e+00
3.744699602413942330e+01
1.191931620944476933e+01
-5.028734313485144014e+01
2.466655008762903734e+01
4.501032345173673122e+01
-4.354533672146784795e+01
-2.905373232597768052e+01
2.691543554005978223e+01
3.147052851519600125e+01
3.821085712850609895e+01
-4.492415494828798472e+01
-1.809393816370615227e+01
-2.337532114027465724e+01
3.730881340062637008e+01
9.068933776866188623e+00
2.009391840171302235e+01
-4.077356198093953310e+01
5.109313007892691161e+01
2.294306679778213010e+01
4.027518816369688182e+01
4.371161677583337735e+01
-4.664686863537125561e+01
-1.259621960043071098e+01
1.305821619503605469e+01
-1.793378180493502505e+00
-4.081836321580401972e+01
-4.612933325043491628e+00
2.599106824462040066e+01
-3.044317968813658837e+01
-2.098384013030782569e+01
-8.377444947474572245e+00
4.372928570037574758e+01
-1.096845849471371181e+01
-1.010665077708249981e+01
-1.694261193022147793e+01
-4.633163472780231729e+01
-3.301862963036425924e+01
5.062379459991431219e+01
-8.225039824665138610e+00
-1.712851525150187371e+01
5.111325006514159242e+01
-4.268055596698017240e+01
-7.129139593112407525e+00
1.211443830427509027e+01
4.561882917917035485e+01
2.280315268121837846e+01
2.573768946637670041e+01
2.845206958530743790e+01
1.673439265532662290e+01
5.860029869325987129e+00
-1.056422480739175773e+00
-2.151202004630601294e+01
5.006157593114444637e+01
