-2.966822766769471187e+01
-1.688828749395172935e+01
-3.488139509362850532e+01
-4.598038471494622570e+01
-1.537562270149115484e+01
2.275153655959227805e+01
2.433276258973066319e+01
1.223439297595833963e+01
-9.763698191429106998e+00
-9.536128420149367901e-01
2.100577782850641739e+01
-3.121217343521708898e+01
-6.456321960381670166e+00
7.061287049429553875e+00
1.269330019670269927e+01
-2.151549300781424989e+01
-4.371162628883990919e+01
4.144458413090116089e+00
3.324673710352496414e+01
-3.028620841706781164e+01
2.521354124354945725e+01
-1.734400651787699132e+01
1.831251515169071098e+01
-2.365138514239361811e+01
3.045830683949453643e+01
6.183993754444815139e+00
-1.515131384238054579e+01
3.189293262660872585e+01
-3.452006500140353040e+01
-3.515566521376166520e+01
-6.366862344894348880e+00
4.179765523216455847e+01
1.627511762629628578e+01
3.153660139876042212e+00
1.031804210254640353e+01
3.174040666544217260e+01
2.402661509485169233e+01
2.472563389513540955e+01
3.426562087370069776e+01
-3.636464056191295668e+01
2.794167951837895458e+01
-1.438207567018797928e+00
2.767250048284539332e+01
2.237928065856190329e+01
1.300756671835340939e+00
1.373411721160789156e+01
-5.287603248452375837e+00
3.905204856237847366e+01
1.263310562820948135e+01
-4.890056091624015266e+01
2.096648534167264444e+01
4.718311689649949159e+01
-4.179291616896432515e+01
-2.794598322524631229e+01
2.506252139352803354e+01
2.881616403037336482e+01
3.683022499714190445e+01
-4.768276731736600027e+01
-1.718405263408497063e+01
-2.171680048222131276e+01
3.815048826199167564e+01
7.434512206954930313e+00
1.898221516538215425e+01
-3.950765791394940152e+01
4.819878224568661551e+01
2.372601874701689795e+01
3.922819719734575017e+01
4.383129138816190107e+01
-4.627049813013324098e+01
-1.338021011373284885e+01
1.382001498606998524e+01
-2.918277270211744323e+00
-3.941400273402428667e+01
-2.670281643787911552e+00
2.568331643641053574e+01
-2.799216058702749876e+01
-2.000000930413007438e+01
-8.389435607017166063e+00
4.426469216899339187e+01
-9.900106996340747756e+00
-1.009823535174330722e+01
-1.668652800353839893e+01
-5.232063974477969026e+01
-3.297038891855338250e+01
4.991271159065625795e+01
-1.041403752835310037e+01
-1.676641655103687256e+01
4.879570879318452370e+01
-4.153969847675079308e+01
-4.932623828821055767e+00
1.492858163039822550e+01
4.909617133473721395e+01
2.363015914673524875e+01
2.576601247014969331e+01
2.470342223261021886e+01
1.180115846914643640e+01
3.568130245391117672e+00
-2.809260734858008313e+00
-2.195419411138862031e+01
4.914751166856076736e+01
