-3.119344078459068825e+01
-1.671794262564483091e+01
-3.136672239840686061e+01
-4.534484190295707862e+01
-1.596571766625740452e+01
2.480256156218355557e+01
2.249477193215831505e+01
1.294415782541745763e+01
-1.069982358350359775e+01
1.115671428794168918e+00
2.392139186238336279e+01
-3.054788788804424371e+01
-9.622886843455702888e+00
8.607310006653724699e+00
1.233356040676193111e+01
-1.889574815529943663e+01
-4.433316409099431610e+01
4.073942659578554171e+00
3.200937498922168345e+01
-3.244720267625722698e+01
2.665980969705029224e+01
-1.507171910830574646e+01
2.038722152506344187e+01
-2.460847417791818614e+01
2.596632856665632971e+01
7.711729842326702666e+00
-1.289886437364896032e+01
3.082751520557912883e+01
-3.618398813099692291e+01
-3.588853799640024533e+01
