-2.799967930835289565e+01
-2.062444851303333948e+01
-3.160424112191955714e+01
-4.321974632268670291e+01
-2.027109647963860439e+01
2.588076545486854485e+01
2.703302179215258505e+01
1.522806378138321115e+01
-8.422255932877963147e+00
-1.614823870022738639e+00
2.545018799545821508e+01
-3.080298420791114822e+01
-7.706109872769730806e+00
6.825663259116901749e+00
1.488197777566007396e+01
-2.063086367235392871e+01
-4.285350533004572782e+01
6.593137692870088884e+00
3.150498198122357607e+01
-2.924565949406348864e+01
2.669312543138863703e+01
-1.782102281594265136e+01
2.273732741048490880e+01
-2.554101969489137147e+01
2.682358170236231132e+01
7.652248299160191891e+00
-1.337558107894006199e+01
3.075805247884924754e+01
-3.577197587147208679e+01
-3.752409918567161640e+01
