5.639970939553053952e+00 0.000000000000000000e+00
6.079767157727576254e+00 0.000000000000000000e+00
6.355323898092365198e+00 0.000000000000000000e+00
6.497415947648177870e+00 0.000000000000000000e+00
6.357089786936051645e+00 0.000000000000000000e+00
5.638653237270959018e+00 0.000000000000000000e+00
6.237329531002519190e+00 0.000000000000000000e+00
6.673972478720516577e+00 0.000000000000000000e+00
6.057244636419832240e+00 0.000000000000000000e+00
6.604794992435817136e+00 0.000000000000000000e+00
6.745936322434507915e+00 0.000000000000000000e+00
6.086477901447548078e+00 0.000000000000000000e+00
6.323059383792762667e+00 0.000000000000000000e+00
6.277361836488726254e+00 0.000000000000000000e+00
6.499055895479028067e+00 0.000000000000000000e+00
6.420654686630232533e+00 0.000000000000000000e+00
6.704685172086082723e+00 0.000000000000000000e+00
6.315118562508166278e+00 0.000000000000000000e+00
6.568240537865254858e+00 0.000000000000000000e+00
6.103292904275532393e+00 0.000000000000000000e+00
6.369109829619041818e+00 0.000000000000000000e+00
6.106373460702894995e+00 0.000000000000000000e+00
6.345444324724470953e+00 0.000000000000000000e+00
6.287186618460300913e+00 0.000000000000000000e+00
6.281168663420658937e+00 0.000000000000000000e+00
