-1.369172134387725492e+01
-2.088177777449324424e+01
6.115774711290129062e+00
-8.073166345158961121e+01
3.038655239169090549e+01
8.361156663981651604e+01
-2.346443977647406953e+01
-2.428497502681155495e+01
-2.548306147949260847e+01
-5.613638234572873387e+01
-1.226698029786929922e+01
3.875777786874249387e+01
-3.595961333727684206e+01
3.650189224083464268e+01
8.482586344665790534e+00
-7.763015901419890952e+01
-3.705158698323232613e+01
2.703071539412864155e+00
7.209456681903907338e+01
-6.883835839967115078e+01
1.404615904390927028e+01
-6.414594003057021609e+01
-5.585971500971667325e+01
2.632705182708405545e+01
4.710740718064484156e+01
9.337394485324509219e+01
5.312971901204079472e+00
9.413408286857524843e+00
-5.736303847668229139e+01
-6.536759964487089292e+01
-4.564262039771289636e+01
8.624358139048894145e+01
3.268596299621087553e+01
-1.418973059160180128e+00
6.730064674246942502e+01
3.252756536306759472e+01
3.919988572413340222e+01
2.756954473828120911e+01
3.555825483803673137e+01
-5.497127448255316295e+01
3.515979274334561921e+00
-1.740184077206174962e-01
2.620581109089065208e+01
-2.276052641742247573e+01
-2.195578906186625545e+00
1.069720121321758199e+01
-9.760096422761989743e+00
-2.916109363897599493e+01
-1.945979114715127167e+01
-5.347690645070596815e+01
2.934750911765695491e+01
-7.821367745583430064e+00
-5.222023123383820575e+01
-2.488152460526911725e+01
5.464235979012903499e+01
3.361428391211376265e+01
5.956048977774719333e+01
-4.341809544875340521e+01
-1.968467724432006349e+01
5.910813582627724827e+00
6.197425912445311269e+01
2.791221726964668193e+00
5.036775231431110456e+01
-4.793997506571472655e+01
4.176097985950509894e+01
-2.840293944171651930e+01
6.796576801482609653e+01
7.825702297795481854e+01
-4.113711563933028970e+01
-3.838405092822654296e+00
3.388821948885129132e+01
-5.854686988538091441e+01
-4.595054877475821087e+01
-9.381443350117282876e+01
-8.211786372764606767e-02
2.107221824099632101e+01
1.115971294320570095e+01
-8.900880292973972985e+01
-2.827289603082290270e-01
-6.614004617568180322e+01
-6.101093846701844114e+01
-1.221662311005161428e+01
-1.803628842883255246e+01
2.973489892058010753e+01
2.686683872120151406e+01
8.234624920047433960e+00
-4.680528001958332851e+01
2.525825641215942241e+01
4.066399798338400728e+01
5.231460853820664170e+01
8.209576341945140143e+01
8.532579332207490097e+01
4.567576618747978756e+01
2.929054824036079197e+01
-1.262895408529359997e+00
1.337793394551100334e+01
-3.357738888467189042e+01
-3.210717081166069242e+00
3.790263095975518581e+00
5.486161516980028807e+01
