9.280003871781737246e+00
-1.650039673222558179e+01
2.222282117999950657e+01
-4.228343057133646710e+01
-2.614050527703511762e+00
2.307831552855529722e+01
1.224799454971001467e+01
1.163285288297621634e+01
9.787111042495626023e+00
-2.323393243349579862e+01
-2.734129959968946366e+00
6.566319788155928450e+01
4.244663568567835199e+01
-3.537168126159593839e+01
1.473793834918015477e+01
-1.824723783931870358e+01
-9.669657370766223892e+01
-2.074288584986895501e+00
2.763183489217315270e+01
-1.773011744904758302e+01
2.868289410160231867e+01
-4.048616668336213564e+01
2.293655600845009701e+01
-6.193455126612547446e+01
2.587974552971083142e+01
5.748849590611820304e+01
5.099851683224176924e+00
-8.820942280306539374e+00
-3.188845247774129632e+01
-2.278380011224858848e+01
5.915452752890655574e+01
6.438491244467789443e+01
3.982754406481982556e+01
-1.401764081985532684e+01
-1.119098890203871122e+01
3.461487381954589182e+01
7.092217032857610093e+01
-1.189699607969940409e+01
4.283051150861244594e+01
-4.065682015608716426e+01
3.671924030981283238e+01
1.046281905684077174e+01
4.959794690634787173e+01
2.733586774071034142e+01
-5.142770741213884556e+00
-6.305670838672119771e+01
-1.476134110189472892e+01
3.264905322747177152e+00
-5.462326957921098369e+01
-6.777188348886302549e+01
1.552747398014390612e+01
2.666118924915398480e+01
-3.770375057158753407e+01
-3.443245293001845653e+01
6.013554610181675741e+01
-2.710505130988757116e+00
7.545491672572180164e+01
-4.470170784217009441e+01
-9.041867430020572272e+01
-2.881439162646302066e-01
5.486929047150158567e+01
7.805333682375412252e+01
9.137311235525160669e+01
-4.882551642738204833e+01
8.930770629235614422e+01
1.901131715977149383e+01
4.369172299290811878e+01
4.270059549475611504e+01
-2.940312349329919073e+01
9.947213091312507061e+01
2.875870731567684047e+01
-7.522249205236565928e+00
-7.481719315430939332e+01
2.629760737967146156e+00
5.006483682087534959e+01
-3.721944310560461844e+01
-1.430087633478249032e+01
-8.213469779199229492e+00
6.383892650867485230e+01
3.668393639451352328e+01
1.493190332882826254e+01
2.107915719199739613e+01
-2.899448393069324226e+01
-4.203395161176231909e+01
3.080891761248206961e+00
-3.688312605055372728e+01
-1.439551051970072937e+00
4.649469131727540372e+01
2.178012409791429604e+01
3.552970726497905218e+01
-5.781075447964964198e+00
7.170566956379057899e+01
5.615356592871728481e+01
7.715935134487224900e+01
3.295858251168653652e+01
1.500956563826836465e+01
2.922565861974270973e+01
-3.890386051078603025e+00
-3.704536305948759178e+01
5.045796128299936356e+01
