-4.616356516266025523e+01
-1.720953057426958210e+01
-4.871997551112781366e+01
4.099375073170847372e+00
-4.186264688417256963e+01
-3.418200236481541765e+01
-4.093532749564745643e+01
-4.546556512302215936e+01
-4.728925652823571113e+01
-4.336045142784500683e+01
4.605561992199604759e+01
-3.894720612600728060e+01
-4.665574575534660795e+01
-4.242408132700396095e+01
-3.485169594888030531e+01
-3.842879791544963552e+01
-4.966287526951314391e+01
-4.332655027749903809e+01
-4.840314207626997245e+01
-4.780002969571729921e+01
-3.911340005143728149e+01
-3.859438458604187616e+01
-3.915900812085686056e+01
-3.218761595144525955e+01
-4.235730967352938592e+01
-3.798721989709314784e+01
-3.976537457018252297e+01
-4.457756859804458571e+01
-4.337167708919189124e+01
-4.807802911583181071e+01
