-2.849706896425340474e+01
-1.621731518878330647e+01
-3.425757848610486889e+01
-4.568125229610183879e+01
-1.834466289342320167e+01
2.581780656014979058e+01
2.506043427996435469e+01
1.129123541491531668e+01
-1.205613133385926794e+01
-1.150806282058871366e+00
2.318580167833446026e+01
-3.155216709661375063e+01
-8.971396077020248327e+00
5.795678398191110858e+00
1.572835914121215772e+01
-2.146584374843913423e+01
-4.333737170368389968e+01
3.534036051642231335e+00
3.104559530404494794e+01
-2.988098774664038615e+01
2.552879918656216418e+01
-1.864940234432534183e+01
1.986078316361235707e+01
-2.438164287225886540e+01
3.044461660852076434e+01
7.116106611857513364e+00
-1.235831863526529339e+01
3.162964282950495587e+01
-3.594270995808514613e+01
-3.439266031104661892e+01
-6.287736394844677612e+00
4.167802327634453263e+01
1.823105190833663514e+01
3.593170279366886710e+00
1.084960717665868124e+01
3.412249028450034416e+01
2.384445476077016224e+01
2.494710707628686919e+01
3.458140332983958842e+01
-3.629447330564602936e+01
2.843226148811626430e+01
-2.800879279559113311e+00
2.841743176946112115e+01
2.089300339481299673e+01
1.802368730592176727e+00
1.534753946247264444e+01
-5.568629855993116884e+00
3.993591434672971019e+01
1.174948347616943423e+01
-4.928860527978548589e+01
