-2.839579482505684638e+01
-1.602353194564742722e+01
-3.426267296300915177e+01
-4.594976251287807401e+01
-1.822534490452327915e+01
2.579434253736680915e+01
2.454611840559913460e+01
1.139143253343766027e+01
-1.215518686049544783e+01
-9.713848077126403524e-01
2.336858032803538521e+01
-3.167363065524614640e+01
-8.824634778920522393e+00
5.598483070351897517e+00
1.577423296951858589e+01
-2.154946393586147479e+01
-4.318148562450803496e+01
3.397693784591144794e+00
3.117597798760440497e+01
-2.979101960364315360e+01
2.531904519540847431e+01
-1.877649064303336246e+01
1.956698898674901343e+01
-2.430154853768352297e+01
3.073217656345605064e+01
7.051543947878510465e+00
-1.261639785770426236e+01
3.157709369684977574e+01
-3.617850294513675635e+01
-3.449562389915442395e+01
-5.858070270001234370e+00
4.139954278613352301e+01
1.795720964730681501e+01
3.614960151553208156e+00
1.092884142418015436e+01
3.427255272807676079e+01
2.372283572478609415e+01
2.448559031206218606e+01
3.442084818321807660e+01
-3.616126446384815551e+01
2.844021785311452533e+01
-2.916044742025179826e+00
2.809868860587525319e+01
2.097025339878905115e+01
2.165322624579373745e+00
1.506519572298399723e+01
-5.617737431787021229e+00
3.959990636869585501e+01
1.184383504212730287e+01
-4.904431859223919332e+01
