-2.878825987855842428e+01
-1.587987694594962562e+01
-3.417828150233039253e+01
-4.593590529458585081e+01
-1.819576943521296641e+01
2.578478613533474118e+01
2.464894508939545759e+01
1.128937480590824372e+01
-1.217380333178808449e+01
-9.789394935927493435e-01
2.328255816928020039e+01
-3.136287067849564281e+01
-9.212901320567222996e+00
5.933629318535055930e+00
1.573795553400066183e+01
-2.135930851853504464e+01
-4.357402219911909924e+01
3.156995138241187604e+00
3.099677687442227025e+01
-3.033107649022574037e+01
2.532902168150637578e+01
-1.880615933634285142e+01
1.976781885675095651e+01
-2.449089540289503475e+01
3.030140130939314602e+01
7.283772467430129183e+00
-1.235198545606391818e+01
3.185460324787353770e+01
-3.582917352564363256e+01
-3.426579127580732376e+01
-6.213681153229498655e+00
4.171042718314132003e+01
1.767183516925052800e+01
3.681465617607959206e+00
1.096018787033504616e+01
3.425408926311680347e+01
2.389945556312429531e+01
2.456688288110727569e+01
3.442438497567570010e+01
-3.608771367246655615e+01
2.841991292275535841e+01
-3.012855868319746833e+00
2.839479937154878897e+01
2.111172204173741562e+01
1.822244920957976300e+00
1.492359379320020984e+01
-5.501330181867264635e+00
3.962588368839084296e+01
1.162644098238637547e+01
-4.906427310858128976e+01
