-2.870618992570262762e+01
-1.616387883159352512e+01
-3.409289919540758973e+01
-4.589982446094011692e+01
-1.814032939723988136e+01
2.563986834141771354e+01
2.478885636477877341e+01
1.106570731242672956e+01
-1.212265372878338354e+01
-7.213554478023431749e-01
2.354139250893163648e+01
-3.163776565004906516e+01
-8.963430391711238343e+00
5.904924379182497240e+00
1.571222184355010043e+01
-2.179473187969308157e+01
-4.345354169826750734e+01
3.365383506066193409e+00
3.097024646293320060e+01
-2.982142482479855872e+01
2.518412909694462343e+01
-1.862229415053638704e+01
1.962993336929859822e+01
-2.453515728864175927e+01
3.057490829202908600e+01
6.707321586975186989e+00
-1.249165181642084121e+01
3.173901678068887477e+01
-3.592245308878224819e+01
-3.405365570439714418e+01
-6.288647310707467852e+00
4.137249268377005507e+01
1.808796076024893651e+01
3.681538478020653926e+00
1.059257476506654783e+01
3.394413183364332554e+01
2.399698627634465709e+01
2.481096974373297215e+01
3.417834198247167166e+01
-3.590437935193170205e+01
2.830942141029459336e+01
-2.777824412118238051e+00
2.824566831415260992e+01
2.124884482660023721e+01
1.756434915794962581e+00
1.538180366723256220e+01
-5.363760810673614543e+00
3.959988742710621779e+01
1.207195002527214811e+01
-4.941820269841604585e+01
