5.811937020038369894e+01 0.000000000000000000e+00
6.440242987558302445e+01 0.000000000000000000e+00
6.283173732928539579e+01 0.000000000000000000e+00
7.539802273595947213e+01 0.000000000000000000e+00
5.026553489208967562e+01 0.000000000000000000e+00
8.168118448979625157e+01 0.000000000000000000e+00
7.068565962817750403e+01 0.000000000000000000e+00
7.539819265563400563e+01 0.000000000000000000e+00
5.654858189095019583e+01 0.000000000000000000e+00
7.068564748598682002e+01 0.000000000000000000e+00
8.325230483784041269e+01 0.000000000000000000e+00
8.168199710453122009e+01 0.000000000000000000e+00
8.796465984060091614e+01 0.000000000000000000e+00
7.696861759105541978e+01 0.000000000000000000e+00
5.811927842830657198e+01 0.000000000000000000e+00
8.168132886726067454e+01 0.000000000000000000e+00
7.539818771866890756e+01 0.000000000000000000e+00
7.068641376225286876e+01 0.000000000000000000e+00
8.325221662884918317e+01 0.000000000000000000e+00
7.696906278784635447e+01 0.000000000000000000e+00
8.325251830512610240e+01 0.000000000000000000e+00
3.769924515935111486e+01 0.000000000000000000e+00
6.440233616806537498e+01 0.000000000000000000e+00
6.911518298582323894e+01 0.000000000000000000e+00
8.168166719513794760e+01 0.000000000000000000e+00
