-1.409576689436059738e+00 0.000000000000000000e+00
-1.489067976607676869e+00 0.000000000000000000e+00
-1.622381241020054432e+00 0.000000000000000000e+00
-1.568793169616238714e+00 0.000000000000000000e+00
-1.581289091405121638e+00 0.000000000000000000e+00
-1.309634930162371091e+00 0.000000000000000000e+00
-1.304938349056318003e+00 0.000000000000000000e+00
-8.257811773287002666e-01 0.000000000000000000e+00
-1.344801871055629761e+00 0.000000000000000000e+00
-1.277182880829400347e+00 0.000000000000000000e+00
-1.159272594757268848e+00 0.000000000000000000e+00
-1.896588981186661194e+00 0.000000000000000000e+00
-1.566199175332183557e+00 0.000000000000000000e+00
-1.519973127716927053e+00 0.000000000000000000e+00
-1.434281056205879423e+00 0.000000000000000000e+00
-1.133913296916440494e+00 0.000000000000000000e+00
-1.526377051903033077e+00 0.000000000000000000e+00
-1.477070720490740285e+00 0.000000000000000000e+00
-1.260697531336910870e+00 0.000000000000000000e+00
-1.438612031314582929e+00 0.000000000000000000e+00
-1.313543548501153069e+00 0.000000000000000000e+00
-1.723390201679150024e+00 0.000000000000000000e+00
-1.694408873234760193e+00 0.000000000000000000e+00
-1.427094891675263710e+00 0.000000000000000000e+00
-1.507359663569575403e+00 0.000000000000000000e+00
