-2.863013045140990442e+01
-1.580590181675657746e+01
-3.418432204674655850e+01
-4.604028223961371680e+01
-1.797241145311090804e+01
2.566971923397737143e+01
2.444915426674330661e+01
1.128271997938539961e+01
-1.231590285936426810e+01
-8.737914497909149425e-01
2.371590901453219757e+01
-3.166250859783626481e+01
-9.442810295220787964e+00
5.896686285874219280e+00
1.568576328894250693e+01
-2.155336735907002321e+01
-4.336572661813301011e+01
3.114415766418483500e+00
3.108898018394555862e+01
-3.015307003755658499e+01
2.525805244952371709e+01
-1.858679752897840487e+01
1.978969384289741740e+01
-2.415142154969095145e+01
3.052889200953955395e+01
7.354321356210447469e+00
-1.239282567113195377e+01
3.167843103415613015e+01
-3.584712896497914159e+01
-3.420859040595858858e+01
-5.941914496971702597e+00
4.156094427509408717e+01
1.751527507252619387e+01
3.476324750074405223e+00
1.076286927752437350e+01
3.420933136286639353e+01
2.358723040312580821e+01
2.461446140763038315e+01
3.430528440498443388e+01
-3.597390025415559478e+01
2.839105937280140779e+01
-2.988102404099006737e+00
2.805199622500426315e+01
2.119847029155697626e+01
1.682237345928502048e+00
1.481385215895893026e+01
-5.360550733692914349e+00
3.952505983673734136e+01
1.188626610495376923e+01
-4.929152160592614251e+01
