-1.311542652454362745e+00
-1.096696278410881131e+00
5.315711589030604145e+00
5.486476926689465294e+00
2.831674666673536511e-01
-3.708133168799522039e+00
-2.940454536437381527e+00
-1.934453386372616324e+00
2.144108427192301214e+00
2.261819540194451861e+00
4.514113294805171428e+00
-2.539286694985565251e+00
-3.195177369080755891e+00
2.134879626817678400e+00
4.906458947295263329e+00
3.989194430864248186e+00
-3.505024675044389415e+00
1.358797475658304110e+00
2.057250347367809429e+00
2.993232210092281242e+00
4.791633565248800686e+00
-2.701108333077954171e+00
-7.365010358778353305e-01
-4.064691902402481460e+00
1.249082183800523937e-01
-4.154847258642353769e-03
-4.760642489697352708e+00
-1.395231473281217216e+00
-9.153453416359476347e-02
-1.056261362243587909e+00
3.071338622584927514e+00
-1.138408019391810466e+00
-4.903185681104883287e+00
2.992617317771242291e+00
-9.102221995567324475e-01
3.238495861200899384e+00
1.582522617562148293e+00
-4.699647041680137249e+00
-1.482525953724102674e+00
9.208128977404191895e-01
-2.202415197500808386e+00
3.213271206072410013e-01
-3.577536675764153351e+00
2.539803114251736993e+00
7.276669596028779718e-01
7.612624532381422338e-01
2.526872411692864695e+00
-1.663654563088889260e+00
-2.936832258378478056e+00
-2.528369852661642270e+00
