-2.857270029033049852e+01
-1.602066402652853938e+01
-3.426698222401370231e+01
-4.581725154812723133e+01
-1.807980108241046935e+01
2.572537726548221571e+01
2.471703394120429920e+01
1.121574215892765203e+01
-1.213685556322839609e+01
-9.156609544794360733e-01
2.340517666670587360e+01
-3.146530415948691939e+01
-9.066774159697892799e+00
5.735037579943631059e+00
1.568433849495055910e+01
-2.158212929360840349e+01
-4.337025809827520106e+01
3.353293785587613929e+00
3.114528648475488382e+01
-2.990397227305647831e+01
2.543268023166233505e+01
-1.867387685954975396e+01
1.974945811720142075e+01
-2.442739997294667731e+01
3.031136600534407677e+01
7.076391428522548210e+00
-1.241642564376430791e+01
3.172492378584670547e+01
-3.595412351439004794e+01
-3.430016195091780418e+01
