-2.857337658737385411e+01
-1.602111871836447676e+01
-3.426723293424004169e+01
-4.581843501254289208e+01
-1.808051522272807077e+01
2.572563634554954248e+01
2.471708454390557819e+01
1.121595972894023774e+01
-1.213672342864336784e+01
-9.160186579586806488e-01
2.340563813059878484e+01
-3.146498939595057109e+01
-9.066421647591319299e+00
5.735034900816999404e+00
1.568423688210859446e+01
-2.158237566745770764e+01
-4.337022774845102191e+01
3.353816136766596401e+00
3.114509493718930244e+01
-2.990385489549185039e+01
2.543279770405179718e+01
-1.867402068166174800e+01
1.974877489693972166e+01
-2.442680682633369571e+01
3.031124636918643134e+01
7.076565475393248761e+00
-1.241603616252873010e+01
3.172516791897537303e+01
-3.595484041105065387e+01
-3.430035198699680166e+01
