-2.857270893494948893e+01
-1.602019227254718814e+01
-3.426699588159090126e+01
-4.581821849175146610e+01
-1.807987969990064769e+01
2.572597368893414682e+01
2.471658367659245314e+01
1.121601337466922388e+01
-1.213659095967396695e+01
-9.154226581991021794e-01
2.340519499655416169e+01
-3.146514172801049014e+01
-9.066379454950782346e+00
5.734859301597221126e+00
1.568384893187545792e+01
-2.158320911025651156e+01
-4.337022830872653856e+01
3.354194848700666753e+00
3.114528661834951251e+01
-2.990411847122449274e+01
2.543280610838768752e+01
-1.867390552934650216e+01
1.974871188390724797e+01
-2.442819840935854003e+01
3.031109491079905283e+01
7.076550831120226093e+00
-1.241656704945239298e+01
3.172515629057629383e+01
-3.595487952257671793e+01
-3.430093544942106121e+01
