1.746483168575494710e+04 0.000000000000000000e+00
1.781936078795864887e+04 0.000000000000000000e+00
1.755038481416178547e+04 0.000000000000000000e+00
1.682925616781618737e+04 0.000000000000000000e+00
1.949224989594503131e+04 0.000000000000000000e+00
1.827320575647583973e+04 0.000000000000000000e+00
1.591072021732686881e+04 0.000000000000000000e+00
1.610375284869300776e+04 0.000000000000000000e+00
1.444939400157707314e+04 0.000000000000000000e+00
1.785110521305260772e+04 0.000000000000000000e+00
1.527041808119576490e+04 0.000000000000000000e+00
1.764659013654678711e+04 0.000000000000000000e+00
1.746667929082638148e+04 0.000000000000000000e+00
1.537029068679755983e+04 0.000000000000000000e+00
1.635973605903627504e+04 0.000000000000000000e+00
1.873555827183558358e+04 0.000000000000000000e+00
1.877992918912527966e+04 0.000000000000000000e+00
1.754751132385788151e+04 0.000000000000000000e+00
1.853747648819673122e+04 0.000000000000000000e+00
1.779387640177341018e+04 0.000000000000000000e+00
1.663930813207613755e+04 0.000000000000000000e+00
1.904901871215559004e+04 0.000000000000000000e+00
1.617506142720746539e+04 0.000000000000000000e+00
1.608793964596838123e+04 0.000000000000000000e+00
1.762438511353742433e+04 0.000000000000000000e+00
