-2.856217902413644083e+01
-1.603030262421958341e+01
-3.425734840426077454e+01
-4.580825787348736355e+01
-1.806994586971207184e+01
2.573481547290570148e+01
2.470858335562091312e+01
1.122349161477255919e+01
-1.212879545353915312e+01
-9.223665472105849750e-01
2.341304374763081597e+01
-3.147337669072668476e+01
-9.074180336155935223e+00
5.742992515394541364e+00
1.569212577017137100e+01
-2.158966965351471146e+01
-4.337781956495801694e+01
3.346950853265470816e+00
3.113827765132839076e+01
-2.989687680528327007e+01
2.542567685794802301e+01
-1.866684722904982152e+01
1.974239336055375915e+01
-2.443357307986795846e+01
3.030466603709794882e+01
7.069930396494053859e+00
-1.242328669796835072e+01
3.171810502841027457e+01
-3.596095537502275619e+01
-3.430776863861853343e+01
-5.957554371615095157e+00
4.164158117381774815e+01
1.788819999286291207e+01
3.639278174277234434e+00
1.069665501123396112e+01
3.418566584679122400e+01
2.368405112448939676e+01
2.465394539427041920e+01
3.438912416260566829e+01
-3.610534831088080665e+01
2.848770994284446800e+01
-2.834942109633450613e+00
2.828996111652527290e+01
2.102078346879898163e+01
1.830582835907493600e+00
1.515053458556820587e+01
-5.479822055863516006e+00
3.967616821335940358e+01
1.172485522209179187e+01
-4.942603271935966802e+01
2.071994035673816725e+01
4.803707747000004957e+01
-4.280615167444826596e+01
-2.680055135553321932e+01
2.649538968247607684e+01
3.042343626551143032e+01
3.775373559000645685e+01
-4.627434191830788990e+01
-1.840587994397805005e+01
-2.269743217912803956e+01
3.752787544248027984e+01
7.842225712907517021e+00
1.925942829573168780e+01
-4.203843636786453430e+01
4.997035264760319251e+01
2.459891752784100660e+01
4.056722141241760937e+01
4.401051282718768221e+01
-4.533332750943102241e+01
-1.256240180759785297e+01
1.380841271074340249e+01
-2.575500769417908398e+00
-4.082739294723093337e+01
-3.040956521053467032e+00
2.589389839714174002e+01
-2.965340058816233437e+01
-2.035434720633878669e+01
-1.033567117602209962e+01
4.526200877429805303e+01
-9.852158619645186022e+00
-1.110273477671705500e+01
-1.822541318310607039e+01
-4.880076500357828451e+01
-3.231932750866100434e+01
4.907640138100293825e+01
-9.479265828728721033e+00
-1.701364125520784754e+01
4.845423069420008488e+01
-4.404342475846114979e+01
-7.488564591554774275e+00
1.330619775893116419e+01
4.696196679305737121e+01
2.383782342633876183e+01
2.721103305237356906e+01
2.676023872078929600e+01
1.365242850045365053e+01
4.074225384163038477e+00
-2.098055035314038808e+00
-2.121575808433809840e+01
4.979295288640817319e+01
