-2.857287676284359534e+01
-1.602069291761032943e+01
-3.426735013531116181e+01
-4.581811210019824898e+01
-1.807978114677523607e+01
2.572567904804332883e+01
2.471656391468659564e+01
1.121571948912948002e+01
-1.213661711250475506e+01
-9.155066608648277926e-01
2.340530968566636361e+01
-3.146470652849852101e+01
-9.066299489076888207e+00
5.735014631024726306e+00
1.568416698502236173e+01
-2.158247350619377869e+01
-4.337023138836762826e+01
3.353632175083142375e+00
3.114533337227581100e+01
-2.990395091006271500e+01
2.543268921867141685e+01
-1.867392971714500760e+01
1.974923095020088937e+01
-2.442752402154222580e+01
3.031123770199399914e+01
7.076420612654930054e+00
-1.241641670287942745e+01
3.172483307982038880e+01
-3.595470423385468450e+01
-3.430051214977381591e+01
-5.950190290606008681e+00
4.163390336826525129e+01
1.788017874471013258e+01
3.647973508918471275e+00
1.070598804447732455e+01
3.417760167012330896e+01
2.369305365844674327e+01
2.464509163313538309e+01
3.438064711198896362e+01
-3.611374658788621872e+01
2.847953609978985412e+01
-2.843728541685173639e+00
2.829985668759468709e+01
2.101032318515989417e+01
1.845463126488510852e+00
1.516357855312011793e+01
-5.468721733268459673e+00
3.968670065664596081e+01
1.171355235318193877e+01
-4.941107406453614459e+01
