-2.857287676284359179e+01
-1.602069291761032588e+01
-3.426735013531116181e+01
-4.581811210019824898e+01
-1.807978114677523607e+01
2.572567904804333594e+01
2.471656391468658143e+01
1.121571948912948535e+01
-1.213661711250475328e+01
-9.155066608648310122e-01
2.340530968566638137e+01
-3.146470652849852101e+01
-9.066299489076882878e+00
5.735014631024722753e+00
1.568416698502235107e+01
-2.158247350619378579e+01
-4.337023138836761404e+01
3.353632175083137490e+00
3.114533337227581455e+01
-2.990395091006271500e+01
2.543268921867140975e+01
-1.867392971714501471e+01
1.974923095020090358e+01
-2.442752402154221869e+01
3.031123770199400624e+01
7.076420612654919395e+00
-1.241641670287943988e+01
3.172483307982038170e+01
-3.595470423385467740e+01
-3.430051214977380880e+01
-5.950190290606005128e+00
4.163390336826525839e+01
1.788017874471014323e+01
3.647973508918470831e+00
1.070598804447733343e+01
3.417760167012331607e+01
2.369305365844673972e+01
2.464509163313536888e+01
3.438064711198896362e+01
-3.611374658788622583e+01
2.847953609978984701e+01
-2.843728541685166977e+00
2.829985668759467998e+01
2.101032318515987996e+01
1.845463126488503081e+00
1.516357855312011793e+01
-5.468721733268465002e+00
3.968670065664595370e+01
1.171355235318191923e+01
-4.941107406453614459e+01
