-2.857287676284358469e+01
-1.602069291761032233e+01
-3.426735013531114760e+01
-4.581811210019824898e+01
-1.807978114677523962e+01
2.572567904804332883e+01
2.471656391468658853e+01
1.121571948912948358e+01
-1.213661711250474617e+01
-9.155066608648416704e-01
2.340530968566637426e+01
-3.146470652849852456e+01
-9.066299489076891760e+00
5.735014631024715648e+00
1.568416698502235818e+01
-2.158247350619379290e+01
-4.337023138836761404e+01
3.353632175083140154e+00
3.114533337227581455e+01
-2.990395091006271500e+01
2.543268921867140975e+01
-1.867392971714501115e+01
1.974923095020089647e+01
-2.442752402154222935e+01
3.031123770199399203e+01
7.076420612654927389e+00
-1.241641670287942745e+01
3.172483307982037459e+01
-3.595470423385468450e+01
-3.430051214977380170e+01
-5.950190290605999799e+00
4.163390336826524418e+01
1.788017874471013258e+01
3.647973508918481045e+00
1.070598804447733698e+01
3.417760167012330896e+01
2.369305365844673261e+01
2.464509163313538664e+01
3.438064711198895651e+01
-3.611374658788621872e+01
2.847953609978984701e+01
-2.843728541685176303e+00
2.829985668759468354e+01
2.101032318515988706e+01
1.845463126488508188e+00
1.516357855312012148e+01
-5.468721733268473884e+00
3.968670065664595370e+01
1.171355235318191745e+01
-4.941107406453615170e+01
