-2.847917478600328067e+01
-1.587795649061517267e+01
-3.419048052470700583e+01
-4.602798966168306549e+01
-1.827237540254699510e+01
2.568525720057787609e+01
2.500563972994977036e+01
1.141839691801207124e+01
-1.256097277028770165e+01
-8.045008423151470689e-01
2.349934993485573997e+01
-3.152511508122707085e+01
-9.172813926144458563e+00
5.749563041483368053e+00
1.591586145727347557e+01
-2.131112571869376993e+01
-4.338889696399186846e+01
3.121456693454515818e+00
3.097240294604172561e+01
-3.013461071816896109e+01
2.558996092324705884e+01
-1.892748695325760266e+01
1.968531888423363441e+01
-2.437746183402376587e+01
2.998344977595769478e+01
6.924612674947507429e+00
-1.241838133156678303e+01
3.163273859328759485e+01
-3.561050074157785872e+01
-3.400372523177435369e+01
