-2.852849685981091810e+01
-1.586935854492060827e+01
-3.420801258027825043e+01
-4.603898173546991046e+01
-1.824857029959615318e+01
2.569235400775665923e+01
2.498962107224602391e+01
1.144807728194994034e+01
-1.256145526099839849e+01
-8.602767086636619043e-01
2.346607913561419423e+01
-3.146487996105563667e+01
-9.213222885064947576e+00
5.746471383031073188e+00
1.592269276103186471e+01
-2.129369867701659658e+01
-4.339173376943590199e+01
3.051221826984843233e+00
3.097960747924938474e+01
-3.017461744953327596e+01
2.557883016435607715e+01
-1.892325899203355277e+01
1.968271729532909831e+01
-2.436571968927863097e+01
3.000715102585056826e+01
6.892468777048209816e+00
-1.241568662675020107e+01
3.160981631876823883e+01
-3.564024958116190334e+01
-3.403731448413681449e+01
