-3.717940390035447962e+01
-9.190855632385222407e+00
-3.031215378369783053e+01
-4.851143355027498671e+01
-2.268147024289334723e+01
3.024202612422293868e+01
2.719465932631267790e+01
8.375933570223647706e+00
-4.209113400815090777e+00
-5.612126643214878641e+00
2.446683087912517607e+01
-3.084706139715683193e+01
-1.489381808687782893e+01
1.332850965542404786e+01
1.185159574611754962e+01
-2.484169383839886791e+01
-4.806155305367872188e+01
1.141430184456617170e+01
2.964810332021239958e+01
-3.472464536182367567e+01
3.080712791848231191e+01
-2.217434417969997185e+01
2.343433434177109120e+01
-2.816905826288856574e+01
2.467248428079642153e+01
7.469009876885194466e+00
-1.763448183256596380e+01
3.213389388162647720e+01
-3.447013650456366918e+01
-4.626319625137381308e+01
4.742695155495177950e+00
5.167175001404345380e+01
1.752218908195646563e+01
1.496093999609974912e+00
1.599612814056142618e+01
4.507950614542040313e+01
2.159012243609608106e+01
2.151127518486958223e+01
3.542625342653421683e+01
-4.451383464491127029e+01
4.206772036564129991e+01
-4.630231706680004500e+00
1.597998883929504288e+01
2.302551011618499999e+01
1.978228963974745458e+00
1.723381945584540631e+01
-9.085900235058504748e+00
4.087337073228681561e+01
1.297822963975206711e+01
-5.255808840346240629e+01
