-2.956825170724047780e+01
-1.602021397829165750e+01
-3.426697055442006246e+01
-4.482283963731416065e+01
-1.807954163712668461e+01
2.572624367250634947e+01
2.471616257664696192e+01
1.121520496459131166e+01
-1.213719994950181658e+01
-9.159860331036159264e-01
2.340480406650770107e+01
-3.246027358836332155e+01
-9.065820655219136270e+00
5.735440741758545791e+00
1.568372316080630569e+01
-2.158287816869290410e+01
-4.337076145523300141e+01
3.354180357066571361e+00
3.114579052363376377e+01
-2.990359794728364662e+01
2.543302778834137357e+01
-1.867331194923671234e+01
1.974872105372007169e+01
-2.442707042321090682e+01
3.031159981437881612e+01
7.075996230226586192e+00
-1.241618855836261659e+01
3.172448613641014248e+01
-3.595450638607425731e+01
-3.430019319801625954e+01
-5.950000800748831864e+00
4.163360612835886343e+01
1.787985841634629480e+01
3.647625008588014417e+00
1.070566834443516058e+01
3.417727762255958623e+01
2.369334594143769479e+01
2.464479166930255261e+01
3.438102759822185561e+01
-3.611415662311370056e+01
2.847933115264131132e+01
-2.843385870677977767e+00
2.830034838169923361e+01
2.100986102753803664e+01
1.845853129648791224e+00
1.516418899412296284e+01
-5.468169389189474039e+00
3.968697920057466177e+01
1.171319472366323389e+01
-5.040640148573137935e+01
