-2.857262314108615087e+01
-1.602111723860437920e+01
-3.526265048130510849e+01
-4.581857342929811949e+01
-1.807926387519478340e+01
2.572624969068119327e+01
2.471618257048356071e+01
1.121602961527737641e+01
-1.213697157631503032e+01
-9.157740617916992898e-01
2.241004393458748822e+01
-3.146441924475390550e+01
-9.065898908787234589e+00
5.734700813314789869e+00
1.568386769122143320e+01
-2.158287454707032538e+01
-4.337063913967818962e+01
3.354021122657453446e+00
3.114568953642045201e+01
-2.990434126578377771e+01
2.543316480438356919e+01
-1.867428260396637896e+01
1.974884222102111764e+01
-2.442712224567330281e+01
3.031171945748398144e+01
7.076106021564754656e+00
-1.241614497587858779e+01
3.172523706920410191e+01
-3.595425236547279013e+01
-3.430016393893116344e+01
-5.950532907167964680e+00
4.163420219218630081e+01
1.787993908203634064e+01
4.643261986986384926e+00
1.070635593185492240e+01
3.417724534552239390e+01
2.369243444777955432e+01
2.464548821055411310e+01
3.438114819937945299e+01
-3.611437539973165656e+01
2.748380417229225969e+01
-2.844223037085369832e+00
2.829922814771505557e+01
2.101092808389192257e+01
1.845913793193352470e+00
1.516396549418646345e+01
-5.469041837645811199e+00
3.968700840100163418e+01
1.171316546390030133e+01
-4.941064076572909158e+01
