-3.238827585021141431e+00
1.387994742620089639e+01
-2.116207635437045553e+01
8.458121147844380516e+00
6.324467089504854300e+01
-2.421966798171066060e+01
-3.577017487289106157e+01
-1.765849678624122632e+01
-4.081496673292313204e+01
5.167067443902848112e+00
-4.413116598919331324e+01
1.636977511459081569e+01
1.656328213694650486e+01
-4.064724096423280031e+00
-1.173353406743589034e+01
-1.281042696095310873e+01
5.741130077594056047e+01
5.594067636890477502e+01
-6.978297851258247420e+01
5.594467668752166389e+00
5.162893751326334524e+01
-2.004264053766261355e+01
2.974459018739307226e+01
-6.940352522517437706e+01
7.578188363624910551e+00
2.582731302097056414e+01
-4.260528360329527686e+01
2.450283982041267450e+01
1.558280009751250361e+01
1.857863971382758805e+01
3.652620564959055116e+01
2.700889843916982613e+00
-4.558109830134401363e+01
-2.014136917129953019e+00
-2.840817995048020705e+01
-6.310257990354161706e+01
3.671876999373252204e+01
3.225252664000791469e+01
7.691085844612487676e+01
-4.676217603153896363e+01
-7.852717654423861404e+01
1.414213059395094874e+01
2.230775625753533831e+01
4.245136304268145011e+01
-4.659116450590396141e+01
-5.854208658785499608e+01
1.808224419586238696e+01
1.604815439761828699e+01
-3.937138235476522752e+00
4.666689929521162838e+01
-7.099877758570683284e+01
-3.268264629969763746e+00
1.075612027463611042e+01
-1.636238533964335318e+01
2.504438745741745009e+01
1.461261865508435243e+01
-4.184795922889144038e+01
-3.403457294679434142e+01
7.609882767031425033e+01
1.997549435907294324e+01
-1.704361223399520853e+01
-9.737348868872331309e+00
1.425394766250441947e+01
1.630034372839048729e-01
-3.923811694593325683e+01
6.007790631036641571e+00
3.209348035387627363e+01
-3.613059984165838401e-01
-1.724152443688762304e+01
6.117754402514366063e+01
4.858102683619896567e+01
-5.918035134487320903e+01
1.868278132408048009e+01
1.383626381497852975e+01
-5.687348142083396141e+01
-7.107371448921084855e+00
-1.710763760591883198e+01
-5.205408372876673440e+01
-1.493762941516100895e+01
3.009056942622646247e+01
1.088232232728967652e+01
2.360526074796845819e+01
2.635314658210723593e+01
-2.447111950204565289e+01
-3.760204209861355906e+01
-3.064998869506396773e-01
3.748009669945808753e+01
5.130433148420248557e+00
4.177380602327036740e+01
-1.921390826895995474e+01
-4.440828001105631273e+01
5.411619381807770246e+00
4.040448595567349344e+01
-5.907200835979779185e+00
-4.968121684208430366e+01
5.817778582923125441e-01
5.214024413160397842e+01
2.039876310267941761e+01
-5.076975285339708677e+01
-2.934851785810058189e+01
