1.780839270434274368e+01
2.594801875682026093e+01
-6.710357504973629261e+01
-3.518158559386499462e+00
4.273406851896594105e+01
1.361039608632906450e+01
-2.022561719310181161e+01
-1.127960690986922998e+01
1.892976778033172991e+00
-1.145919355831238917e+01
-2.230334407242140315e+01
2.525752234768079063e+01
-2.705087978305266105e+01
-4.766934383607701164e+01
7.093578373144973170e+01
1.097871124933633169e+01
8.515128380919531992e+01
2.848537358851833190e+01
-2.997952844171726383e+01
1.081412328917840426e+01
-8.837180634258230327e+01
-6.207100279175698176e+01
2.157957338677885417e+00
5.598203122947964516e-01
-6.196111208474344068e+01
1.583944540466987050e+01
3.123955710352504411e+01
-2.811500878761146538e+01
6.699490799244763650e+01
-1.205905930107766721e+01
-2.382393866284056827e+01
-4.085431031854393602e+00
2.640791329203483784e+01
-2.985114807695961758e+01
-9.759580974966873157e+00
2.216605878658650397e+01
-1.881478357922672728e+01
6.866236070802236213e+01
-1.036941828893975526e+01
-2.081208667105424581e+01
-1.021815244051997240e+01
-3.573178251153344576e+01
9.783024240871800004e+00
-1.172750570271117709e+01
6.975088502745570906e+00
7.152091661438882397e+01
-6.501394827482749861e+01
3.823155804339764785e+01
5.328859469952462291e+01
-4.792127001692067267e+01
-5.650523405894936957e+01
4.915396544633136955e+01
2.153403707301815828e+01
-4.937507615189659305e+01
4.943753933707522208e+01
-4.904353333240297275e+01
-2.119962713531450760e+01
4.249746502779674273e+01
5.153146507851548108e+01
1.247329609664485162e+01
-4.781742019088139983e+01
1.507650109434011121e+00
-1.958449009814737707e+01
-3.294097452160377770e+01
-5.857107639395714216e+00
3.488356781734947276e+01
3.925559657375213618e+01
-4.838056990634640186e+01
-6.613650458064411453e+01
2.476435185844205478e+01
3.338381042370353669e+01
1.425519100311766607e+01
-7.155364555761497769e+00
-2.892217949047617154e+01
2.833422503332616316e+01
-7.880972606304155192e+00
8.291229845479943350e+00
4.963998760155378775e+00
-2.228919878092107254e+01
-2.519106563674101906e+01
-2.557911194479961736e+01
-4.419284684652727435e+01
3.845453402479764549e+01
6.652967581366098671e+01
2.370746055146245723e+01
3.508346353386425420e+01
-1.654178953097801497e+01
-4.450361420291102377e-01
-2.498251006837726607e+01
-2.614899021911791976e+01
5.245830592743082832e+00
1.660480678550390721e+00
1.496286189449725867e+01
-1.787407855041493576e+00
-6.085182626175161147e+00
-3.743025387303539731e+01
-3.272457419181668570e+01
2.799013703467100456e+01
1.328515823171954935e+00
1.663897208155339058e+01
