-2.468963014621346019e+01
-7.564183001048563426e+01
-6.295918942559491427e+01
-4.580124216198521481e+01
3.211703433513751804e+01
-3.064247398123723087e+01
2.884363584665174685e+01
-1.338047333038474207e+01
-6.396454112751321475e+00
6.507976191440096159e+01
2.510879557313842270e+00
-1.211392230466324804e+01
-6.873458697992214184e+01
8.409693643087342352e+00
3.736003658366786340e+01
-8.912318559605136414e+00
-5.774321328938989950e+01
-1.355084965775607131e+01
6.843417999352584502e+01
-5.935254553062334537e+01
-4.059646095956115630e+01
-1.665338681276754329e+01
-5.380669821705907907e+00
3.967538836527070600e+01
1.481559901945576030e+01
2.276163386947372658e+01
-5.674490978202994995e+01
4.787578874985975119e+01
-1.666160416206244932e+01
1.246424987425808695e+01
