8.354300137993416797e+01
1.442302381486170404e+01
-2.589008251661370252e+01
-3.287346719841602294e+01
-9.216502070012751346e+01
-1.649666320768742622e+01
3.966391088499815254e+00
4.269928943292459422e+01
-1.297055910596614581e+01
-1.986010340410986430e+01
2.569523768737265712e+01
-3.728868690645048645e+01
-1.050924424673834068e+01
-1.608018456544581909e+01
1.391039642460128078e+01
7.268129398965963617e+01
4.905571632992086251e+01
2.169274269378582787e+01
5.231318490153028478e+01
-4.921998540405428457e+01
4.182568134243858538e+01
-3.862335011155060727e+00
-1.073400562505943956e+00
-4.954006449759120301e+00
-2.609373709062124647e+01
1.149784499151380146e+01
-2.071561415950440477e+01
-7.770051066523393501e+01
-3.264418174125395211e+01
6.443153191924537282e+00
