3.682631475703804824e+01
-6.961262398111884409e+00
-1.412235469821844092e+01
-6.610608228009579079e+01
7.391485383867750159e+01
-8.117287839541172900e+01
2.200642172875835101e+01
3.303878448766303677e+01
-1.289445594566241482e+01
1.159753915993677253e+01
1.371689609909356022e+01
-1.906538556375837601e+01
-7.797215450510243784e+00
-6.966431576173772555e+01
4.735004085834674470e+01
3.295149315335638107e+01
5.927940160770199896e+01
1.946633860308751451e+01
2.186925344203737609e+01
-3.177875285889683710e+00
-4.152195126122984448e+01
-9.386173910652803443e+01
8.650794948879637047e+01
-4.254025945173380308e+01
4.258712623171582123e+01
-3.512725176166220820e+01
4.235447201380831928e+01
7.873111557057094956e+01
-3.732981000028466667e+01
-2.468781368862591563e+01
