9.929527458214334246e+00
-6.036429385087063082e+01
1.654384618084052505e+01
-8.087982776052704992e+00
-3.697084860351949231e+01
-2.127251176264530130e+01
4.141907871974811428e+01
-1.124946517621306263e+01
-3.157629880444641657e+00
-1.119062107684838381e+01
4.139130903621331470e+01
-1.308577419442242729e+01
2.679509733704887608e+01
-8.329885682243668654e+00
3.164551089601417644e+01
3.093741808899077128e+00
2.413498167271169947e+01
3.342639993017920119e+01
-3.405516002929397246e+01
-1.703070882331450875e+01
5.727150570960799314e+01
2.403498312364705924e+01
4.628836060603927649e+01
5.212175543672118749e+01
3.090867104501229790e+01
1.454283943971496740e+00
5.523917212503836538e+01
3.068468542140851696e+01
4.899263039983556922e+01
-3.551646678273563396e+01
