-2.935880474258043904e+01
-1.471690319000441249e+01
-3.384250116656559726e+01
-4.640994287733033730e+01
-1.775289492432654015e+01
2.603427551362286252e+01
2.546348946424305026e+01
1.218289172182939595e+01
-1.286448165207115402e+01
-2.684547778609089441e+00
2.495667073241488509e+01
-3.267738892174797627e+01
-1.216110393927866262e+01
5.549052107039345039e+00
1.386304530955846204e+01
-2.242570099183102883e+01
-4.360523707554211370e+01
2.141683756103618830e+00
3.348350034427371469e+01
-2.881131431769788520e+01
2.571968281530792311e+01
-1.947671081344944355e+01
2.109769415063120945e+01
-2.296628578879331783e+01
3.085745468683469284e+01
7.602304612734934075e+00
-1.330116486184950197e+01
3.164023540437509752e+01
-3.507014527475617172e+01
-3.539399029572040689e+01
-7.050785723000418059e+00
4.183889363115848425e+01
1.788308213152669879e+01
3.682621789435823079e+00
1.146174371699177463e+01
3.203064282389760820e+01
2.475873538658613526e+01
2.532134959018805631e+01
3.541913995236420476e+01
-3.744441386136868033e+01
2.763663380205703390e+01
-2.870057117058988805e+00
2.869292869631480158e+01
2.056025771647829359e+01
2.904316927853551444e+00
1.517837830420924305e+01
-4.490899118712656346e+00
3.881322928561705510e+01
1.177498324185343925e+01
-4.887614134237846031e+01
2.101834374349517987e+01
4.806688354701669397e+01
-4.360336048640459694e+01
-2.543888083664453603e+01
2.321110360220833257e+01
3.042463745939877384e+01
3.817508653217601733e+01
-4.344080318859661105e+01
-1.796593946441017664e+01
-2.343902889266193412e+01
3.919143305671856581e+01
9.010344306000021675e+00
1.881645416029070006e+01
-4.230073950461572707e+01
4.728663788990274242e+01
2.424053300124421639e+01
4.276064824346211424e+01
4.219854195256057494e+01
-4.494003233358586868e+01
-1.311245116358771234e+01
1.365580479947931281e+01
-3.946158339796431491e+00
-4.356586640702350621e+01
-1.709781277056805937e+00
2.671516311790619014e+01
-2.875146410519204565e+01
-2.089505535775455058e+01
-8.674896560923599509e+00
4.349331859134549916e+01
-9.309772588410837102e+00
-9.765471737641004069e+00
-1.889052253945801141e+01
-4.791534923650469580e+01
-3.056176798982295750e+01
4.933312549904336919e+01
-9.820597658326603252e+00
-1.889636812478104133e+01
4.892572237859285877e+01
-4.117985999182325685e+01
-7.388747003676440883e+00
1.228434029851749365e+01
4.759151062011676458e+01
2.520338685667796952e+01
2.721081849553632992e+01
2.766694977738152161e+01
1.416102954779100642e+01
3.758904920919440951e+00
-2.511888992332715453e+00
-2.178246357911918452e+01
4.899828204916089192e+01
