-2.714813474611535682e+01
-1.765850795931580564e+01
-3.468718705813412839e+01
-4.560125163858158004e+01
-1.965691367693507985e+01
2.663480790627126282e+01
2.384190716505035468e+01
1.072462802468880483e+01
-1.221039337957688176e+01
-4.292851044498313673e-02
2.297842236622613399e+01
-2.923437689935349582e+01
-8.285468426739601711e+00
6.347154862278387100e+00
1.541699883793062398e+01
-2.053028004904894388e+01
-4.425010227004030128e+01
3.164247670230091902e+00
3.130726761347420251e+01
-3.028743247417046192e+01
2.520106437432112756e+01
-1.778401881507999605e+01
1.948425100854754888e+01
-2.414887132839570683e+01
2.972395585898721748e+01
8.844460767630133446e+00
-1.267611244160340789e+01
3.161948214262557855e+01
-3.414915047854758967e+01
-3.509611337743685056e+01
-5.339805096787563876e+00
4.111415511867132722e+01
1.613252112085885059e+01
3.980925084106742950e+00
1.030540592770730335e+01
3.470905666570362769e+01
2.324863989767811390e+01
2.437460242518057996e+01
3.425370510420268033e+01
-3.622339031261005715e+01
3.017562873499217702e+01
-3.713927266868557009e+00
2.589849923954395550e+01
2.228028905020051553e+01
1.069569147724419578e-01
1.505556598140740476e+01
-5.380698013237475763e+00
3.961130574513500591e+01
1.218711311884147008e+01
-5.026591872713554210e+01
2.167048337582401629e+01
4.721089387772930479e+01
-4.497521390726113566e+01
-2.651367818131345189e+01
2.540105203188964822e+01
3.220882564343097698e+01
3.737018061806066527e+01
-4.581241089292568347e+01
-1.758361937463113378e+01
-2.296884201479902643e+01
3.582559839333623586e+01
8.048465916038297863e+00
1.990622033126734891e+01
-3.939261213092506608e+01
5.032393247434323769e+01
2.753086294576114312e+01
3.995734723743250072e+01
4.531608280623405705e+01
-4.561599674335557353e+01
-1.457869508366067279e+01
1.517270640530536596e+01
-1.366520943803260613e+00
-4.076141096448296963e+01
-4.417114634721447608e+00
2.645475519723238733e+01
-2.879176486891334008e+01
-2.154850869495357557e+01
-9.133396841097914276e+00
4.580127282072159289e+01
-9.668864169106564432e+00
-9.908696227798360567e+00
-1.690710125402042507e+01
-4.891301188473964601e+01
-3.309713205941837799e+01
4.885671997300221392e+01
-8.478663179384696491e+00
-1.810746024973487778e+01
4.775839784475620320e+01
-4.429711089722443518e+01
-7.376197112273264800e+00
1.481769058370236358e+01
4.977613732040094874e+01
2.310616421741795534e+01
2.828773435167564898e+01
2.649363048712459090e+01
1.429262377683977547e+01
3.922897032018244801e+00
-2.561653339462383272e+00
-2.013706363044881797e+01
5.006791633769200445e+01
