-2.729910800775657620e+01
-1.587297123259098974e+01
-3.291642846767755515e+01
-4.682662879628529140e+01
-1.903008338297335200e+01
2.513731051399180672e+01
2.279526727678734233e+01
1.120028196075590898e+01
-1.144718983018366210e+01
-1.220612610742271009e+00
2.062349349736652471e+01
-3.116973556132213119e+01
-5.716139049962897900e+00
4.458696025455381573e+00
1.607007505644559942e+01
-2.098473692515590372e+01
-4.493731014056948680e+01
3.226648475836936036e+00
3.118197828651814518e+01
-2.945557484651482127e+01
2.650209100031900533e+01
-1.958315634705407859e+01
2.051046023964207876e+01
-2.585692317982726252e+01
3.061324880051466479e+01
6.685817274412905853e+00
-1.312277279130028163e+01
3.349069495073603520e+01
-3.488429628320970721e+01
-3.473539307065389181e+01
-6.269614244863529251e+00
4.160434635505616541e+01
1.869790291365031010e+01
3.025329788249326413e+00
7.903598460246392676e+00
3.125719910353857145e+01
2.299686934058064480e+01
2.474182752432143317e+01
3.460953174569763746e+01
-3.636790735724702728e+01
2.834072308013438857e+01
-1.956713640649748953e+00
2.930441146376623962e+01
2.224623835546133677e+01
8.876276594933234509e-01
1.401457554148700879e+01
-5.227871348856874434e+00
3.887413903261882808e+01
1.207369774520080163e+01
-4.699033454288309031e+01
2.030900117315017894e+01
4.654730626938173543e+01
-4.043207356322813695e+01
-2.890846791303167862e+01
2.673168820714015226e+01
2.904812184832004007e+01
3.859042525807580404e+01
-4.596026490326467240e+01
-1.919851051382923757e+01
-2.196908792075559802e+01
3.903983503329995841e+01
8.069306746589116841e+00
1.943260413914654805e+01
-4.242784652709558202e+01
4.924554708485775478e+01
2.386830851696199218e+01
3.988842034787343493e+01
4.427008956337223822e+01
-4.509337964637523299e+01
-1.142766277588321522e+01
1.386125645976595600e+01
-3.291402575451267243e+00
-4.268063449513561380e+01
-2.556751405724703385e+00
2.419685822454804125e+01
-3.232713315157553779e+01
-1.873079112074190533e+01
-1.142028734425657710e+01
4.628614187746163111e+01
-1.069429744806102889e+01
-8.349366347725332815e+00
-1.864873537110103285e+01
-5.050186695108961032e+01
-3.209829767913416276e+01
5.092474840160765126e+01
-8.809604468267801636e+00
-1.607579033885541975e+01
4.610164460301130873e+01
-4.354377792233662348e+01
-7.937954241040123371e+00
1.333911417413777478e+01
4.509818277936815178e+01
2.135193685722557433e+01
2.681319344225721224e+01
2.811123042650052994e+01
1.373373384306532685e+01
5.135010667409049212e+00
-3.749919192106105470e+00
-1.967769444754869568e+01
5.093194336461810678e+01
