-2.832881525516614118e+01
-1.705197998450893948e+01
-3.407639410779444944e+01
-4.544141070601458665e+01
-1.685942252009992615e+01
2.514911924258756315e+01
2.383304153216228016e+01
1.060955639570628684e+01
-1.150417493173075556e+01
-3.770280724035655062e-01
2.307841982951508797e+01
-3.285179853197170985e+01
-1.017234833244436665e+01
5.617860464685130673e+00
1.444639094814554525e+01
-2.155829855782778992e+01
-4.289884641637444673e+01
2.715539940399723129e+00
3.268242433112139622e+01
-3.043311857227657313e+01
2.555231283046212098e+01
-1.827638640692455496e+01
2.106394859914664153e+01
-2.388244448666607056e+01
2.975711445449585568e+01
6.955876783946618680e+00
-1.315229470081219887e+01
3.195234808838216622e+01
-3.625367982809459022e+01
-3.541674742020652644e+01
-4.651013519127882745e+00
4.172209903615466686e+01
2.001823478993846095e+01
4.924246322334679959e+00
1.035928532749660924e+01
3.315336447191492653e+01
2.528381150519200560e+01
2.743681075026959348e+01
3.635317463086070688e+01
-3.767484624409205196e+01
3.017887476301839911e+01
-2.625409231373726504e-01
3.031287706240286184e+01
2.168774378148813398e+01
1.697678687336199754e+00
1.493099958118126658e+01
-7.236962512490441313e+00
4.040494774468475470e+01
1.302871788940110065e+01
-4.844454182513926099e+01
2.043904486991630520e+01
4.850398629047030141e+01
-4.374005350907681589e+01
-2.757164218861379013e+01
2.606097882962817636e+01
2.890419201535361537e+01
3.856006354476882336e+01
-4.523301616348331322e+01
-1.802395581279207804e+01
-2.191618045470795195e+01
3.702181285684986989e+01
8.121519241313059467e+00
1.728357967768771886e+01
-3.924975790729244096e+01
4.754070394528205412e+01
2.473019938494608994e+01
4.027721666760691477e+01
4.464058532632013510e+01
-4.705903619925781811e+01
-1.362616604901641182e+01
1.511979467718169445e+01
-3.075617539374769116e+00
-4.032089861265262698e+01
-2.217615374953998852e+00
2.493392629331881238e+01
-2.766808575307432250e+01
-2.043446148524856554e+01
-9.858594845375684201e+00
4.299879810550573467e+01
-1.178359890805152688e+01
-9.641039931397001439e+00
-1.958961557553250543e+01
-4.911631890823284152e+01
-3.290692663393461004e+01
4.921493653031498638e+01
-9.676063904002685234e+00
-1.696200424634125525e+01
4.938304492680046565e+01
-4.401570488057560482e+01
-7.899366265480759708e+00
1.537458482793088343e+01
4.712524924824184325e+01
2.484272444227849164e+01
2.771750850746927242e+01
2.312505513512611799e+01
1.687798606876052077e+01
3.321087744483337101e+00
-3.699479445741141959e+00
-2.148909129523948280e+01
4.989262284767334421e+01
