-7.669236578290050232e+00
-9.063357710835871828e+00
-6.174390159974822545e+00
-9.392285314570305133e+00
-4.139356768594691260e+00
8.434804498617086921e+00
-8.068048925122722537e+00
2.928422176801556365e+00
-7.218892951297227079e+00
4.478135839021248010e+00
-9.366877418341328365e+00
-2.636019468941865007e+00
-6.941998647039239856e+00
7.631285985158373641e+00
-3.698359241267116904e+00
-1.335653747869593566e+00
1.631523727411280600e+00
-4.066671904641648183e+00
-4.796206785933066818e+00
-8.786633600853939186e+00
-1.091913525187424128e+00
-2.234714898940454719e-01
-9.113641715992418568e+00
6.385311059143701229e+00
-9.984406255348496018e+00
4.324162471332186009e+00
-3.001307508441938943e+00
2.271372187710856139e+00
-1.778288852033083955e+00
4.184922173254844502e+00
-7.539679757651305270e-01
-6.762725824141947228e+00
-8.705366087944751641e+00
6.758213967078763318e+00
7.114056688264160044e+00
8.668233340946292387e+00
-9.940716393821489305e+00
-1.122928522976831101e+00
-9.919300675542361390e+00
-5.530688579186070264e+00
6.832880787202233464e-02
9.286114621253407364e-01
-8.750252316181768464e+00
1.081732619971862208e+00
-2.242708708621676372e+00
5.473423786359978394e+00
-9.051233480337211645e+00
-3.281422173528562247e+00
6.011843519855926132e+00
-9.769211918680316131e+00
-9.450641138773427485e+00
-5.638875250622501056e+00
-9.562583821760325620e+00
7.647748318641989229e+00
-6.085573011801703736e+00
-7.647270685634627974e+00
-7.828222482299004525e+00
-5.475993071807124579e+00
-2.650876090813771846e+00
-6.063572870963015227e+00
-9.128292865217584762e+00
-6.023657971639684305e-01
-9.932362855348078057e+00
7.230334413034637642e+00
-9.485049020884030568e+00
-2.285701788781734578e+00
-1.414759914927464113e+00
-8.546671274255465134e-01
-8.826255038066738834e+00
-3.513471541216126592e+00
-2.278595702717551852e+00
-8.089688964326695597e+00
-2.447137839646687851e+00
1.501588026255781472e+00
-9.755735197171320650e+00
1.247879672350433289e+00
-5.362924785637954272e+00
2.952487647833195172e+00
3.328463684040027792e-01
9.445808721275064102e+00
-4.768698586714960719e+00
-8.078484449328996675e+00
-8.330124164303963852e+00
7.135381157907708882e+00
-6.321701565505978060e+00
-2.756698667161664229e+00
-9.405527531679085840e+00
-6.679736487234475550e-01
-6.296798796376158691e+00
-4.702331006273960057e+00
-5.312390345339948361e+00
-9.000783650243317169e+00
8.927903350720181042e-01
9.269636304178126451e+00
-3.987065843300639845e+00
-3.560152587405021052e+00
-6.895373018917730690e+00
-3.759491825834991863e-01
-3.292275250916957496e+00
-6.591358828878111531e+00
