-5.745794323675857740e+00
-9.087171750644589707e+00
-6.989961265771444943e+00
-9.390857178649360648e+00
-2.894674708729223056e+00
8.432159465241529261e+00
-8.623473713028309007e+00
2.929353246495654428e+00
-5.203160858932411870e+00
4.479243679660894095e+00
-9.299494479227030652e+00
-2.634657300692216708e+00
2.005990314550193165e+00
7.632532796326072067e+00
-7.607921821012777475e-01
-1.336452975163005874e+00
7.996095338459134894e-01
-4.067230581648399124e+00
-5.662459983007416042e+00
-8.786725083933168534e+00
3.525902566147412820e+00
-2.230471253524864417e-01
-8.726606289808525929e+00
6.386213021732650930e+00
-8.947254108328126065e+00
4.322665061358314631e+00
-6.572664609570542105e+00
2.272885275138142536e+00
8.144220658308523042e-01
4.185182337198586566e+00
-5.758525106428897367e+00
-6.762329261193853469e+00
-6.340096199090797136e+00
6.757563467239160460e+00
4.048381724468341325e+00
8.668918039009778198e+00
-9.967284276556657829e+00
-1.122254793071691514e+00
-9.739595313370024598e+00
-5.530338257009866254e+00
-8.371361814968222959e+00
9.256006747508270793e-01
-5.326071969064348544e+00
1.082837164976075517e+00
-3.121139640612142330e+00
5.472841939804808042e+00
-6.998948868663967815e+00
-3.280997450708380114e+00
-5.049778234429702195e+00
-9.770301590223295918e+00
-9.483586023593622016e+00
-5.639774743401659407e+00
-9.372729845807358018e+00
7.648766454631911849e+00
1.606678942587364878e+00
-7.648121150691036263e+00
-6.781322031736070954e+00
-5.474486560336192298e+00
-1.468404497698601041e+00
-6.063097452310751478e+00
-5.649671182525592528e+00
-6.035303731646036729e-01
-8.488524888811273428e+00
7.231334142093269080e+00
-9.176793456516831426e+00
-2.286668058005858040e+00
1.824130491064534842e+00
-8.550909534488910779e-01
-8.389438675632819198e+00
-3.513462284382091294e+00
-6.708018923307264458e+00
-8.088901057373655945e+00
-5.214574179136910459e+00
1.502470686602295658e+00
-9.747158425469157450e+00
1.248398462695434308e+00
-7.742023928711267544e+00
2.953780575337323189e+00
-1.152644542286068052e+00
9.447586423297941849e+00
-2.047553020948067903e+00
-8.078940191011382055e+00
-8.350978231158290299e+00
7.135950561012995408e+00
-5.947637983305864573e+00
-2.757061411629468051e+00
-8.666318452546423856e+00
-6.694793139933139514e-01
1.153857492988387579e+00
-4.703723918172486584e+00
-9.874433215150126841e+00
-8.999251332080419274e+00
-3.558835070385357735e-02
9.270630233593816882e+00
-4.816131498790018561e+00
-3.561304559244347079e+00
-8.748333388850655368e+00
-3.769077786598332702e-01
-8.301058879804305235e+00
-6.591385313329928941e+00
