1.791043399918906687e+01
1.322482863429627642e+01
8.011272892121752420e-01
-1.639931004970289052e+01
1.736272347372861447e+01
1.158488015459273868e+01
4.366891474923144756e+01
1.378887598227840527e+01
-1.709657321584188594e+00
-4.110498880836528457e+01
-1.190575984616932281e+01
4.628200945108959274e+01
2.220707558361945644e+01
3.333682218411499321e+01
2.306442393033717408e+01
-2.181978687974222098e+01
-9.917128625442643397e+00
4.517817388975551296e+01
-3.821333634061562634e+01
1.908867369845452444e+01
2.272473742125544049e+01
-4.336297606461744891e+00
-6.755981616322905836e+00
1.123337733451928777e+01
-3.008397340092806793e+00
-4.132527614251962689e+01
3.395552753721074879e+01
-4.815234073670121262e+01
-2.650778187619783210e+01
1.961324131767639756e+01
