-7.332236929170896644e+00
2.347214439369888339e+01
4.466325846620965478e+01
1.326164623328061865e+01
2.090579695434476903e+01
1.081803688342206726e+01
-3.276693635231519863e+01
7.297021483917447426e+00
-6.851164739258450709e+01
1.861030058863052972e+01
-1.503981279264512194e+00
3.394871135533685447e+01
3.547578874338348243e+01
2.254694671588114119e+01
1.895746457474629665e+01
6.504856117102479018e+00
-2.536370619709876806e+01
1.077732525704004729e+01
-6.828626287453283794e+01
7.494288121785808165e+00
3.336959180443197681e+01
-1.499758815009351842e+01
3.814373709698202219e+01
2.967038709226974547e+01
1.826976838545926896e+01
-5.026723929739269181e+01
1.759171640352855448e+01
-7.825064640356863777e+00
-5.354236301914145457e+01
1.800009971257582464e+01
-6.218296159872106443e+01
2.591082668903155195e-01
-2.870089326865850410e+01
1.040472151728899775e+01
-2.088283624810831896e+01
-5.871000703996627124e+01
-1.912651130108751119e+01
-6.387409697152929766e+01
3.645182147470114842e+01
-1.105124832901980625e+01
-1.005079200820288676e+01
1.892805572884081400e+01
-2.531465576446384702e+01
-3.562138074810907540e+01
1.894126798918846788e+01
-5.661693557625617501e+01
-7.223733488825473614e+00
-5.145819276933527675e+01
1.234559212949706364e+01
3.816092825843256264e+01
7.580754931388568707e+00
-4.445718847984487354e+00
-1.684860639974111507e+01
-2.767334782952537964e+01
3.320160355939724894e+01
3.830521565521306115e+01
2.508841766463317668e+01
2.764927611886505687e+01
-1.792320842171969986e+01
-6.354154376222409084e+00
-2.776213336211946991e+00
-4.318959920532404340e+01
2.179397197242801099e+01
2.796161279166131308e+01
1.549964296033379441e+01
-9.417017857849143070e+01
3.903913524779135003e+00
3.105424180121082145e+01
2.551973680438392122e+01
-3.166286681733430086e+00
2.963587909248116148e+01
2.123924239583036311e+01
6.679518716804578204e+00
1.212348563031186899e+01
9.735048310280060235e+00
-4.104669464070052953e+01
-6.916707890287172589e+00
-4.976039906038894145e+01
-1.446655534431146961e+01
-3.730270349994297874e+01
-5.948055109915316052e+01
2.356003084677148607e+01
7.726854404116256347e+00
7.523705132828506947e+00
1.294839127108340904e+01
-7.198139833112119845e+01
4.227634002527831569e+01
2.752230548198233606e+01
1.385972917975681540e+01
-2.055665702703102227e+01
-2.410934630411448154e+01
-1.362732018247505295e+01
3.879061645811290759e+01
2.968988888799081138e+01
-3.697074616865361207e+01
2.125652310277677515e+01
-5.834989799410440980e+01
-4.301197041410310362e+01
-6.552234580340085301e+01
1.355333671404678419e+01
