-2.710312874384271709e+00
2.713895136351780479e-01
3.446056381167268512e+01
-6.094287661620194285e+01
1.779943194258175510e+01
1.736267780925199489e+01
1.621487330984798803e+01
6.349053911623138369e+00
-6.756822853384491623e+00
2.607708819120443167e+01
-2.752482232793188999e+01
-4.457943579276196289e+01
1.938493992231305540e+01
1.897449775712976461e+01
3.445969942721799129e+00
2.851259628451014905e+01
-8.869329323139126586e+00
6.935222707815341892e+00
1.794685935722689862e+00
-1.356735005890607937e+01
9.539298743626206445e+00
-3.352527197469415654e+01
-3.488907369681717885e+00
7.650772673297510096e+00
1.754104522805621258e+01
1.819761264937293888e+01
2.013521359324332849e+01
1.793709815590629830e+01
-3.686786837311795750e+01
2.023346650976845496e+01
-4.318917794200947924e+01
1.521300592551856212e+01
-1.969821726798383210e+01
6.850647845701242744e+00
-1.104127056604245993e+01
-4.865697566273949803e+01
-3.718776768838144164e+01
-7.827256248575338304e+01
2.954670603628340331e+01
-1.898050140195731572e+01
-5.789385431427715645e+01
-1.612164660057050014e+01
2.196363212849207258e+01
2.451048953725771185e+01
-8.771003495963885399e+00
3.797260162404820960e+01
1.393793598006019252e+01
2.877053131128351637e+01
-1.091462138727079889e+01
2.817269320716007286e+01
-5.305693981372822066e+01
-7.005087035155693087e+00
-6.159358885880423884e+01
-1.661249372351036868e+00
1.900938021282419044e+01
5.381817812758713515e+00
-8.460562622378957620e-01
6.274334478917410252e+00
4.683359434927062637e+00
1.011935029904346806e+00
-2.120226774169619688e+01
3.507927550161311814e+01
2.494011015758831462e+01
2.075380458805133088e+01
2.842329609801283397e+01
-5.596000940232789844e+01
2.636829765875279818e+01
-2.785094486925072488e+01
9.847407121405240105e+00
-5.813243880328359126e+01
1.830191203369273723e+01
1.753142461925003914e+01
1.526386051857187454e+01
-1.758984716297220530e+01
-4.060412426188531754e+01
2.605692040639210560e+01
-3.031166655161626977e+00
-2.410576240131030090e+01
-5.755226478417035452e+01
-1.606642038426792141e+01
-1.602417096919299766e+01
2.180898946911506897e+01
9.559160290205206412e-01
-3.520441117114509666e+01
-6.596106201745077158e+01
2.697983167917983494e+01
3.297468675571795682e+00
-5.900653319652644058e+01
2.326496532751314916e+01
-5.136196059323272323e+01
-5.082750917313025862e-01
3.099940748548888081e+01
-5.645638606749019317e+01
1.771621817926124720e+01
-3.300524181873358742e+01
3.547876164573500546e+01
-3.138126467511098383e+01
-3.970727622955975988e+01
-5.883244766215084809e+01
-4.247100081229530133e+01
