4.833109789238258265e+06 0.000000000000000000e+00
3.273889819381227717e+06 0.000000000000000000e+00
8.262711945423073135e+06 0.000000000000000000e+00
3.830333149874286260e+06 0.000000000000000000e+00
6.209784787268274464e+06 0.000000000000000000e+00
5.717135160431783646e+06 0.000000000000000000e+00
6.202001200281929225e+06 0.000000000000000000e+00
1.747193345341288485e+06 0.000000000000000000e+00
5.338902232490203343e+06 0.000000000000000000e+00
4.659964304317042232e+06 0.000000000000000000e+00
6.147989715277067386e+06 0.000000000000000000e+00
5.807439451941907406e+06 0.000000000000000000e+00
5.277989511725750752e+06 0.000000000000000000e+00
4.866104776218499988e+06 0.000000000000000000e+00
4.972124572937251069e+06 0.000000000000000000e+00
3.312303914160106797e+06 0.000000000000000000e+00
4.918875023792000487e+06 0.000000000000000000e+00
4.919205481285848655e+06 0.000000000000000000e+00
6.687881835532190278e+06 0.000000000000000000e+00
4.833888172365284525e+06 0.000000000000000000e+00
9.384395040004536510e+06 0.000000000000000000e+00
5.492453253103361465e+06 0.000000000000000000e+00
4.609814709557503462e+06 0.000000000000000000e+00
5.692747312732619233e+06 0.000000000000000000e+00
5.185543390154331923e+06 0.000000000000000000e+00
