-2.855446371334986111e+01
-1.610621746590959447e+01
-3.427126208739957036e+01
-4.572302274114354503e+01
-1.805926284865466513e+01
2.570468323375472508e+01
2.466912854526638910e+01
1.123117712365779752e+01
-1.195459962180875380e+01
-8.302682415605485700e-01
2.340902624584373370e+01
-3.148424448015847332e+01
-8.996701012777121420e+00
5.683000066689913865e+00
1.566145068555874431e+01
-2.173517085169061147e+01
-4.333197068374404637e+01
3.426001923991246922e+00
3.118831568225502338e+01
-2.978219785150824706e+01
2.537039829847448047e+01
-1.864421351256936532e+01
1.980205473705477459e+01
-2.442722543314630457e+01
3.042494225731613255e+01
7.129063204668863563e+00
-1.242739161618919752e+01
3.178749352814142526e+01
-3.607772443268062545e+01
-3.437178260054023582e+01
