-1.987561337516235149e-01
3.672215050229342026e+00
1.279073510359853838e+00
1.413176821211908241e+00
3.267636603087773040e+00
4.143444542753567994e+00
-4.260068993608586929e+00
-2.728455680637237535e+00
4.939089707242040106e+00
4.391431322398887893e+00
2.534677078296059705e+00
-1.517409055970200926e+00
-7.430260811808016008e-01
2.375572055007162398e+00
4.257906444592820527e+00
-4.958061279227208296e+00
-1.832472823765831871e+00
4.052956221945213322e+00
-3.901437306913018155e+00
-2.595274914573193925e+00
3.227147322447030398e+00
1.958105548673713114e+00
-1.440293633374119808e-01
3.147836905854068057e+00
-2.052516709489198732e+00
3.252401602192916741e+00
-1.398388304306532826e+00
-3.458626181567397762e+00
-1.370549950145621088e+00
2.777228186208749783e+00
5.960328225408355607e-01
2.690457316623086736e+00
3.147830796598144243e+00
1.167738479432347320e+00
-4.176580031172529850e+00
1.308127083725995288e+00
-4.618529138721140903e+00
-5.666986497602224393e-01
-3.612078702678523712e+00
1.113356978833361044e+00
-2.859970141288613377e+00
3.210613698730398369e+00
2.685502234752145334e+00
-3.315114928537491235e+00
2.593005840856959843e+00
3.127326043230836738e+00
3.306718116375145122e+00
-1.347020431057453838e+00
3.915784706579206631e+00
-4.843897233862239915e+00
-1.388420132302874865e+00
-1.347593979379005491e+00
7.382535492239939989e-01
3.508196592150751858e+00
6.915727505679762910e-01
2.116742153694380624e-01
3.161609257830911623e+00
1.248361970737825510e+00
-4.006734199620402670e+00
1.224040002496908253e+00
-8.189220291709474742e-01
5.499921668890722648e-01
4.752008755801261364e-01
1.285314742476657557e+00
-4.676059374596437834e+00
-2.220282590794202537e+00
3.987361565956155096e-01
4.410297861996388846e+00
3.740753773681205541e+00
-8.865883135838132922e-01
7.529361393329448982e-01
-4.342060258652955973e+00
3.324598743668374379e+00
-3.445415355268298008e+00
3.973279307962759965e+00
1.455389342678922615e+00
3.455552108811371426e+00
-2.153927701748129309e+00
4.083030695959966927e+00
-1.994701735930897835e+00
4.195520689046797536e+00
-4.279247598191478374e+00
-4.412855448776435985e+00
-3.345275149713565987e+00
2.154221570282607523e+00
3.310347542294794998e+00
2.056727351123864622e+00
-3.575816628973903288e+00
4.303064384779943019e+00
-3.246942654226021574e+00
-3.185450927807239818e+00
-4.741827498747793967e+00
6.112894801376861365e-01
3.284891611710402781e+00
4.744260177079969942e+00
4.702331868998483877e+00
-4.182980389471896210e+00
-2.229164673253762885e+00
-2.389902060949819607e+00
2.484974796867480240e+00
