-1.987561335999024348e-01
3.672215049811273335e+00
1.279073511072543745e+00
1.413176818798220991e+00
3.267636602422235192e+00
4.143444545493025544e+00
-4.260068993629497314e+00
-2.728455679407166379e+00
4.939089708248078026e+00
4.391431321764235562e+00
2.534677077085171426e+00
-1.517409053026789190e+00
-7.430260813888228677e-01
2.375572056178416158e+00
4.257906444201680074e+00
-4.958061278089743951e+00
-1.832472821890444470e+00
4.052956224011087016e+00
-3.901437306545857631e+00
-2.595274913096009772e+00
3.227147323041274163e+00
1.958105546858946999e+00
-1.440293636821132206e-01
3.147836905477085168e+00
-2.052516708601548334e+00
3.252401604546659719e+00
-1.398388303059088011e+00
-3.458626179985552440e+00
-1.370549950188228117e+00
2.777228188126199537e+00
5.960328213292603872e-01
2.690457316646369446e+00
3.147830798133980146e+00
1.167738478721186635e+00
-4.176580032770014661e+00
1.308127085330085038e+00
-4.618529139315483256e+00
-5.666986511841231033e-01
-3.612078701702277517e+00
1.113356978425472876e+00
-2.859970141220209428e+00
3.210613698938650451e+00
2.685502235080060363e+00
-3.315114929614029204e+00
2.593005840879034185e+00
3.127326042084315638e+00
3.306718117967318182e+00
-1.347020430909928512e+00
3.915784706404111581e+00
-4.843897233038977568e+00
-1.388420133543011081e+00
-1.347593980133516167e+00
7.382535479350804675e-01
3.508196592579196249e+00
6.915727511854387055e-01
2.116742169280632635e-01
3.161609259248042481e+00
1.248361972145754173e+00
-4.006734200520589262e+00
1.224040004546515181e+00
-8.189220294783877696e-01
5.499921668335083780e-01
4.752008736212410267e-01
1.285314742181467684e+00
-4.676059376005667012e+00
-2.220282590683453350e+00
3.987361562236110823e-01
4.410297862849814621e+00
3.740753774720262381e+00
-8.865883146160125072e-01
7.529361362629817256e-01
-4.342060258519592431e+00
3.324598742378506167e+00
5.343685055265203765e-01
3.973279309048719732e+00
1.455389343963780391e+00
3.455552107559094033e+00
-2.153927702974396396e+00
4.083030697286071486e+00
-1.994701736180414464e+00
4.195520688233286499e+00
-7.420840250830311291e+00
-4.412855450789206380e+00
-3.345275149491544919e+00
2.154221569501385769e+00
3.310347542040162239e+00
2.056727352061357372e+00
-3.575816630785782824e+00
4.303064382636785368e+00
-3.246942654736088230e+00
-3.185450927324365633e+00
-4.741827497511711620e+00
6.112894808080889808e-01
3.284891611319679772e+00
4.744260174513466488e+00
4.702331868618657040e+00
-4.182980389317876302e+00
-2.229164672916336354e+00
-2.389902060440012299e+00
2.484974797832918192e+00
