-2.757287676283960209e+01
-1.502069291761136505e+01
-3.326735013531737195e+01
-4.481811210020975977e+01
-1.707978114678213544e+01
2.672567904804871830e+01
2.571656391469791458e+01
1.221571948914119687e+01
-1.113661711248613528e+01
8.449333913254732098e-02
2.440530968564890557e+01
-3.046470652850530669e+01
-8.066299489080295260e+00
6.735014631026136733e+00
1.668416698501805229e+01
-2.058247350619381777e+01
-4.237023138836862302e+01
4.353632175084409361e+00
3.214533337227803855e+01
-2.890395091006718076e+01
2.643268921867402810e+01
-1.767392971714437522e+01
2.074923095019982711e+01
-2.342752402154741986e+01
3.131123770199044287e+01
8.076420612650354158e+00
-1.141641670288395183e+01
3.272483307981693912e+01
-3.495470423386305470e+01
-3.330051214977563490e+01
-4.950190290601897303e+00
4.263390336826042670e+01
1.888017874469980129e+01
4.647973508906060758e+00
1.170598804446754926e+01
3.517760167011427086e+01
2.469305365844118683e+01
2.564509163312964546e+01
3.538064711198529722e+01
-3.511374658789598868e+01
2.947953609977941269e+01
-1.843728541703207435e+00
2.929985668757308304e+01
2.201032318513291841e+01
2.845463126473842141e+00
1.616357855306177171e+01
-4.468721733371594951e+00
4.068670065645931544e+01
1.271355235278387141e+01
-4.841107406534662516e+01
