-2.757287676284364863e+01
-1.502069291761024949e+01
-3.326735013531122576e+01
-4.481811210019834135e+01
-1.707978114677526449e+01
2.672567904804334660e+01
2.571656391468651393e+01
1.221571948912944450e+01
-1.113661711250469821e+01
8.449333913511768157e-02
2.440530968566631742e+01
-3.046470652849851390e+01
-8.066299489076916629e+00
6.735014631024801801e+00
1.668416698502240436e+01
-2.058247350619375382e+01
-4.237023138836766378e+01
4.353632175083069100e+00
3.214533337227568666e+01
-2.890395091006283224e+01
2.643268921867132093e+01
-1.767392971714506800e+01
2.074923095020087871e+01
-2.342752402154221514e+01
3.131123770199405243e+01
8.076420612654921172e+00
-1.141641670287947186e+01
3.272483307982031420e+01
-3.495470423385467029e+01
-3.330051214977382301e+01
-4.950190290606044208e+00
4.263390336826523708e+01
1.888017874471002955e+01
4.647973508918473051e+00
1.170598804447738317e+01
3.517760167012343686e+01
2.469305365844670064e+01
2.564509163313527651e+01
3.538064711198902756e+01
-3.511374658788628267e+01
2.947953609978980793e+01
-1.843728541685221600e+00
2.929985668759488249e+01
2.201032318516004338e+01
2.845463126488551708e+00
1.616357855312017477e+01
-4.468721733268488094e+00
4.068670065664566238e+01
1.271355235318136323e+01
-4.841107406453753015e+01
