-2.821390098874340779e+01
-1.650040074621658093e+01
-3.350465303842213416e+01
-4.704345561807151910e+01
-1.843071728038485801e+01
2.720562618140856159e+01
2.430604549330033848e+01
1.043790910824405849e+01
-1.190270464860202537e+01
-5.491751326740856864e-01
2.306935202038239652e+01
-3.089979123013270979e+01
-8.854331034712551229e+00
5.952835889131951497e+00
1.514384447362313857e+01
-2.108461409643418705e+01
-4.355228453561604596e+01
3.253957845509576341e+00
3.179498633964803389e+01
-2.974977800651497262e+01
2.540906282049758502e+01
-1.869610329589788478e+01
1.922865850575393765e+01
-2.466204026981579034e+01
2.952947472511038995e+01
6.634962864587768294e+00
-1.296415982739478245e+01
3.110018978799477196e+01
-3.542123023238158908e+01
-3.487519268656601668e+01
-6.094056036700481016e+00
4.149233976276584457e+01
1.734360203461186245e+01
1.858322179663596918e+00
1.057839726563184612e+01
3.399066837357843696e+01
2.387642124953259426e+01
2.407563368634509615e+01
3.464900479856458304e+01
-3.660942697661390355e+01
2.801490198121964070e+01
-2.753357895631253438e+00
2.784881419956770188e+01
2.060068138792121673e+01
1.281258257732869277e+00
1.494326272027496216e+01
-5.663017944862257735e+00
3.936208011089399861e+01
1.131383635828995615e+01
-4.959089020752796273e+01
