-1.304511661658052546e+00
-1.082430313007749056e+00
5.333163066429021271e+00
5.512246527068778157e+00
2.935834355149116170e-01
-3.684456350437359085e+00
-2.874040451191184786e+00
-1.785266421901577916e+00
2.444085451305368029e+00
2.761116797159490321e+00
5.256530024609310736e+00
-1.704503811280470238e+00
-2.425457501828982565e+00
2.732162037747259742e+00
5.264640316847008172e+00
4.093686689983835336e+00
-3.497515298669583217e+00
1.365356412196891078e+00
2.055340557089078590e+00
2.981412318992464172e+00
4.798857650607836867e+00
-2.701987866384024439e+00
-7.353733178871035836e-01
-4.061638389385803904e+00
1.257660164368142319e-01
-5.084100127982938734e-03
-4.759413209059457195e+00
-1.395164570844768637e+00
-8.945140493821035488e-02
-1.057488572085640177e+00
3.072590393652718799e+00
-1.137062618766406352e+00
-4.903308368394553085e+00
2.990632725132488012e+00
-9.133870301725621754e-01
3.234979214293123739e+00
1.580870704681014205e+00
-4.700023559398564643e+00
-1.480312772037170266e+00
9.242937776859144750e-01
-2.203900689617514619e+00
3.241544659443792997e-01
-3.571448086159460189e+00
2.544549752735431714e+00
7.298042602900647324e-01
7.593806755473314629e-01
2.530223255871587806e+00
-1.667303733462434101e+00
-2.945608822142563810e+00
-2.518830777528911824e+00
