-1.310731139237887755e+00
-1.090680369089785717e+00
5.328839965882394836e+00
5.507393438896590609e+00
2.969152604777210436e-01
-3.669641468002619256e+00
-2.864658974739092923e+00
-1.777342409580341620e+00
2.436050445782748319e+00
2.772935019992269101e+00
5.280851512085743771e+00
-1.659926127177943078e+00
-2.349974353731778542e+00
2.868036737321117080e+00
5.478692061445415540e+00
4.309985348357482593e+00
-3.405175270428573597e+00
1.347619879941354348e+00
2.058371896123187383e+00
2.995597308867311792e+00
4.782702368348120459e+00
-2.698155871944568407e+00
-7.330441520291087754e-01
-4.070608777628534014e+00
1.251011920528020682e-01
-2.956636431844252531e-03
-4.758942751415737860e+00
-1.394037850131593537e+00
-9.244670768059008725e-02
-1.057293805519945673e+00
3.065540836953798198e+00
-1.140127309129326472e+00
-4.905130315958575515e+00
2.992127402945791381e+00
-9.101930993402778114e-01
3.238747715845993635e+00
1.582667050728520763e+00
-4.701539915656716140e+00
-1.482414765410281499e+00
9.206831665703832934e-01
-2.202534577409604122e+00
3.267958439671319049e-01
-3.573377543074405249e+00
2.541837214681913260e+00
7.261677453539823190e-01
7.456330765522192205e-01
2.528608195754890708e+00
-1.664378752527474470e+00
-2.936116418628369473e+00
-2.520958555246366029e+00
