-1.309416402772701549e+00
-1.090984426083180692e+00
5.322362196464437645e+00
5.504230512111503160e+00
2.927059775438302092e-01
-3.677803992653178700e+00
-2.875613033760917592e+00
-1.782545169250930428e+00
2.457172976076965831e+00
2.791948236594675059e+00
5.299503429790824782e+00
-1.600994626627687101e+00
-2.238661129705302066e+00
3.052103187249199934e+00
5.795468659679927192e+00
4.787830138033086769e+00
-2.820379543590812332e+00
1.789821901529636827e+00
2.217428988591099159e+00
3.016190146845888265e+00
4.784957048332896257e+00
-2.693128369977983994e+00
-7.503556568145203221e-01
-4.078655104597204151e+00
1.419872359320523136e-01
-4.977768468900002630e-03
-4.757825755039291948e+00
-1.392035147162815178e+00
-9.074521215521171025e-02
-1.060917654006615418e+00
3.073000096279227655e+00
-1.137548344699169656e+00
-4.902673331882628993e+00
2.992848876686293291e+00
-9.116011547773426038e-01
3.239857332730434969e+00
1.582544076401871003e+00
-4.698684833672536421e+00
-1.483639381158288861e+00
9.199065615501025306e-01
-2.200138452754299756e+00
3.276780081158747193e-01
-3.571351546571040370e+00
2.542532676689736704e+00
7.244899719947177630e-01
7.612355918402683441e-01
2.530522282578414384e+00
-1.664836200639306263e+00
-2.936672208181759558e+00
-2.529406436852438489e+00
