-1.325269213881145092e+01
-5.313647024149305764e+01
-3.292641140847531034e+01
-4.650085161201063499e+01
-1.423393422465499469e+01
2.686466127500509415e+01
3.389127600683229247e+01
2.852623856997951179e+01
-4.891482866174013111e+01
3.043494177805241208e+01
-1.781590098724321081e+01
-2.607898804965953943e+01
3.635265035682801482e+01
1.375177100684027209e+00
-3.126083658418065170e+01
2.044288993905517771e+01
-6.726360857234580237e+01
-5.331060892631533932e+00
5.948851112806359964e+01
-3.681061679582732893e+01
2.945917480273473998e+01
-1.393976783487194027e+01
5.646891162056061830e+01
-5.226915105256040306e+01
4.332354379742309192e+01
-7.679361144814720319e+00
-4.186493835769532268e+01
1.506916509375631463e+01
4.999971837614628356e+01
-8.101092858473924707e+01
-1.853410283409253267e+01
8.231488639134181540e+01
-2.202596107368040634e+01
3.446378076829238069e+01
2.180634969701669235e+01
4.178783684084318395e+01
3.159852029947478158e+01
-3.075695264535394102e+01
1.105139595064432712e+01
-1.315262391962074418e+01
1.322690886163607971e+01
-1.872422879480513203e+01
7.634740080523284789e+00
6.935059556188747365e+01
-1.751993391219862417e+00
-1.925843507518047204e+01
-4.506540126724331685e+00
6.940543731437850283e+01
2.845777362797612842e+00
-2.354555275318644547e+01
2.705971930943417192e+01
3.911842531719844374e+01
6.763937807215143039e+00
-1.198024816729416031e+01
8.304214670730674541e+00
9.236572287256517910e+00
2.370668239852960113e+01
-4.888654002729549575e+01
-4.564095985424212643e+01
-4.737580156320787950e+01
8.568364055541432833e+01
-1.469999520753891176e+00
4.171563940081639998e+01
-9.062260290547112618e+01
9.588288261155788916e+01
1.758675500348834220e+01
2.370324727980946733e+01
5.884682385511831626e+01
-5.324950156920445465e+01
-4.096805001201641971e+01
4.350320913797994393e+01
2.173910439468134470e+01
-5.694385336966591638e+01
-1.309178757323399900e+01
2.899681520081388442e+01
1.329627965752777641e-01
-4.810159941373237302e+01
-5.410100888812915088e+01
7.551660059036575490e+01
2.642580417450484376e+01
-6.228959381179198829e+01
1.871529481390160754e+01
-1.294238682661509543e+01
-2.210540660400276991e+01
-1.175208352267670620e+01
-3.260343061471279924e+01
3.286368352059632514e+00
2.983266828023550943e+01
-2.343044472141745871e+01
1.636108876436871284e+01
1.557620333794237411e+01
5.580227750384053564e+01
-2.013495750758921332e+01
3.336185883517233464e+01
2.971614492190090573e+01
-1.536526972902853494e+01
7.160358966287247995e+01
-8.656364199511052959e+00
-4.664927466507678844e+01
4.940200394713918541e+01
