-4.203254888642089782e+01
-5.786047269318089548e+00
-6.244701614907803844e+01
-2.227230626686834825e+01
-5.083827670290286704e+00
3.708939611219915378e+01
1.468844376531987450e+01
-6.629302879850630603e+00
-3.777860476023852954e+01
3.603888570200743402e+01
-1.075397418079015210e+01
-4.570347054085456051e+00
1.006407701734657500e+01
-1.981745795590768466e+01
4.423513219681035480e+01
-6.622591480215545801e+01
-2.797360364812064404e+00
-2.273361333549238950e+01
5.602360658993203657e+01
-1.579750152258597851e+01
1.967761638226116361e+01
-3.389131151978487111e+01
-4.959597671918487549e+00
-3.228848889995987292e+01
8.832665917323161864e+01
-2.547888124597790949e+01
-4.405408405232833502e+01
4.109417616604721957e+01
-3.687725019761600009e+01
-5.098193461593349696e+01
3.394738380434518632e+01
7.002066144903339762e+01
-1.112331878040991739e+01
-2.179789167188933163e+01
2.964725309339234371e+01
3.878459254609458640e+01
-4.070549922278203780e-01
7.303555800110486018e+01
5.057669453003609306e+01
-2.508094421469228053e+01
1.751613026565267717e+01
-3.275281303302551095e+01
-3.433571404307478758e+01
2.701001944414304035e+01
1.109304027833956496e+01
1.452184582499190491e+01
6.748951315380861615e+01
2.237523106735481804e+01
9.229874168882616914e+00
-5.307640586137136296e+01
3.960980194211493455e+01
4.900532908943401367e+01
-7.922247359219308294e+01
-5.164981876060195987e+00
1.145363235423144666e+01
3.300685516187867563e+01
5.922550972126415303e+01
-8.892333501190834966e+01
-3.625015174916708105e+00
-2.281176093657495585e+01
5.930372915688242585e+01
-6.706844296731658162e+00
2.922454209932536173e+01
-2.612035256255574467e+01
2.394914676533672093e+01
2.509356846722706891e+01
3.762831988317179821e+01
4.749236805960296692e+01
-4.086074294574612509e+01
2.516923740239008467e+01
-6.139002170477881748e+01
2.012476275942439941e+01
-1.739867371861231504e+01
-8.619346863103302780e+00
3.676468550522439926e+01
-5.733710588021207855e+01
-3.597649420772667384e+01
2.435199674036882556e+01
4.297294825773127513e+01
-3.435631254038796101e+01
2.436431536987547020e+01
-1.815381313626382820e+01
-6.825575325787171721e+01
-3.574455935278197671e+01
4.559791568076332169e+01
-2.688906070661479930e+01
-7.815893381187200006e+00
3.943555272820815105e+01
-1.966682449544664024e+01
-1.422843035799793654e+01
8.819743708837517460e+00
4.975816642441295556e+01
2.316774820238683219e+01
4.312590206068978915e+01
2.552246985183754191e+01
3.871949519228451209e+01
-4.909583532607352652e+01
-2.765341148810652072e+01
1.913805322184814273e+01
4.004485271981136663e+01
