-2.615605673490902916e+01
-1.980271896062044590e+01
-5.977867531182031513e+01
-4.104862859229420735e+01
7.966664057740473481e-01
5.634803538538177747e+01
1.595487090324279933e+00
-1.331373995822727352e+01
-1.809831592341813433e+01
-2.453858619354299009e+01
7.596055977577809415e+01
-4.094195741013335521e+01
2.415380986086583448e+01
3.637616365205208524e+01
-2.286336266058182431e+01
-6.994106470872213777e+01
1.145319281580263038e+01
-6.721676017405879833e-01
2.764230786012491947e+01
-5.988478343489187949e+01
5.952406811575811929e+01
6.012728045091620288e+00
-5.488206785435854584e+01
6.891004681947762833e+00
3.060974709809407557e+01
3.219702380071071701e+01
2.876023900033191794e+01
-2.090943509406521628e+01
-6.381314741059404128e+01
1.336935321377759678e+01
-4.448348909173679999e+01
6.749496389709189970e+00
4.946395681805560685e+01
8.846680596630438487e+00
2.963825258797280071e+01
5.922697190354963226e+00
2.064467326989731077e+01
4.992939564162377764e+01
-2.255498108297223681e+01
-1.772431623435168646e+01
2.602642967254074335e+01
3.092315345947046978e+01
3.970955828332368753e+01
8.738025405216511388e+00
4.169245025680793049e+01
-4.536639668456859908e+01
3.981634203318380116e+01
6.296291349047081098e+00
2.327136866426751993e+01
-5.063542609652530757e+01
2.945190993650914990e+01
2.512547823334603336e+01
-1.760899674934757897e+01
-1.704611467891403009e+01
9.546183383135868894e-01
5.998336915404504310e+00
7.836043107808093566e+01
-6.361759667096681170e+01
1.351356217297043827e+01
-3.990519600660759636e+01
-9.471932066242935377e+00
3.536447946058940772e+01
-1.441685198420100988e+01
-2.358617409992184477e+01
7.605826140794187040e+01
5.922375485679308582e+01
2.090695001266007225e+01
1.955718503921481854e+01
-5.256132664082912953e+01
-3.747643744188293624e+01
1.307705383582600689e+01
1.969230097126346379e+01
-3.304356290959245968e+01
3.650649324911228177e+01
-3.036019649131698728e+01
-3.757847508307182238e+01
6.464059402493699480e+00
1.298962314738034252e+00
3.424034051524327538e+01
-2.722614660514787133e+01
2.789847436854576657e+01
-3.934806884392404669e+01
-3.776127399175547339e+01
-3.888079119178675569e+01
5.644251959263273477e+01
-1.402598908980469972e+01
-1.672259446612247302e+01
6.102710714468436493e+01
-5.603391618160569010e+01
-1.055708221764918342e+01
5.563618561884767644e+01
2.060887753042806025e-01
4.121870169904542536e+01
-1.349358900737547451e+01
5.527216032245858912e+01
7.159376423863442085e+00
-8.738315025234760114e+00
-6.577060551968592961e+00
2.261697007416361060e+01
2.735197494600463131e+01
