-2.855168716551238006e+01
-1.607273065910013443e+01
-3.432874695519508634e+01
-4.582073274216906356e+01
-1.809427765860000648e+01
2.573268035266308473e+01
2.479154559294723370e+01
1.121886807152956500e+01
-1.210180364147679910e+01
-9.453359559775926790e-01
2.327768993192524505e+01
-3.140653490599021325e+01
-8.955122898960379274e+00
5.731225925284629596e+00
1.567324678827392859e+01
-2.162062152557568240e+01
-4.339628155376956187e+01
3.408495659927397448e+00
3.112671139427116529e+01
-2.983498573791116470e+01
2.552312591858846957e+01
-1.868715523655631472e+01
1.979705162506680693e+01
-2.452589057453829469e+01
3.019894107506851100e+01
6.966712882965387266e+00
-1.245060390297474839e+01
3.168346499685022621e+01
-3.599228823227209517e+01
-3.429917822046902387e+01
-5.975344093036173199e+00
4.166712623748771449e+01
1.796083721530679611e+01
3.682957098689632502e+00
1.066907320124084180e+01
3.414657026133609463e+01
2.372628439847948201e+01
2.465900413026246696e+01
3.435696064002414829e+01
-3.617741880360916440e+01
2.854323503169262821e+01
-2.797715195740630545e+00
2.832836413315015633e+01
2.100134406852047775e+01
1.923571906698846368e+00
1.528248247947844440e+01
-5.510802708010402284e+00
3.970955791089755849e+01
1.170769058808440910e+01
-4.943457870896896367e+01
