-2.780922128298820439e+01
-1.766352584990418251e+01
-3.408401532919561561e+01
-4.739939393754077912e+01
-1.968933536229866732e+01
2.423410285772650852e+01
2.391614597916687401e+01
1.186065126237801337e+01
-1.305856754379588835e+01
-3.326818166577719005e+00
2.716659259724382025e+01
-3.006792872059088850e+01
-7.981307104016497789e+00
5.863240626425980651e+00
1.368169743582930309e+01
-2.362491386049432407e+01
-4.553796511564372906e+01
4.868765554076084356e+00
3.259117500310384230e+01
-2.867913905218922466e+01
2.432854510414007621e+01
-1.900003355372765412e+01
2.201367144118679064e+01
-2.572366874619232391e+01
2.847588912253432269e+01
1.022269424834761153e+01
-1.485129396429180737e+01
2.876439999902773081e+01
-3.642767568194411609e+01
-3.411924495392929657e+01
-7.957822617766161954e+00
4.192815921283458636e+01
1.838566948458705141e+01
5.316136839293956307e+00
9.815618062448073999e+00
3.260496485205835171e+01
2.557444501997935049e+01
2.444576799264166311e+01
3.388895154779400798e+01
-3.604893977102510405e+01
3.012722605277997800e+01
-5.584373793795112562e+00
2.761057331760489930e+01
2.103949028819833700e+01
2.734926040705798478e+00
1.590740920693152205e+01
-6.773276223464450574e+00
3.785861242831395401e+01
1.045972141283528956e+01
-5.037107597104883894e+01
