-2.855171375329594952e+01
-1.607355890415541211e+01
-3.432673087990316674e+01
-4.582091193457691958e+01
-1.809639447999247608e+01
2.573334180285108630e+01
2.478905350696604160e+01
1.122087330478722400e+01
-1.210137732555926426e+01
-9.413231206251275740e-01
2.328128280173429587e+01
-3.140896636318786861e+01
-8.958265250395809787e+00
5.731569917591682994e+00
1.567405537082496458e+01
-2.161987243835473294e+01
-4.339511829237802942e+01
3.407472123421330767e+00
3.112762912433819906e+01
-2.983536248867219598e+01
2.552037409943810076e+01
-1.868550199452009153e+01
1.979532442764736899e+01
-2.452265007064666591e+01
3.020290737830985961e+01
6.971135568059906973e+00
-1.244808468085428999e+01
3.168461569603855565e+01
-3.599307720265795751e+01
-3.430166607063161166e+01
-5.973738827372935489e+00
4.166663455077737410e+01
1.795779607952331958e+01
3.683638954734481885e+00
1.067139651832694014e+01
3.414982264563749226e+01
2.372434456599345864e+01
2.466057979585795223e+01
3.435935895840309229e+01
-3.617728580586344123e+01
2.853978831739987854e+01
-2.800174997065099980e+00
2.832949718938138517e+01
2.100242947225078893e+01
1.920406113939849391e+00
1.527899280802017223e+01
-5.509885188772475573e+00
3.970976356840771615e+01
1.170504042208677120e+01
-4.943321174999145029e+01
