-2.545710138252809429e+01
-1.809185624084051369e+01
-3.334457484808495309e+01
-5.057759803201983573e+01
-2.117349978588211101e+01
2.391251708583871149e+01
2.349851841404014152e+01
1.258524975692722414e+01
-1.502588017610255200e+01
-2.693051153222544070e+00
3.076258569377990071e+01
-2.919796794399901430e+01
-8.610816908399939962e+00
6.205699855582741620e+00
1.200874597249949005e+01
-2.488375645125725910e+01
-4.832438590979869275e+01
6.137869230169349599e+00
3.392354432016855270e+01
-2.833017472158310213e+01
2.442842902194653121e+01
-1.877546892282588331e+01
2.520480899147813858e+01
-2.797894353346114471e+01
2.691372483822742723e+01
1.665147975988151430e+01
-1.582109131027683802e+01
2.634102223998457148e+01
-3.631922518302242509e+01
-3.220934196358216894e+01
-8.374005996521415085e+00
4.251374469220908736e+01
1.781639707773013015e+01
7.525873577349582177e+00
1.110060382804498502e+01
3.194551084474068148e+01
2.595446109789437017e+01
2.567322211512235342e+01
3.332500400900816118e+01
-3.600696867794854938e+01
3.199890260483919135e+01
-7.817998012979105127e+00
3.026288180875257439e+01
1.871397288999692421e+01
3.659273512685984997e+00
1.513566069903891176e+01
-9.030129258952795723e+00
3.441506307542513099e+01
9.146644272968270428e+00
-5.270129979518888774e+01
