-2.841037759527166529e+01
-1.578038657393229194e+01
-3.433115675662691757e+01
-4.602574690210983022e+01
-1.828996456727532660e+01
2.570045711373045805e+01
2.495146006032862829e+01
1.140348700256753567e+01
-1.263970531439757039e+01
-6.205067968109083676e-01
2.345264478725892943e+01
-3.150292049614098033e+01
-9.123644520350124409e+00
5.844111968100965449e+00
1.585157495198473399e+01
-2.140372246335461881e+01
-4.324276324701484953e+01
3.000505292780776934e+00
3.083141279960672065e+01
-3.018522922244237705e+01
2.564953588534288187e+01
-1.882509612245801023e+01
1.967413145399919472e+01
-2.437757334235083562e+01
3.006976966628555559e+01
7.145485931271835511e+00
-1.221587256657864629e+01
3.176471150457599535e+01
-3.580468493911435246e+01
-3.394538187106500970e+01
