-1.987561330672268645e-01
3.672215048024401796e+00
1.279073512683990499e+00
1.413176819144830176e+00
3.267636603399019180e+00
4.143444543190852869e+00
-4.260068994053765046e+00
-2.728455680383742976e+00
4.939089706317078665e+00
4.391431322512742597e+00
2.534677075933253754e+00
-1.517409055134528728e+00
-7.430260841847308173e-01
2.375572054121075638e+00
4.257906443542385233e+00
-4.958061278790973248e+00
-1.832472821604495428e+00
4.052956224254835149e+00
-3.901437305674789080e+00
-2.595274912092868203e+00
3.227147322686075182e+00
1.958105549599726158e+00
-1.440293650525853730e-01
3.147836903702167621e+00
-2.052516710367375818e+00
3.252401604228631449e+00
-1.398388303304825220e+00
-3.458626179630166497e+00
-1.370549951580622761e+00
2.777228189053348562e+00
