3.147239091804952693e+01
4.057919191723953389e+01
-3.730128698962428757e+01
4.133754427533107645e+01
1.323588355824638363e+01
-4.024594987361805210e+01
-2.215019398578272103e+01
4.688147682573363006e+00
4.575070417290629621e+01
4.648886237689713852e+01
-3.423874060870743108e+01
4.705924641994992896e+01
4.571667075577379791e+01
-1.462426429395594196e+00
3.002805706029625910e+01
-3.581138110854818279e+01
-7.823853337888854398e+00
4.157357776809784866e+01
2.922075098283671934e+01
4.594926122390982215e+01
1.557409201175388702e+01
-4.642880065061331862e+01
3.491291235471462784e+01
4.339935041417511030e+01
1.787354290787885702e+01
2.577401452773645829e+01
2.431323667583655990e+01
-1.077730071558156588e+01
1.554774158767640735e+01
-3.288136580191810765e+01
2.060462469758533999e+01
-4.681668736076105830e+01
-2.230769299339904777e+01
-4.538295242965278931e+01
-4.028686185338762016e+01
3.234581043652767107e+01
1.948273366245593508e+01
-1.829002451465197510e+01
4.502223562845067306e+01
-4.655538506143769695e+01
-6.125540134642338153e+00
-1.184425565420242954e+01
2.655171031753761213e+01
2.952001421429640970e+01
-3.131279797664741338e+01
-1.023528918090958362e+00
-5.441441643322395549e+00
1.463133251444097205e+01
2.093651450605940312e+01
2.546868688711952800e+01
-2.239747077435261247e+01
1.797020928663460992e+01
1.550982578355274200e+01
-3.373881811908812267e+01
-3.810021140989959321e+01
-1.635666090651501647e-01
4.597442555218048454e+01
-1.596148242259286221e+01
8.526748883911158927e+00
-2.761879218645699297e+01
2.512671594280321585e+01
-2.449046559166171022e+01
5.956953937482067918e-01
1.990768884465988009e+01
3.909033313917734631e+01
4.592905858811668196e+01
4.721557092977082704e+00
-3.613765149332765247e+01
-3.507059618342664464e+01
-2.424933290782472284e+01
3.407170085050778852e+01
-2.457178483708385031e+01
3.142846108021457496e+01
-2.564753573379498519e+01
4.292639268032419864e+01
-1.500164152528928518e+01
-3.034059816013886035e+01
-2.489178211708212984e+01
1.160441566010998038e+01
-2.671088405074042438e+00
-1.483407244591487206e+01
3.308285130613879943e+01
8.526343000899892388e+00
4.972361288445291017e+00
4.171928827309444188e+01
-2.141628323236507825e+01
2.571991478495574768e+01
2.537284138826159463e+01
-1.195550468719055814e+01
6.782091874158435729e+00
-4.241459921899510022e+01
-4.460537096607326646e+01
3.079680412109164322e+00
2.791672178862160081e+01
4.340096148091496531e+01
-3.700939780987060601e+01
6.882100883781627765e+00
-3.060983903286417007e+00
-4.880998582968462074e+01
-1.628784278348928538e+01
