3.147235480160398424e+01
4.057919909049084595e+01
-3.730133703822178859e+01
4.133756886047930124e+01
1.323589016482461567e+01
-4.024597105657567653e+01
-2.215020047479414345e+01
4.688157247088279966e+00
4.575066073113673326e+01
4.648886041509015854e+01
-3.423870873690326988e+01
4.705925301585340748e+01
4.571666198643247725e+01
-1.462434701251594804e+00
3.002803674414647617e+01
-3.581136610015902022e+01
-7.823891547997066986e+00
4.157353149895025268e+01
2.922064783720860248e+01
4.594925038361613900e+01
1.557407602113615575e+01
-4.642882808716255738e+01
3.491290405369500860e+01
4.339931152321037189e+01
1.787351599721100825e+01
2.577399410709051963e+01
2.431320905749461758e+01
-1.077729679765029047e+01
1.554777068692142272e+01
-3.288134019317003265e+01
2.060461363089990527e+01
-4.681671379071661931e+01
-2.230771303753700963e+01
-4.538285356559161698e+01
-4.028681411945883184e+01
3.234578007729182048e+01
1.948286873564067889e+01
-1.829004894662094571e+01
4.502213953161697191e+01
-4.655538424667472697e+01
-6.125560765278049935e+00
-1.184414633916931159e+01
2.655168686791582999e+01
2.951997255665202147e+01
-3.131273149196607264e+01
-1.023552459566413164e+00
-5.441376336118314505e+00
1.463130905369588675e+01
2.093648702705545261e+01
2.546857220212423201e+01
-2.239748510251764202e+01
1.797027569940659220e+01
1.550978878177459030e+01
-3.373882313146971512e+01
-3.810024011975352920e+01
-1.636084729730344078e-01
4.597438827674148598e+01
-1.596145606393838179e+01
8.526742506115162712e+00
-2.761885486271525281e+01
2.512670178877622007e+01
-2.449050023646151431e+01
5.956545668380373026e-01
1.990766600790449559e+01
3.909032556569462002e+01
4.592915054128570773e+01
4.721554491192707204e+00
-3.613757043761646059e+01
-3.507061756075253101e+01
-2.424917023683984496e+01
3.407172719224447377e+01
-2.457180243600105385e+01
3.142848411209919135e+01
-2.564751759475697668e+01
4.292635743606622611e+01
-1.500164924043493819e+01
-3.034049567368997202e+01
-2.489163813570988992e+01
1.160447463578490890e+01
-2.671141555982306404e+00
-1.483405276289198227e+01
3.308282411579744320e+01
8.526326741383154939e+00
4.972277138742231095e+00
4.171934840597182870e+01
-2.141610907179914136e+01
2.571999286052096068e+01
2.537287622578050161e+01
-1.195541311700259257e+01
6.782088148371190783e+00
-4.241463979590377420e+01
-4.460507722192370750e+01
3.079449516926172858e+00
2.791658868755921219e+01
4.340081074458470312e+01
-3.700947359174706008e+01
6.882064565221279295e+00
-3.061089586333093138e+00
-4.880987991807637627e+01
-1.628812711534208546e+01
