3.147237650202101023e+01
4.057921114940893403e+01
-3.730131346461589459e+01
4.133760249857994040e+01
1.323587985339437800e+01
-4.024595904654186995e+01
-2.215033393548514340e+01
4.688109352406944375e+00
4.575061417081112580e+01
4.648884971713695791e+01
-3.423879128854774478e+01
4.705926180980129914e+01
4.571670093492565456e+01
-1.462429797992789382e+00
3.002804997995294300e+01
-3.581135241692955162e+01
-7.823884680529941349e+00
4.157355564263569647e+01
2.922075252162250791e+01
4.594921977755797116e+01
1.557403232224758405e+01
-4.642883402813890115e+01
3.491294884969817502e+01
4.339934194023400238e+01
1.787351424032165781e+01
2.577402634325824238e+01
2.431325113973102958e+01
-1.077735099095877658e+01
1.554778598389360944e+01
-3.288131084817985794e+01
2.060458227467229619e+01
-4.681675890296469333e+01
-2.230768430196382468e+01
-4.538283996594159220e+01
-4.028680635286592349e+01
3.234575405672425319e+01
1.948288173081536456e+01
-1.829006894728822985e+01
4.502222409935571079e+01
-4.655545801365621372e+01
-6.125575414593209089e+00
-1.184418228247613314e+01
2.655169917194873364e+01
2.951999226414459798e+01
-3.131274627395525201e+01
-1.023543121363887032e+00
-5.441364945807203313e+00
1.463131474463952486e+01
2.093648795708373811e+01
2.546868395902667004e+01
-2.239749281590440688e+01
1.797027888519960825e+01
1.550975237023998154e+01
-3.373880550959389524e+01
-3.810047474426365710e+01
-1.636458042825520987e-01
4.597437137396867257e+01
-1.596143279777652069e+01
8.526783942203365996e+00
-2.761887065813624176e+01
2.512672290275356701e+01
-2.449047997541949684e+01
5.956882567226602365e-01
1.990767787234856101e+01
3.909034149782373646e+01
4.592909072381520019e+01
4.721570333892910476e+00
-3.613757041463494346e+01
-3.507058357345694333e+01
-2.424923122073435167e+01
3.407168962574349536e+01
-2.457177994853956804e+01
3.142844992975356178e+01
-2.564753643673385852e+01
4.292631603630994874e+01
-1.500161352225067191e+01
-3.034046293653856452e+01
-2.489160506283801055e+01
1.160447734657931207e+01
-2.671158182189040442e+00
-1.483405651937455083e+01
3.308280827128902501e+01
8.526394050583897766e+00
4.972307492917741989e+00
4.171938547226101690e+01
-2.141608575230996436e+01
2.572002585386966445e+01
2.537286652289380129e+01
-1.195541656996680757e+01
6.782172730758283308e+00
-4.241459362858800830e+01
-4.460523545790796618e+01
3.079660409082247252e+00
2.791661005442718491e+01
4.340099125403144598e+01
-3.700948230039780640e+01
6.882182239667733015e+00
-3.061042207886611966e+00
-4.880977924375683585e+01
-1.628849042113698076e+01
