-2.611414112397655973e+00
7.094648365861226935e+00
6.868030511547539518e+00
-9.633421399783935968e+00
-7.551424124040338803e+00
8.994405546591488942e+00
-9.360106713258334210e+00
-8.237275903124466225e+00
-6.581680283474582005e+00
9.864340299209738205e+00
-1.697516998322425641e+00
-2.554745662720567356e+00
-3.141469445131628291e+00
-6.683428632314063200e-02
6.709049964390143006e-02
9.508527253731452689e+00
-3.294299501682868225e+00
-6.080643997241491405e+00
-8.172522020140702281e+00
-8.087521961528924663e+00
-2.306775647069003732e+00
7.058526368025164199e-01
8.488059533065603901e+00
-5.529840978202295254e+00
-4.490838188324752345e+00
-5.191855492386831195e+00
-5.336428298309953133e-01
9.930827349396944559e-01
3.006342579668894732e+00
-4.649472470195203044e+00
