3.924174247150868489e+00
-3.497559473780109585e+01
-5.314297124430218133e+01
-8.257044572670045568e+01
-9.999999690123433993e+01
-9.929736648990497372e+01
-9.984367776736817746e+01
-9.968158938174025252e+01
-9.616601778635074993e+01
-9.009436779563412756e+01
-9.924398406648278126e+01
-9.959124298866549907e+01
-9.611175591742178881e+01
-9.714253279516664463e+01
-9.888620324442096887e+01
-9.901366583073014738e+01
-9.973472157780368264e+01
-9.703683676029469041e+01
-9.929175158442154725e+01
-9.982700547980026329e+01
-9.066229964059390056e+01
-9.926364070879556323e+01
-9.958903727527589922e+01
-9.896136834384607539e+01
-9.979007724523286527e+01
-9.702825742252349528e+01
-9.943551613197485040e+01
-9.372728104321613785e+01
-9.943860104655558985e+01
-9.802843198502515065e+01
-9.978214272114205130e+01
-9.977241839504877419e+01
-9.603386067292831285e+01
-9.579663854847909477e+01
-9.977321665139213280e+01
-9.897662728399933485e+01
-9.754108801968733644e+01
-9.515415488445788128e+01
-9.957125977058751687e+01
-9.826187071273234608e+01
-9.930810783781170414e+01
-9.984409296113439325e+01
-9.951941683221964752e+01
-9.522533742293730086e+01
-9.978152916244869175e+01
-9.901297059023025326e+01
-9.999432345573585224e+01
-9.896496528365777579e+01
-9.935630086074387179e+01
-9.839130197539694223e+01
-9.999999937050833410e+01
-9.792885770879536267e+01
-9.999999754096876359e+01
-9.327153867383417207e+01
-9.999999733718050265e+01
-9.686825344722115005e+01
-8.810198790999756113e+01
-9.999999370885062433e+01
-9.507473172832521868e+01
-9.999999870967138804e+01
-9.993263486116251215e+01
-9.999999992979563501e+01
-9.724463971700411946e+01
-9.271563552851762324e+01
-9.859879662878871898e+01
-9.913788261912378630e+01
-8.759453768416733510e+01
-9.961798081576132802e+01
-8.990606560145367609e+01
-9.999998161780506223e+01
-9.999996717649511879e+01
-9.963689158244831390e+01
-9.998963895471536034e+01
-9.999999615612213688e+01
-9.649743338886950994e+01
-9.999932572703724531e+01
-9.999920854945085580e+01
-9.726718385439853876e+01
-9.459355820828329797e+01
-9.999999607251776013e+01
-9.999977902343609060e+01
-9.999999423568614532e+01
-9.999999569318572412e+01
-9.658195301472063932e+01
-9.999999099775729405e+01
-9.484921027302854668e+01
-9.999987839395932099e+01
-9.357066486314029419e+01
-9.999994223199593080e+01
-9.731726558833599938e+01
-9.928858934679544745e+01
-9.991158275460139748e+01
-8.617385876634543251e+01
-9.417387743609087636e+01
-9.065425294002956491e+01
-9.999990502967585826e+01
-9.844127813234314317e+01
-9.683548880096452649e+01
-9.979273010059203841e+01
-9.778885524097005089e+01
