-3.178604268221304707e+01
-1.140446829786207594e+01
-3.426734952270260948e+01
-4.581811207101429062e+01
-1.807978131239875808e+01
2.572567873590786292e+01
2.471656452166105922e+01
1.121571852155965487e+01
-1.213661753774365160e+01
-9.155063783399586264e-01
2.340530976747533032e+01
-3.146470773686388966e+01
-9.066299839260823390e+00
5.735015181263124262e+00
1.568416706299275631e+01
-2.158247317678727129e+01
-4.337023209096101084e+01
3.353631593660140187e+00
3.114533196457513498e+01
-2.990395866460493934e+01
2.543293965651917432e+01
-1.867391099761777795e+01
1.974955990504676961e+01
-2.430721090881387880e+01
3.034384355875026884e+01
7.098708888210714107e+00
-1.235626595243221715e+01
3.177625142995719187e+01
-3.610092818773043888e+01
-3.430077742099693694e+01
-6.217851584337398485e+00
4.169500349977460019e+01
1.866742638315433567e+01
2.658923053131388325e+00
9.513139366710328559e+00
3.392261362286981097e+01
2.338389074622316599e+01
2.511271222309950346e+01
3.405872567049483735e+01
-3.624717311569864364e+01
2.914790557659144454e+01
-2.133510885544275038e+00
2.778076216609021998e+01
2.078928404534057961e+01
1.096311258042854009e+00
1.528592458005289423e+01
-7.080728291311125133e+00
3.906905537307922316e+01
1.091471099954846657e+01
-4.932057710627918823e+01
2.053924244384898046e+01
4.828656005288600284e+01
-4.218475025795881095e+01
-2.704608840910059797e+01
2.532543287254468822e+01
2.924701249989971430e+01
3.778469206907948319e+01
-4.790894944345380679e+01
-1.738672356980788081e+01
-2.370136494225823753e+01
3.534209587086984783e+01
8.454151587232132670e+00
1.806772531550938865e+01
-4.257695792308360438e+01
4.896640478807309904e+01
2.293249005368025806e+01
3.998599593628730986e+01
4.473606098810510900e+01
-4.496565819606688308e+01
-1.100387991828716849e+01
1.511787485017508459e+01
-2.540110709134821843e+00
-3.860770750381676208e+01
-1.847126658020971757e+00
2.459033132182780435e+01
-2.679288969949781318e+01
-1.856669116346889226e+01
-9.975541497274965863e+00
4.200196423663787471e+01
-7.091829796117843365e+00
-6.903914294206308533e+00
-1.558554298262281534e+01
-4.588239568532924295e+01
-3.545532518585314108e+01
5.090204783226949559e+01
-1.479923095477734840e+01
-1.672577731462790851e+01
4.465555233438657012e+01
-4.079346337846771320e+01
-1.215696455735321280e+01
1.826465361112307662e+01
5.082954687588043896e+01
2.797109058502294943e+01
2.495323316635995425e+01
3.053923857055235302e+01
1.270367341752694834e+01
8.127146536716729486e+00
2.128058130746163457e+00
-1.663072109099842066e+01
4.412608685921419038e+01
