4.755605890381652934e+00 -1.704667100776590516e+01 -8.406951056196966476e+00 1.233344628944196764e+01 1.220172276828948199e+01 1.673694528993995068e+00 1.147748243313693450e+01 9.438658782962145111e+00 -1.649334148778291720e+01 2.227154669100037676e+00
3.120980137089594209e+00 9.337428789707436394e+00 -1.253399190590312884e+01 6.027920903226196003e-01 -1.262845123481944754e+01 8.741063665132697835e+00 -1.396486160404680987e+01 -7.657551020323088764e+00 -1.175898502280140789e+01 1.955022953227588900e+00
-9.773829189985843158e-01 -6.421081720719731933e+00 4.719238724094202198e+00 4.667129923592234775e-01 -3.022264138254680432e+00 1.018022839535296598e+01 -5.141842849311812458e+00 1.541567802392243536e+01 7.306650293077641578e+00 -1.263245749470321755e+01
9.478801083672612648e+00 2.015966254223646281e+00 4.435813322934057723e+00 1.408496401228712536e+01 1.136749219456033799e+01 1.492227304860723791e+01 -5.843119095165842936e-01 7.289745981831568855e+00 -1.276220764382738970e+01 -1.009392416685055593e+01
-1.028015932729103099e+01 1.346321989195427271e+01 -1.526647824649458407e+01 9.036734412591053811e+00 5.526726731637536361e+00 -1.758737910858983255e+01 -9.377749823185954625e+00 -1.694048161917048745e+01 -2.163154620968141817e+00 -7.987543911665278884e+00
9.624958095314755102e-01 2.921702663782149045e+00 1.442760970909541030e+00 1.385559543585301867e-02 1.300809520886823023e+01 7.911612881200457359e+00 1.122217171334209951e+00 -8.670633774280652517e+00 -1.814100388324231261e+01 -1.055771155529221694e+01
-1.345851961703775501e+01 1.823665243919964318e+00 -3.174087781958976784e+00 9.532205435219273326e+00 2.019901766583324765e+00 1.463306717309311011e+01 -1.248832395869221479e+01 6.429567184448192307e+00 -3.588453427921174832e+00 -8.031416007194740914e+00
1.910229476216431976e+01 -1.053589681286739577e+01 -1.709720832442346250e+01 -4.935696671433944083e+00 1.928444360431746674e+01 6.098026343013941641e+00 4.727933512108556613e+00 4.895850811518815071e+00 6.355547566207228272e+00 -1.078172387994877823e+01
1.366825117928907929e+01 -1.375213549676190716e+01 -2.918502772137925305e+00 1.977336918068563421e+01 -7.636121342681306601e+00 1.990532243897472853e+00 -1.750996187464858522e+01 -2.358307051518108821e+00 -1.435934212702549573e+01 -9.815746715275412981e+00
1.403672619713414171e+01 3.365886021003894779e+00 6.993433451641704934e+00 1.164603491560942317e+01 -1.321414880327006358e+01 -1.201211367119294593e+01 -4.167885882399914976e+00 9.220601757128519260e-01 -1.583699569072610558e+01 4.841895085931255949e+00
-7.372158165786737882e+00 7.627502697054671543e+00 1.904879343392013169e+01 8.194634543713025465e+00 -8.386142212329414036e+00 1.152772897932750240e+01 -4.762859417556292385e+00 -3.309960692024857210e+00 4.800294302017730885e+00 1.118048512731591160e+01
-6.638724127690940335e+00 8.179538530125888940e+00 -1.673308124336940850e+01 -1.114118417964407115e+01 1.124602737453140477e+01 1.403660714410569454e+01 -1.196806349949680737e+01 -4.517743242716246499e+00 -9.212359240994658194e+00 -5.103038752738281225e+00
-3.209301935467292921e+00 -1.299648227222278862e+01 -1.557687206936127922e+01 -1.907079686656965478e+00 1.569362476285935060e+00 1.751468456248419159e+01 -6.217557703925544743e+00 -1.381768100068313387e+01 -1.213231640141713541e+01 -1.578609431112362849e+01
5.378084171606025699e-01 -1.894257735578106150e+01 1.299134615946969262e+01 8.737606554961292460e+00 -1.214451071490023892e+01 -1.267413429603023278e+00 -4.515081401055418553e+00 2.526076829599666951e+00 6.690832709896382013e+00 8.863649026270417064e-01
3.436212368997503930e+00 -1.984837257650776898e+00 7.852531022603479016e+00 1.287506315141950708e+01 -1.184061267055248834e+00 1.034026254173167025e+01 -7.887689425886441619e+00 -7.197799592209388031e+00 -2.545179757492020745e+00 -7.420111484385207845e+00
-9.777185179444767726e+00 1.167381551736055911e+01 -9.162724074026163734e+00 1.007300170467278377e+01 5.296521661329128605e+00 -1.754939035547503323e+01 1.162570881891944019e+01 -1.545303090855637862e+01 -1.282497730064597619e+01 -1.024230219062103941e+01
1.166660725968983847e+00 -8.811322203988307677e+00 9.395123456276484042e-01 -6.614175559345568667e-01 1.890431374569538647e+01 -4.341051237110470140e+00 -1.026440938793217228e+01 1.031134317542023560e+01 -7.618907513890651906e+00 -1.899613243640994398e+01
1.138133147221473962e+00 5.976284976653989389e+00 1.178762327338769111e+01 1.839679456940180913e+01 1.434765443475336433e+01 1.046990601324608328e+01 -1.262305580846562414e+00 -1.257038161815455446e+01 -9.518445890772543549e+00 3.542645619652589062e+00
8.010277147598904079e+00 1.343982856163594874e+01 -1.708818692760367597e+01 7.524699741343019888e+00 1.785388332008239587e+01 2.939545693398192938e+00 -1.832654607976424543e+01 1.830872084749274542e+00 -6.844764329828512572e+00 -1.531196963227401753e+01
-9.247145121980109295e+00 1.908769375496710197e+01 -1.079958446691829721e+01 1.369433739016416496e+01 -8.975535696919362039e+00 -1.218948836628899191e+00 4.262276005283839098e+00 5.610261240845928477e+00 -3.211871918060959175e+00 -8.186990680804951737e+00
-1.413566608918110212e+01 -5.620742162315109702e+00 1.928652587782026373e+01 3.260154339534900636e+00 1.079625892494770412e+01 1.478748377317964646e+01 1.462014445264673057e+01 1.650665964963570786e+01 -9.078747867703595986e+00 -1.286545600090333252e+01
6.310622326673142268e+00 -8.722997970297419190e-01 -1.654260175600010996e+01 1.198235784553983407e+01 1.489987433068839096e+01 7.571508334259824835e+00 1.155773620960207637e+01 2.589617636871555106e-02 -6.454316835542551978e+00 -8.202217237547948514e+00
-1.131455333307830102e+00 8.848708157699791244e+00 3.155171993311339129e+00 1.226512539297955051e+01 9.670629717054691099e+00 -9.259446883401171391e+00 -1.461222505123026849e+01 -1.154532232246174139e+01 -1.169429394728532934e+01 -1.125605808246666761e+01
5.301549412633636216e+00 1.450498525508591285e+01 1.793243058901133580e+01 -1.564290936572804647e+01 -6.445999235697944307e+00 -1.698191742232500800e+00 -1.424737438616361374e-01 -7.811589768729835015e+00 -6.277614187158912173e+00 -1.680217181702701623e+01
-9.482734057242701020e-01 -1.114618264500022882e+01 -3.293090862494906013e+00 8.638655509252181730e+00 1.170619732783583267e+01 6.592688208276499040e+00 5.056389090595187596e+00 1.500340226497221074e+01 -1.674308947273394921e+01 1.042823154770272875e+00
