2.209047567444279991e+00
-3.610066961735358859e+01
2.429337111472436561e+01
3.048767151164665279e+01
-1.711019448332048398e+01
-1.983607565384286531e+01
-3.991621630034380530e+00
3.152993629121417740e+01
3.926731126853540133e+01
2.048740537132691841e+01
1.121000681746580518e+01
4.114661614584640859e+00
1.521768415271590413e+01
1.469618405648222748e+01
-4.904255262468359433e+01
-1.369152060817587824e+01
-8.189455823451609717e+00
-2.455358116359103349e+01
-4.266202263591524968e+01
8.353189142106302256e+00
4.909296085605212312e+01
2.756856344605773756e+01
4.497335293078495511e+01
3.909286776688190912e+00
3.778138976039350894e+01
3.392812396308876544e+00
3.063781882859008476e+01
4.654971783195392732e+01
-1.816678130500569921e+00
3.481300691906756128e+01
-1.392852504688072202e+01
-2.710849605992919820e+01
-3.945751382669944007e+01
-4.145375697013429317e+01
-2.491800094680657196e+01
7.314503606944896319e+00
1.004851822898186242e+01
-2.906367492344068637e+01
-3.101587332988292545e+01
-4.397317703433824221e+01
-2.145787144407547231e+01
-3.653753552990804820e+01
-5.536839416374938594e+00
8.306819587727240162e+00
-3.841782907326528829e+01
-4.458118785754527380e+01
-1.233557361827939758e+01
-9.073674156391497547e+00
2.037169042595786550e+01
-4.126286601003535992e+01
-2.169313197943469262e+01
1.297408015846387741e+01
-4.486099404896829412e+01
-9.749035008873079278e-01
-8.719690551675533641e+00
-3.890786910134032439e+01
1.022257199372862857e+01
4.685304718819051573e+01
6.510180510980177360e+00
-4.242060426608074408e+01
-2.269053265145056741e+01
-2.545194221995862449e+01
-8.177653390223717622e+00
4.634385190121385278e+01
8.868230347618290210e+00
-6.780086634556766967e+00
-4.421233035268337375e+01
-4.506965278253134244e+01
-3.707364046433912819e+01
-4.027386723374129929e+01
4.529481746672621512e+01
-1.787134682024557009e+01
-8.725714537464213549e+00
4.498974309043749997e+01
-1.410273824350956318e+01
-3.536829774544952443e+01
-1.288145862943628117e+01
-4.256269362484175645e+00
-1.575138754142657405e+01
-3.622485306926590454e+01
-4.689589034680612656e+01
-4.095983112303891005e+00
4.135621233051698198e+01
1.988577234023689755e+01
-4.367717999193428824e+01
-4.724148561423463377e+01
1.827284160365213950e+01
-1.097742893972164779e+01
-4.378642388741080538e+01
-9.536283325234641950e+00
-4.436747990577271139e+01
7.017012416730551649e+00
-2.907787708778712954e+01
-4.202079961071589764e+00
-3.140516878152777736e+01
-1.485682914579699343e+01
2.822996745441154332e+01
1.686964709953619490e+01
-2.407000017167854011e+01
2.869585447281188806e+01
