-2.701557178554257277e+01
-1.494134688551592660e+01
-3.328346326662775567e+01
-1.054726761623112452e+01
3.097747363310146795e+01
3.233883685841347244e+01
-1.903640033125351039e+01
4.016920030082535220e+01
-3.266349008254567821e+01
3.201762333489467949e+01
-1.205259043087703930e+01
7.823114367791895063e+00
3.220828818254337023e+01
-1.795950150554861580e+01
7.816566895828799488e+00
2.760634213312876284e+01
-2.029043748164173167e+01
-4.467920055204513119e+01
-1.540547535154100345e+01
-3.307547445710153511e+01
-2.441873297716037428e+01
-9.463655469592438862e+00
1.405518537401705714e+01
-7.189949206781012236e+00
-9.839370320884981425e-01
-2.194737200335423921e+01
2.834372306617267157e+01
-2.279028050227168478e+00
-3.028209979962149134e+00
-1.927270371152828332e+01
1.887677558611706274e+01
2.583847424596220321e+01
-2.664653704377073495e-01
-4.981571571399074827e+01
-2.409638900782862692e+01
3.978070934635729827e+01
2.276004589294281288e+01
2.094774900297670683e+01
4.415842381803130934e+01
-7.900213519626380076e+00
-2.531609061652768133e+01
2.370951498141039337e+00
3.394445143285051358e+01
-3.228487213341935558e+00
4.748923738898108127e+01
2.032453104125042387e+01
1.060508374738774506e+01
3.273898314489973416e+01
4.550244305791466104e+01
3.700077336670271677e+01
-3.355195165082448483e+01
-3.125745272234543393e+01
4.096776636309350295e+00
-1.386212787689981241e+00
-2.964409569102370767e+01
4.539649514278087850e+01
-3.116158853157457287e+01
-4.503529048744871943e+01
3.045231735054365174e+00
2.242550332612420050e+01
-2.860860091358525281e+01
-4.594412087511327059e+01
-1.697703148532982809e+01
3.499434865440437648e+01
-1.776527588547968151e+01
-1.182810284035130621e+01
4.424686143440467845e+01
2.391002560651462261e+01
4.251857342629899961e+01
4.804551418917891681e+01
-3.004828606480680619e+01
-4.121230839552245584e+01
1.095495381361821785e+01
-4.412989366720335482e+01
4.105439618564452076e+01
3.473225299557178403e+00
1.608972557121769853e+01
-4.834525684393221923e+01
4.130355848745837477e+01
1.035947644972608828e+00
1.117503498464499501e+01
2.639297386197554829e+01
3.457391457407972268e+00
-4.055937349327698627e+01
2.425190798800049663e+01
-3.355195239735853363e+01
-1.969844632445190413e+01
3.731964466927600199e+01
-3.094515779300920144e+00
1.583855070348336724e+01
2.270518791947343473e+01
4.595483331624016898e+01
2.755621781194257380e+00
-3.617691105476332325e+00
-2.288597023929263230e+01
-2.887275742907465315e+01
3.933678772736105600e+01
2.366633261617062445e+01
-3.298339299816667847e+01
1.412934169594331735e+01
