-2.757287676315684877e+01
-1.502069291756942171e+01
-3.326735013554981890e+01
-4.481811210032474690e+01
-1.707978114728490127e+01
2.672567904866701483e+01
2.571656391440568257e+01
1.221571948844685096e+01
-1.113661711348199113e+01
8.449333923733461094e-02
2.440530968474225659e+01
-3.046470653000407225e+01
-8.066299490705146624e+00
6.735014630248737255e+00
1.668416698385238206e+01
-2.058247350764759176e+01
-4.237023138899447616e+01
4.353632170315239414e+00
3.214533336161137811e+01
-2.890395093132660520e+01
2.643268916515622990e+01
-1.767392985679551387e+01
2.074923065186953153e+01
-2.342752474355987502e+01
3.131123578122598872e+01
8.076416522514783480e+00
-1.141642595442384511e+01
3.272481399780220102e+01
-3.495491475149192695e+01
-3.330077720845478950e+01
-4.950385338730863616e+00
4.263370734994452249e+01
1.887991319125067236e+01
4.647662686839906243e+00
1.170560784008977961e+01
3.517712289514098245e+01
2.469246587105542545e+01
2.564447086301687762e+01
3.537982956457451422e+01
-3.511467576098009857e+01
2.947859483932421654e+01
-1.844710294309003462e+00
2.929883444825249228e+01
2.200924663805925263e+01
2.844320116128525200e+00
1.616235819956916586e+01
-4.469936797067640910e+00
4.068550013509003804e+01
1.271220824400867500e+01
-4.841262701310979821e+01
2.173350181975276030e+01
4.902479441684577210e+01
-4.179922727779686653e+01
-2.578995617566647169e+01
2.748405615695725146e+01
3.141063952898169731e+01
3.874068844235068099e+01
-4.526622172317348713e+01
-1.739731704005398782e+01
-2.168797234100951954e+01
3.851255955684320043e+01
8.842744662123704913e+00
2.024035164070931359e+01
-4.108994656363991282e+01
4.981051758219186354e+01
2.526103598300865727e+01
4.087356696215376672e+01
4.408003450374943810e+01
-4.531129542613238215e+01
-1.254406808870195533e+01
1.380189376616324459e+01
-2.554568515549616503e+00
-4.083208712841119592e+01
-3.023862285194663269e+00
2.591218300064477376e+01
-2.963453337780048003e+01
-2.035960642490193351e+01
-1.031487253096159762e+01
4.528362523081396063e+01
-9.829977903213332979e+00
-1.110130176788077172e+01
-1.822624795126902342e+01
-4.878047577910582078e+01
-3.229834265690806205e+01
4.907499798421942927e+01
-9.455203565694723977e+00
-1.701608852765870239e+01
4.845495536447021578e+01
-4.402288962064451994e+01
-7.467155618715863419e+00
1.332809627749794501e+01
4.698565762834450510e+01
2.383487297724702358e+01
2.721413000365142310e+01
2.678449359230132387e+01
1.467188691001127587e+01
4.073760569858833058e+00
-3.095912515943276766e+00
-2.121633801258930774e+01
4.980471851283793683e+01
