-2.842304128660654072e+01
-1.597928343040488741e+01
-3.424199301936470619e+01
-4.579535548351221763e+01
-1.805683472063416062e+01
2.574842201545428111e+01
2.473914855694752291e+01
1.123728260205267127e+01
-1.211335048533708836e+01
-8.931181416877265189e-01
2.342438577870798611e+01
-3.144451668929085741e+01
-9.052774545060559674e+00
5.745301936242143803e+00
1.569437706183517633e+01
-2.157226503779873994e+01
-4.336002295731091749e+01
3.363840604504499954e+00
3.115554179664924206e+01
-2.989374248340690343e+01
2.544289764906785223e+01
-1.866372129290908077e+01
1.975943937621913093e+01
-2.441731559145401320e+01
3.032144613211388062e+01
7.086629049398450952e+00
-1.240620828022785993e+01
3.173504150220631459e+01
-3.594449580836928959e+01
-3.429030372687723371e+01
-5.939981865233285419e+00
4.164411179368526916e+01
1.789038717081285057e+01
3.658181933590588741e+00
1.071619647114988894e+01
3.418781009219637212e+01
2.370326208009952751e+01
2.465530005775180911e+01
3.439085553658480165e+01
-3.610353815984603898e+01
2.848974452303938421e+01
-2.833520119138405402e+00
2.831006511365859879e+01
2.102053160961546396e+01
1.855671554072269247e+00
1.517378698540669113e+01
-5.458513309890222764e+00
3.969690907978976213e+01
1.172376077856569054e+01
-4.940086563935818731e+01
2.074530462588674951e+01
4.803658466386076498e+01
-4.278734272988924658e+01
-2.677800726951958765e+01
2.649597028308211222e+01
3.042258369066037815e+01
3.775287293943517142e+01
-4.625373222863411371e+01
-1.838435306206300979e+01
-2.267388310908235738e+01
3.752926083911336264e+01
7.865744575082522339e+00
1.927833122484131678e+01
-4.201540243092933480e+01
4.897328315076887861e+01
2.462301938029274595e+01
4.059039338443487566e+01
4.403387695139790026e+01
-4.530859138983064582e+01
-1.254000771746843412e+01
1.380616166321629912e+01
-2.550216856994504511e+00
-4.082767632159414717e+01
-3.019673771560065223e+00
2.591638920729793227e+01
-2.963023866814502227e+01
-2.035540097957521155e+01
-1.031480366085540368e+01
4.528362663835245172e+01
-9.829977871021680969e+00
-1.110130177002661256e+01
-1.822624796330656238e+01
-4.878047577515030753e+01
-3.229834264482630601e+01
4.907499812334091160e+01
-9.455197270256689990e+00
-1.701578354422078476e+01
4.846931103083400671e+01
-4.400991222267511915e+01
-7.449282616744693719e+00
1.340564589912439608e+01
4.744500670795368080e+01
2.451726004927611058e+01
2.797156731167644494e+01
2.749391210449071110e+01
1.521687657864120524e+01
4.365319627427557414e+00
-3.006305721236429473e+00
-2.119512010023082027e+01
4.982014754223707342e+01
