-2.757287676205632110e+01
-1.502069291772125936e+01
-3.326735013553817311e+01
-4.481811210038763704e+01
-1.707978114699559313e+01
2.672567904820471441e+01
2.571656391510742523e+01
1.221571948907784666e+01
-1.113661711272665400e+01
8.449333877442806451e-02
2.440530968570769943e+01
-3.046470652927507317e+01
-8.066299489497787079e+00
6.735014631128786178e+00
1.668416698497470918e+01
-2.058247350648569096e+01
-4.237023138884589457e+01
4.353632174278576628e+00
3.214533337242233557e+01
-2.890395091063421162e+01
2.643268921801578131e+01
-1.767392971829897164e+01
2.074923094991316574e+01
-2.342752402164116177e+01
3.131123770192738220e+01
8.076420612524808362e+00
-1.141641670423222443e+01
3.272483308022124504e+01
-3.495470423418662875e+01
-3.330051214979619800e+01
-4.950190294975959304e+00
4.263390335494358396e+01
1.888017871581696028e+01
4.647973449517517786e+00
1.170598792020092027e+01
3.517760141785276318e+01
2.469305315216452001e+01
2.564509061687277480e+01
3.538064507369282552e+01
-3.511375214218787733e+01
2.947952422416211959e+01
-1.843752738484102816e+00
2.929980795157548101e+01
2.201022466048936366e+01
2.844689960015453600e+00
1.616254375913501562e+01
-4.469528002509898457e+00
4.068554085845315882e+01
1.271242645274008609e+01
-4.841222621063602105e+01
2.173352582295086322e+01
4.902470141726170993e+01
-4.179943788592152032e+01
-2.579018747525516986e+01
2.748382232603318798e+01
3.141063705636105041e+01
3.874071108400517005e+01
-4.526608817776361349e+01
-1.739692667806921733e+01
-2.168724488595038480e+01
3.851436874248142317e+01
8.847011018163293272e+00
2.025020486362759797e+01
-4.106698906535271476e+01
4.986433524129959949e+01
2.537490706383108119e+01
4.104329655861002379e+01
4.414560002205060130e+01
-4.530489978448563448e+01
-1.254467129211852061e+01
1.380186548435593963e+01
-2.554932893671391980e+00
-4.083219169364231504e+01
-3.024366946521307664e+00
2.591217282518553588e+01
-2.963490395966510604e+01
-2.035990629273646846e+01
-1.031905937032393616e+01
4.527908979563189007e+01
-9.830049144995509636e+00
-1.110130321810078335e+01
-1.822624798822511494e+01
-4.878047577615174646e+01
-3.229834265832228368e+01
4.907499798458859885e+01
-9.455203567073779070e+00
-1.701608852713243891e+01
4.845495536762357602e+01
-4.402288962061912514e+01
-7.467155618674917505e+00
1.332809627868815028e+01
4.698565762487874053e+01
2.383487297611750932e+01
2.721413000288180228e+01
2.678449359112051553e+01
1.467188690821309294e+01
4.073760571696735333e+00
-3.095912516843382090e+00
-2.121633801418282417e+01
4.980471851422151985e+01
