3.562023271268499514e+01
4.147144243633069038e+01
-3.754048483617449961e+01
4.408457145708727154e+01
8.019593028231760456e+00
-3.657070492103879644e+01
-2.071716048003206012e+01
-7.177061704358812300e+00
4.701704510835088513e+01
4.813126004281730985e+01
-3.856868079610406141e+01
5.112450460403501751e+01
4.514252272610826822e+01
-9.335039131806523116e+00
2.947877827112080951e+01
-4.634686807304952794e+01
-6.031968244206202812e+00
4.475076835835826472e+01
3.182311297987589782e+01
4.736529204380536839e+01
1.782872867324528343e+01
-4.674024229930304841e+01
2.878982500950541734e+01
4.785454166525198616e+01
2.050052672666701170e+01
2.639091343574773774e+01
2.619573091916569396e+01
-1.205946147367195742e+01
1.963658762166183891e+01
-3.177862928950765209e+01
1.974393606865821837e+01
-4.363193882435854221e+01
-2.191359969972157984e+01
-4.237138105773740904e+01
-3.618999333331544932e+01
3.547477096436551136e+01
1.982890267104606252e+01
-2.684701060018926455e+01
4.319484544010055060e+01
-4.517270794540600320e+01
-1.377753389361867065e+01
-1.409158524951366331e+01
2.847521260665334708e+01
3.383503486284836725e+01
-2.747995273438000652e+01
-8.411617158098776414e+00
-4.277803751088095296e+00
1.760035970297180086e+01
1.671442309382164382e+01
2.827073896469548586e+01
-1.817244296349857891e+01
1.602661974447434901e+01
1.811353166125867276e+01
-4.428565915339702030e+01
-3.640057417752845481e+01
2.261054706631350442e+00
4.469004681778289978e+01
-1.224211291204717611e+01
9.771804104607101138e+00
-2.858370841021601905e+01
2.307573858361922348e+01
-2.228290655947649057e+01
4.644606671758563010e+00
2.253172548320190671e+01
4.343649592043796304e+01
4.775052297772573695e+01
2.806338782011366995e+00
-3.486298980556423288e+01
-3.327057924754654294e+01
-2.266174431175575066e+01
3.790214596480441145e+01
-2.025404510080256770e+01
3.578533128495242721e+01
-3.075890586309056474e+01
3.080630938007325881e+01
-1.639112783270349283e+01
-3.108486257535774300e+01
-2.347992417860822911e+01
1.293804954225724124e+01
-9.985620520096418318e+00
-1.970941810093719937e+01
3.728417917017445404e+01
7.928568642380339426e+00
6.581286797786694898e+00
3.834607279457072337e+01
-2.861410134766065383e+01
1.569267694449353812e+01
2.225173658849257308e+01
-1.093265640783246262e+01
1.012566772078176314e+01
-4.432525326772014296e+01
-4.190986792846730680e+01
1.391653617947001820e-01
1.766604868749472246e+01
4.429454386819029565e+01
-4.152947355576830546e+01
1.100942980662553872e+01
-9.974609148092596911e-01
-6.402410320300322155e+01
-4.865792482059345758e+01
