3.096808024540666437e+01
4.116948646684096502e+01
-4.032650890007689526e+01
4.525856422902363363e+01
1.136165015543729950e+01
-3.696182028138230891e+01
-1.855638644442954899e+01
2.700978103967297983e+00
4.583651038656942234e+01
4.186414678195629335e+01
-3.054945474880588208e+01
4.992582929685186599e+01
3.960574779079843921e+01
-1.505515407254808480e+00
3.232554310023044764e+01
-3.255914759894762511e+01
-6.234377707773087529e+00
4.359646803285705374e+01
2.831453622503784828e+01
4.436895395352284766e+01
1.864472316844083366e+01
-4.223699148936179171e+01
2.925369802736605962e+01
4.738058119786298761e+01
1.714169652468549998e+01
2.311129635249100645e+01
2.518896704913151297e+01
-6.638910735877494140e+00
1.318285052472547214e+01
-2.918515895061897680e+01
1.792470896521143686e+01
-4.500557747667253494e+01
-2.127672832468044817e+01
-4.750065574834265192e+01
-4.210690273128044936e+01
2.455020017414990008e+01
2.176702154899295394e+01
-1.606050902712977546e+01
4.279935902150329952e+01
-4.310290559065394689e+01
-8.333463974716746492e+00
-1.278574806296485811e+01
2.966703477655267207e+01
3.013883594223349149e+01
-3.576468622835016475e+01
-2.305553413830504494e-01
-2.390427103715022650e+00
1.538483690148513894e+01
2.141541153162206612e+01
2.536070812247563566e+01
-1.869866624772341268e+01
1.691732439892019713e+01
1.319452906423232719e+01
-3.372956732850772710e+01
-4.127660983589810684e+01
-3.598072794422128240e+00
4.687886246270955581e+01
-1.510122319973929095e+01
8.863952515201953375e+00
-3.275477465230127194e+01
2.857101486470116214e+01
-2.803240100766331722e+01
3.844020211890938121e+00
2.241412454291384293e+01
3.989777164860554137e+01
4.305838261989880067e+01
2.639347865008514038e+00
-3.477131351373413537e+01
-3.382637425738904824e+01
-2.328928546977125080e+01
3.304649248508030723e+01
-2.213578155408693249e+01
3.047092415383186292e+01
-2.507077693899005411e+01
4.159542623245492621e+01
-2.223939264597505172e+01
-2.619721711942278830e+01
-2.194199317221674050e+01
1.274970205181163685e+01
-2.350223224024639457e+00
-1.144313537411994020e+01
2.869453480145140389e+01
4.995874482352665957e+00
1.550307613341963542e-01
4.250104165585004523e+01
-2.077292592268741345e+01
2.152791999344573526e+01
2.857338610102926779e+01
-2.978540010788287873e+01
-1.547606146018023665e+01
-4.536145921818205551e+01
-4.091952357516448302e+01
3.747171815451372012e+00
2.001703458170116079e+01
4.124631820541249283e+01
-5.031810591802989308e+01
4.767913557665698576e+00
-4.008127775405074544e+01
-4.595976892462226004e+01
-2.589198009520787380e+01
