2.966550465004555548e+01
4.170484957956026051e+01
-3.845704835858503401e+01
3.764623852338475274e+01
1.615087847794951159e+01
-3.718494926754188867e+01
-1.920082712127250701e+01
8.099551385673972703e+00
4.596222516026150373e+01
4.275792957813768425e+01
-3.446279504957496442e+01
4.865194725021320465e+01
4.872136983618817396e+01
-3.926243704342875951e+00
3.065018164067145179e+01
-3.318320361815897002e+01
-5.326764323610740703e+00
4.382970740876110227e+01
3.089916413968516551e+01
4.065045545257653714e+01
1.850866063576321352e+01
-4.723936419230331296e+01
3.599304428896370212e+01
4.605846333709552454e+01
1.836968697825509267e+01
2.795227460564118260e+01
2.332273026746843314e+01
-1.424120873312174318e+01
1.664510690061780096e+01
-3.505546170758637459e+01
2.129294149124975277e+01
-5.106132206314926236e+01
-2.348602027908217593e+01
-4.547752036994916125e+01
-3.822220519348010015e+01
3.183866791592291534e+01
1.822857764179838469e+01
-2.263254120435806271e+01
4.557600818698382028e+01
-4.457120591272860111e+01
-1.015390904078893364e+01
-8.119807346986378960e+00
2.979318129068312260e+01
3.032386432685337141e+01
-3.250663796656654370e+01
-3.039445868201351431e-02
-1.260238580236006278e+01
1.671125291650131572e+01
2.404206441839300368e+01
1.993523452218802205e+01
-2.009456215371779564e+01
2.048512739081451883e+01
1.936850126911159009e+01
-3.692499293465454002e+01
-3.440028769348519688e+01
7.297039850276818562e-01
4.151700688714277021e+01
-1.587143418426763830e+01
8.969180042545865206e+00
-2.915909138181290317e+01
2.831968828210768407e+01
-2.101753629077938967e+01
1.495858748944829841e+00
1.544103840839751207e+01
4.239064350644369483e+01
4.700268857678366174e+01
-3.105754916739942750e+00
-3.433863361050894270e+01
-3.761884455074847722e+01
-2.292678635987860147e+01
3.174861434412077443e+01
-2.373434625811823651e+01
3.076846273596339998e+01
-2.552926652227137794e+01
4.129516222199026743e+01
-1.366150058738270978e+01
-3.247925370743373463e+01
-2.292428164023339576e+01
1.040641758907823089e+01
-1.338282411787349968e+00
-1.106856004936033422e+01
3.170592768434631381e+01
1.018308555354983724e+01
-1.958648609941715968e+00
3.912151879141711674e+01
-2.363277331047834551e+01
2.632177757981132515e+01
2.909651976137429230e+01
-2.062158702692520507e+01
9.277085797769455411e+00
-4.460483498453772455e+01
-4.802298960712162312e+01
3.304492493233172734e+00
1.606576617852594069e+01
3.078221588132522157e+01
-6.080689640462787082e+01
7.805346905359179743e+00
-3.058091013336547093e+00
-5.560268997952701397e+01
-5.201520862690002645e+01
