-4.678607479876301767e+01
-4.218003253806475783e+01
-4.873704911622517244e+01
4.228764649801056663e+01
4.313051579154213755e+01
-4.678081938923835281e+01
-4.095486991281634204e+01
3.963141243885017673e+01
-4.723666474935317439e+01
-4.323633109143851527e+01
4.596029440389602883e+01
-3.933878977912241481e+01
-4.672452008500017229e+01
-4.253445904655598042e+01
-4.141503841203866898e+01
-3.860668123950568997e+01
-4.977582674820653352e+01
-4.344161363978660972e+01
-4.844422409680397834e+01
-4.849138557586675091e+01
4.633723786805004607e+01
-3.920524018690444734e+01
4.605496387548985382e+01
-4.492764107345479374e+01
-4.234932727766117466e+01
-3.836276342413887619e+01
-3.997763235727283870e+01
-4.465398673523005613e+01
-4.348809502363008050e+01
-4.291595842252561255e+01
-4.589543220647093591e+01
-4.854302868869228860e+01
-4.351328042372018245e+01
-4.482871351025688256e+01
-4.206904506380922726e+01
-4.104683978977539738e+01
4.371927749436210320e+01
4.526730301557336844e+01
-4.662360476764589379e+01
-4.652238965911336521e+01
-4.299943196789410393e+01
-4.784522952673577834e+01
4.671895137199140180e+01
-3.991009072348574449e+01
-3.987255833141369976e+01
-3.789275085822593780e+01
4.495420713267845514e+01
-4.909159984652156794e+01
-4.429212332793136397e+01
4.233742397872802599e+01
