-4.666416251725796371e+01
-4.210539084307102797e+01
-4.863544359128511729e+01
4.221112217175870285e+01
4.302789394628764796e+01
-4.669071319134668840e+01
-4.086465755425060564e+01
3.967892028602012289e+01
-4.726066003833754792e+01
-4.322457032313728575e+01
4.600376209622488233e+01
-3.936035298594323706e+01
-4.675578287841297254e+01
-4.259258238138754393e+01
4.370856350847058991e+01
4.654729576877157626e+01
-4.981877469951022874e+01
-4.349857363461516968e+01
-4.844055209446303678e+01
-4.850535595704203473e+01
-3.884921198405682219e+01
-3.922412269750324754e+01
-3.909996929724690062e+01
-4.495439018770310469e+01
-4.237273502845722817e+01
-3.839604996018559291e+01
-4.000268647094230090e+01
-4.470733924857431418e+01
-4.337208382781417981e+01
4.208298278641278500e+01
3.910527796308907966e+01
-4.838816052439681670e+01
-4.339482243272022544e+01
-4.469014269070324019e+01
-4.198985024333121885e+01
-4.089519190654360159e+01
-4.126244939068595841e+01
-3.970740357141188781e+01
-4.649450501544230008e+01
-4.645428315386031670e+01
-4.289499527012973346e+01
-4.778762650821887803e+01
4.661829229738548719e+01
-3.980338118324414864e+01
-3.978088961358785980e+01
-4.999999999999999289e+01
4.486028741002770914e+01
-4.900115277925806367e+01
-4.421728189254882579e+01
-4.261933915993326139e+01
