-4.666350480768551989e+01
-4.210331218667329978e+01
-4.863488684128658690e+01
-4.266009580379210320e+01
-4.184340604408613729e+01
-4.668658998479740063e+01
-4.086307355650497186e+01
3.954856860614964376e+01
-4.713174173025407754e+01
-4.310729259620524090e+01
4.588074525874857557e+01
-3.935742919340193424e+01
-4.674873039351236059e+01
-4.258792755926859286e+01
-4.144540043582640010e+01
-3.861930153426261825e+01
-4.980247590196468366e+01
-4.348850369625949952e+01
-4.843778194502520762e+01
-4.849892547062766823e+01
-3.883694769381670397e+01
-3.921884514810240319e+01
4.606587104351374506e+01
4.021186400306845599e+01
-4.237851679826825801e+01
4.676768831993312858e+01
-3.999581383848527594e+01
-4.468579194957546008e+01
-4.349373617324294372e+01
4.219738284038582776e+01
-4.594223327304970894e+01
-4.852434710479216307e+01
-4.350812998175634760e+01
-4.470039922226132489e+01
-4.199121902995483424e+01
4.397529948482396378e+01
4.360872788224531860e+01
-3.970740348360914140e+01
-4.649450510000797010e+01
-4.645428322021743384e+01
-4.289499520850252168e+01
-4.778762659798713486e+01
4.661829241909894250e+01
-3.980338104433204194e+01
-3.978088963492555052e+01
-3.775597228247300308e+01
-4.001088997854321860e+01
-4.900115290455179462e+01
-4.421648029141039871e+01
4.225236251683758582e+01
