-4.672714360665989375e+01
-4.215709412177557880e+01
-4.869318104996456498e+01
-4.274919655364909232e+01
-4.192616945756496705e+01
-4.673582496517171592e+01
-4.093006514231039716e+01
3.960958856105202841e+01
-4.718972561650243591e+01
-4.316568040933857020e+01
4.594752724664419219e+01
-3.925047996502254932e+01
-4.668326404508977845e+01
-4.252990925371442898e+01
4.364601861372608482e+01
-3.852398826745313443e+01
-4.973029107730308596e+01
-4.340890402440142992e+01
-4.833671738217164915e+01
-4.843310394275965791e+01
-3.874840713974095507e+01
-3.914133211472510965e+01
4.600800111536495507e+01
-4.483820264242739739e+01
-4.226826505608386952e+01
-3.832463445651224276e+01
-3.993263651066563824e+01
-4.462959695655766978e+01
-4.342999262808842786e+01
-4.286250601193891896e+01
-4.583164070338102647e+01
-4.843094727600249172e+01
-4.345806887717230182e+01
4.023497057329268500e+01
-4.203187477291697860e+01
-4.096204020406450752e+01
4.366054452871120617e+01
4.519908636259785339e+01
-4.655734266573976754e+01
-4.650201422837027110e+01
-4.295274577355920087e+01
-4.784077778258124880e+01
-3.833026941749228911e+01
-3.985200741915088685e+01
-3.983102864419023348e+01
4.716735284913666959e+01
4.489423048585413056e+01
-4.905474501420435018e+01
-4.427145045180731842e+01
4.229597599692466048e+01
