-4.678086595252294444e+01
-4.221017098431021708e+01
-4.876109103685238466e+01
4.236239851534754308e+01
4.312596092837372908e+01
-4.678953296356020530e+01
-4.096020859730471386e+01
3.965392588361153514e+01
-4.719220766005646084e+01
-4.321850826343838747e+01
4.602686216541977871e+01
-3.932337907531258026e+01
-4.673340546807879292e+01
-4.255862500867313258e+01
4.370739148926436002e+01
-3.856786512744504591e+01
-4.977206226253552046e+01
-4.346599458235304070e+01
-4.839881513598122353e+01
-4.848690546163283699e+01
-3.882242589981795078e+01
-3.921554764864745835e+01
4.605674328403866014e+01
-4.493070257746035168e+01
-4.232569046953561553e+01
4.675017032599504319e+01
-3.999630934955430916e+01
-4.467453042955722964e+01
-4.346398777868037655e+01
-4.292036052575934235e+01
-4.590354023763939040e+01
-4.852390374446230936e+01
-4.343893704438586667e+01
4.028521306498348054e+01
-4.208895240315103337e+01
4.410661456752510645e+01
4.371575158600185773e+01
-3.988543411632029745e+01
-4.662671087935505909e+01
-4.652904872452826623e+01
-4.299337044829326260e+01
-4.794356631842140359e+01
-3.837103065325135276e+01
-3.992544713481559171e+01
-3.982292751925066199e+01
-4.999948388151005219e+01
-4.016446310692100496e+01
-4.904612666975740609e+01
-4.425799992689201190e+01
4.238404420524175009e+01
