-1.343233523260067701e+08
-9.399718707764792442e+07
-1.071681856088109463e+08
-4.847316654024738073e+07
-1.715362941417628527e+08
-1.294447107843414098e+08
-1.008426244458145499e+08
-7.160608286650541425e+07
-1.189142519566714019e+08
-7.984896646966454387e+07
-1.188003527411928177e+08
-8.752154476781499386e+07
-8.256943824788901210e+07
-7.684206012015083432e+07
-9.823879986255976558e+07
-1.040767969557765424e+08
-4.120928966302064061e+07
-1.212969257244844139e+08
-1.091051793386720121e+08
-2.441379573757014051e+07
-1.587407140793989003e+08
-7.859457717929325998e+07
-8.330250849715949595e+07
-1.089820028946824521e+08
-8.859373666759580374e+07
