1.424907277776276615e+01
8.296724858888945064e+00
1.514948320928753667e+01
9.556364293864515247e+00
2.213717749208057750e+00
-1.185575488598045624e+00
-2.030811860484718068e+00
-8.428634554068361595e-01
1.461714650634516843e+01
1.635326970881248698e+01
2.720045856563486186e+00
-7.214952111237074028e-01
1.568356535678033836e+01
1.562648546200795785e+01
1.088364834513087054e+01
8.581206844343572726e+00
2.310685364799802244e+00
1.065873541675459180e+01
6.182357971316467804e+00
3.460580679962713901e+00
2.024921849844833233e+01
6.043964111690335983e+00
8.431654803045205426e+00
1.588940124448299152e+01
8.557836509148476267e+00
1.318832327591750797e+01
1.732800883733586428e+00
1.936412592704159863e+01
9.938187319662754149e+00
1.703692284380558419e+01
9.018141333750659072e+00
6.988833675977184967e+00
2.026863418807960926e+01
2.285546964862450281e+01
1.049303832188693164e+01
1.748825166406670206e+01
1.867880769456324330e+01
1.749184620471434570e+01
5.646022504014156063e+00
1.253563453299378772e+01
1.860637578091032651e+01
1.187473370115631077e+01
4.951870727591640708e+00
2.124434920677274619e+01
5.854441566721446222e+00
1.324425048045861963e+01
1.777037471542060842e+01
9.277968202413845233e+00
1.209759033662605887e+01
8.296756249986623644e+00
3.654762232721700421e+00
9.970175881094810677e+00
6.450592637673224772e-01
1.095488690808177878e+01
5.447522722257227556e+00
1.599094940112883734e+01
2.172148642080087555e+01
1.135521703682085359e+01
1.906266210710326803e+01
1.250375943992558803e+01
4.747361873345854022e+00
2.377334694471651133e+00
1.455494785876010866e+01
2.033893222353126262e+01
1.349094034040317425e+01
4.484845693113641119e+00
2.239987822690556385e+01
3.845513367505567714e+00
1.844322524019618115e+01
1.468925236261550538e+01
1.454123151139424763e+01
1.721056379121727886e+01
1.905587860143034362e+01
1.415963252272374895e+01
1.755008321702815266e+01
1.315526426845392294e+01
5.803903765048790575e+00
1.219082790482812939e+01
1.014944865010506803e+01
-4.371376163517477487e+00
-1.363555193628208428e+00
-3.632753460559801528e+00
1.499680726684416321e+00
9.599674237933953691e+00
8.425113171805811874e+00
5.869778038003108378e+00
-8.736817705924028843e+00
3.532700160373595466e+00
-8.161702733172067070e+00
-2.280596213782937198e+00
-7.913890076250499561e+00
-1.332723966198809151e+01
3.535976153758690899e-01
-4.628046218417392943e+00
-2.040743063324756079e+00
-1.445124069478961815e+01
-1.007276361094568173e+01
-8.581491251352703742e+00
-1.188724882936274696e+01
8.115907627540114078e+00
