1.478967884274397981e+01
1.094125951294843624e+01
1.670474361325378254e+01
1.211629588473115682e+01
4.304158003653941300e+00
3.486407038534591774e+00
1.451473707368000188e+00
3.220315916215094276e+00
2.041719396775668827e+01
1.804441958204400720e+01
5.249736869636793202e+00
3.678004068393097459e+00
1.556034109665854359e+01
1.553500762308173222e+01
1.025344345700139215e+01
6.256033667162387957e+00
4.463546336756600397e+00
1.094806940087979896e+01
3.719369992533525071e+00
-2.397680524695129378e+00
1.048042881530611581e+01
-3.799773037503895168e+00
-1.212049403299540362e+00
2.569482493509108956e+00
-4.924679959066983415e+00
-4.359053566512169908e+00
-1.896754520901423646e+01
-4.604723501064249547e+00
-1.495329960744146902e+01
-1.015935898795789072e+01
-1.632198150513080748e+01
-1.990265233677591183e+01
-7.398209588911687007e+00
-4.041307956516552835e+00
-1.638679470345887523e+01
-1.201596772852399830e+01
-8.075455334739563895e+00
-8.316497101586627139e+00
-1.867447377363836836e+01
-9.110035192190411024e+00
-1.886615761705820349e+00
-8.967445145974705767e+00
-1.521184815015069525e+01
1.131514067065971574e+00
-1.281857704582668589e+01
-6.935094244495834559e+00
-4.152272914130145764e+00
-1.175619600272206178e+01
-7.051074749257566054e+00
-7.274545426302456264e+00
-1.270840971642076234e+01
-5.236832544061376993e+00
-1.430551198960822035e+01
-6.599726957016399886e+00
-1.398836537441105321e+01
-2.151739349701727200e+00
4.472127073462004887e+00
-6.317796140943132244e+00
3.096163712312747229e+00
-8.679351202180463076e-02
-7.481546528889833070e+00
-1.171424378074013362e+01
1.129452512881724768e+00
5.364763846611926290e+00
-2.244977775141344001e+00
-1.119463525949239902e+01
5.372004161585009818e+00
-1.272572253436864109e+01
-2.470355815225281360e-01
-6.798565878472739854e+00
-7.778318770115205893e+00
-5.136551399578921817e+00
-1.567647888906024356e+00
-3.288253187224497331e+00
-1.790105708101794590e+00
-3.020818252457915243e-01
-8.605298654201646968e+00
-1.401875237604792934e+00
-1.870436399233383451e+00
-1.851571653033716913e+01
-1.560592225799022437e+01
-1.621590784206653524e+01
-8.798734149850503172e+00
3.362497862737647836e-01
-1.317993769394731451e+00
7.563919103573013558e-01
-1.277018176628891233e+01
1.844302240479063215e-01
-9.278198528181095028e+00
-5.489478596378297937e+00
-9.360056539078014382e+00
-1.772060992221135578e+01
1.414399916919850675e-01
-8.313903657455785634e+00
-4.219924751391663342e+00
-1.796688805436633984e+01
-1.491593074844470834e+01
-1.283316588222740506e+01
-1.857909924968157966e+01
-2.700425372121968426e+00
