-1.459563820122635924e+01
-2.057359614106111678e+01
-1.209555213674916274e+01
-1.824459262069547805e+01
-2.479818320493740202e+01
-2.490829103429675939e+01
-2.261535769143826258e+01
-2.007996799144473243e+01
-1.491651936081395124e-01
3.789249528032980763e-01
-1.145267157547069026e+01
-1.383750791016965920e+01
-2.993299333942293750e+00
-3.509026001779812276e+00
-6.732408711631530984e+00
-4.769485570357223203e+00
-9.371085537097155083e+00
-1.827765813120350025e+00
-3.593950070247048600e+00
-7.654911731792794605e+00
7.881797655719703144e+00
-5.565841015003827330e+00
-1.776548098297541678e+00
3.293024553020385881e+00
-2.446355806331228955e+00
7.282265103515164206e-01
-1.181336959014923771e+01
3.625904473997485056e+00
-8.008085671816996154e+00
-1.094890401849891504e+00
-1.154309411092930304e+01
-1.338064322773076675e+01
-1.788056329466741534e+00
-1.142823434485346290e+00
-1.321394179641552569e+01
-8.093344764285198778e+00
-4.381485088164492225e+00
-5.753499293718743246e+00
-1.765260447545274403e+01
-9.388415015111792883e+00
-3.206957237363754487e+00
-1.029771264978144707e+01
-1.818118996647801922e+01
-1.242803085114029926e+00
-1.277174870768485171e+01
-8.096060974550166378e+00
-5.454104763900203601e+00
-1.604218421316921450e+01
-1.356289288816588900e+01
-1.316500314025935126e+01
-1.588855307261314742e+01
-7.969006145838957167e+00
-1.657158044304400946e+01
-6.448074996134909753e+00
-1.165089040081684502e+01
-1.900478135007497293e+00
1.259650840373526037e+00
-9.952330993915577295e+00
-1.358016589483987513e+00
-4.678617802697415229e+00
-1.021664450271606661e+01
-1.269942587703669368e+01
-8.625799815814392257e-01
3.679234998925072109e+00
-3.460046494874371437e+00
-1.241979136124067651e+01
5.756796792715553224e+00
-1.304186722330100068e+01
7.398689819483306174e-01
-2.703012553108816718e+00
-1.129222963963822490e+00
5.024787460436626496e+00
8.563125568580684188e+00
7.051863360390306035e+00
1.307943857171366275e+01
1.197544430183909725e+01
6.916843008343075638e+00
1.375477703470647839e+01
1.272503772948655332e+01
-2.740104106264467543e+00
1.022872942328265866e+00
-1.599620224555276415e+00
2.563358447036353738e+00
9.538270466386407520e+00
6.427355683961554433e+00
4.581438088154111909e+00
-5.591195292818945006e+00
9.183063169833326711e+00
-1.542048489163996283e-01
5.665974493930473699e+00
3.627054074098661651e+00
-3.358655822248702627e+00
1.484036022296493229e+01
6.688218492251341019e+00
1.249132356863698767e+01
-7.174274320968221375e-02
2.015920935718178875e+00
6.341605137925374613e+00
8.118298455090705579e-01
1.675277655446298297e+01
