-5.503504604018056856e-01
-3.799284319181489789e+00
4.713337441411694861e+00
-8.936106951810278698e-01
-6.690191350436496265e+00
-8.772901655004883281e+00
-1.137166124291668368e+01
-1.276520775247915651e+01
2.755664221340839770e+00
1.407005984025503587e+00
-1.402102760811048654e+01
-1.750767968148005949e+01
-6.144505687801258276e+00
-6.078452326576726072e+00
-1.056746964610413642e+01
-1.112489839091752053e+01
-1.550339245384294884e+01
-7.193061913495934157e+00
-1.194586845551603460e+01
-1.740291168914982478e+01
-1.279009626253088783e+00
-1.081944504920807226e+01
-9.663869631105967528e+00
-4.426437110795021113e+00
-1.144882603475990379e+01
-6.515308334115228917e+00
-2.019225051506411717e+01
-4.121254128302579645e+00
-1.544259192360006949e+01
-8.518138307923027952e+00
-1.632430810424677503e+01
-1.942377689779418404e+01
-6.558198528783238501e+00
-5.599625753059396693e+00
-1.870329810235120505e+01
-1.289290020726286201e+01
-9.273030825328248739e+00
-1.090118838475315322e+01
-2.262670898558286936e+01
-1.488523955916557640e+01
-8.412376361150471382e+00
-1.346323492434122393e+01
-2.026387305758522572e+01
-3.625152628048644132e+00
-1.579658920072155759e+01
-8.352342285213742556e+00
-4.075831318135039183e+00
-1.128263713418746583e+01
-8.150804505078905748e+00
-8.963234157277151226e+00
-1.401861035820846624e+01
-6.067700669151641080e+00
-1.572854028045886920e+01
-5.312039479897329386e+00
-1.232100984041620784e+01
4.050001774676253996e-01
7.186258797736710946e+00
-4.645087353497123317e+00
4.200235020237191641e+00
1.493559783196007462e+00
-7.033159227443124273e+00
-1.001378108761975483e+01
1.724975365105941627e+00
8.116458065498047603e+00
-1.124711203465696308e+00
-9.982498117975669771e+00
9.281130540260857487e+00
-9.182515421423605773e+00
4.600351182480400425e+00
-3.345995147767686362e-01
-5.268558802551515097e-01
3.786766363142873626e+00
2.619726772470811316e+00
-1.629322601828901096e+00
3.600228454508688891e+00
1.666331641488637771e+00
-3.520015108914133162e+00
2.547038060561331640e+00
1.283085411642681528e+00
-1.482924943023920505e+01
-1.307255335506327931e+01
-1.587389597516224704e+01
-1.064140930526160744e+01
-3.482835476453176149e+00
-4.983617166898252293e+00
-5.864408618238654114e+00
-1.797947915279820918e+01
-5.879673477275218829e+00
-1.478316231598445718e+01
-8.856913610690762440e+00
-1.121928358869275222e+01
-1.833922716343564474e+01
-1.698397182754906698e+00
-8.368868311108377256e+00
-4.217339800030440955e+00
-1.743299311692772591e+01
-1.522665133495421586e+01
-1.176675352140913589e+01
-1.772084739725248070e+01
-3.045856019488698330e+00
