-2.857363530884268599e+01
-1.602052694694249624e+01
-3.426715323461951357e+01
-4.581680906802465358e+01
-1.807990464994719204e+01
2.572580130021020395e+01
2.471611621501530465e+01
1.121522503435756768e+01
-1.213500377167005340e+01
-9.166474014616066146e-01
2.340650764466795053e+01
-3.146575785967004890e+01
-9.065546628097896686e+00
5.734412182119429602e+00
1.568277462025269031e+01
-2.158104804051525250e+01
-4.336956988424192616e+01
3.353761084581799778e+00
3.114452900800529989e+01
-2.990518147459360065e+01
2.543387418822112522e+01
-1.867462114443632260e+01
1.974989472252986644e+01
-2.442628515949469303e+01
3.030970983002928065e+01
7.077620374002106196e+00
-1.241742203273618550e+01
3.172537155816577581e+01
-3.595323703964921691e+01
-3.430114756130179643e+01
