-3.176319707764159972e+01
-1.330524613136581813e+01
-4.180312410396484779e+01
-4.846429137542293830e+01
-2.257009599595255267e+01
2.658033559768330178e+01
2.491127956393916421e+01
8.824836151259194850e+00
-1.952607102419072405e+01
-8.733031994365383355e+00
2.706600847384254749e+01
-2.791599174143783557e+01
-7.344670200394822324e+00
8.273144067993072781e+00
2.196885687908665830e+01
-2.454904126958418686e+01
-4.804726501650145565e+01
9.903550721917422806e+00
2.849991697420229997e+01
-3.290329435619477039e+01
2.307193054927192577e+01
-1.267735316222628406e+01
1.389763772134999087e+01
-1.946874574342649922e+01
3.702614705530709927e+01
-1.653515190608692009e+00
-1.415301959712504676e+01
3.274560386421799763e+01
-3.295869793588941121e+01
-2.852693815069087435e+01
-8.689933173427299096e+00
4.332671515908877780e+01
1.631950227028726275e+01
-6.426985995212417535e-01
1.017793210329923781e+01
2.850369237314676241e+01
3.057179403236484205e+01
2.384949916361969358e+01
3.698358855642158005e+01
-3.601284576492056999e+01
2.783253524628312903e+01
-1.114579271647306769e+01
2.425081827753218988e+01
2.501088312482718479e+01
-2.255521244217257859e-01
1.468023047032025907e+01
-1.034297834281889550e+01
3.628344151660226657e+01
1.978243573817721312e+01
-4.068157847702082108e+01
2.116549943816361790e+01
5.044356303118905771e+01
-4.787540894232767386e+01
-2.178383115706256135e+01
3.311656730617204403e+01
3.921502957722314875e+01
3.819046698499362691e+01
-4.534535259865154444e+01
-2.570779048640460474e+01
-1.427526117125706762e+01
4.370290506638933437e+01
1.274771188210692685e+01
1.468240000908991227e+01
-4.863683126147267899e+01
5.639532145472858105e+01
2.938695578899231009e+01
4.891761346829248680e+01
4.938650982159521163e+01
-3.850693610218724672e+01
-1.817333155986001358e+01
1.488324220616204485e+01
1.413142051921282505e+00
-3.876023617379339470e+01
2.124673509440304198e+00
2.965854375872263660e+01
-1.895016262252190131e+01
-3.214655087811600964e+01
-9.158318966660829119e+00
4.438691668213628816e+01
-1.447705865495377964e+01
-1.948744721421354598e+01
-1.387654935053893013e+01
-5.668484724189274004e+01
-3.371753503943963892e+01
4.397047688281642053e+01
-3.730731612829290000e+00
-8.806063130243547477e+00
5.401507280596436544e+01
-4.859050590797239977e+01
-1.706833192237195096e+00
2.047002230631531461e+01
5.483108704850196347e+01
1.776596462542002897e+01
2.951368046966040026e+01
2.387283310172974637e+01
1.411181057728830446e+01
-1.086124736583710337e+00
-1.696121330574579034e+00
-2.178850067592615503e+01
4.367133804320931745e+01
