-3.338744961095719788e+01
-1.204022943599343876e+01
-3.548776549512992062e+01
-4.785157476099338680e+01
-1.621323208048817222e+01
2.918305981649065117e+01
2.126530082103260000e+01
1.005233884088401197e+01
-1.184683700714390042e+01
-5.368956708971964531e+00
2.751200227982500124e+01
-3.077758853133715178e+01
-5.969001728022506725e+00
9.741646582542573540e+00
1.983997779424242580e+01
-1.983858940867238374e+01
-3.897547691087223143e+01
4.663892133504901949e+00
3.411082646930726980e+01
-2.960886696233985305e+01
2.395114512719135291e+01
-1.985513166660916795e+01
2.037168728884202906e+01
-2.953789072158887663e+01
3.010693372681323865e+01
1.226791314584049530e+01
-1.028343272708962353e+01
3.480100375834061310e+01
-3.634988721603212980e+01
-3.525830988977181590e+01
-4.886258008326763935e+00
4.190215543385974684e+01
1.300126240754933704e+01
4.298752393872784516e+00
7.857336102644849163e+00
3.894672007014047210e+01
1.961373700692759670e+01
2.788442924145957136e+01
3.452568727384864644e+01
-3.626057705174945056e+01
2.639399755265942105e+01
-9.085870668715537724e-01
2.639502143950018365e+01
1.581266287606270460e+01
-2.377191058082229524e+00
9.892148751776886684e+00
-2.914734297332776336e+00
3.620415479907757117e+01
1.533507908517479024e+01
-5.362774892041867503e+01
1.548226451979245333e+01
4.542889680520605111e+01
-4.602400104782626045e+01
-2.821076687634581504e+01
2.624301311237430667e+01
2.869638931699409312e+01
3.709387770823381203e+01
-4.113385852421649247e+01
-2.180505067619724358e+01
-2.266293333098699847e+01
3.481994587740263825e+01
7.913393508812841759e+00
2.182594128594469396e+01
-4.229701230391214040e+01
5.063541010079255500e+01
2.611762461845027516e+01
3.568770268762819597e+01
4.284834122503296072e+01
-4.302916210245059148e+01
-1.011556442472595130e+01
1.880707021732164819e+01
-2.752599959822195963e+00
-4.157879177758113087e+01
1.180550782148847233e+00
2.483128957042891116e+01
-2.475600223121156418e+01
-1.908873555131799904e+01
-1.246825972320059606e+01
5.077120295090100655e+01
-8.345990382170922928e+00
-7.923867995478304671e+00
-1.413260861398360824e+01
-5.362689156176301708e+01
-3.141740380973599045e+01
4.946366492811643667e+01
-1.155210190293886541e+01
-1.358016707261464617e+01
5.227824148145892735e+01
-4.685054512017752870e+01
-1.206076141908793353e+01
1.175341556664829312e+01
4.558301163807994527e+01
2.689322105988159706e+01
3.154013515597523920e+01
3.015520305348618990e+01
1.872852032473781136e+01
7.415226284838559501e+00
1.919719349757960991e+00
-2.076417877497533482e+01
5.208764222188594317e+01
