-3.156001368304072940e+01
-1.898136650467852959e+01
-3.184314276212263195e+01
-4.533307617853828475e+01
-1.844226322467856605e+01
2.634541626420324434e+01
2.308157752744295266e+01
9.057385652754334160e+00
-9.457614425067490060e+00
3.919839143955006211e-01
1.927328112433486851e+01
-3.318661245113978708e+01
-1.192583675812534416e+01
4.096691271934950862e+00
1.923162969942202594e+01
-2.505980361632502706e+01
-4.251833812003322777e+01
2.756288280514037403e+00
2.834086949411672762e+01
-2.984983967067882560e+01
2.610339557014296119e+01
-2.033607253796181880e+01
2.131343567756524493e+01
-2.716914570718841659e+01
2.939564301830937154e+01
8.734089418957038831e+00
-1.599329594262133547e+01
3.637961930894825713e+01
-3.171729255984433493e+01
-3.821069301502667770e+01
-1.243027108871187503e+00
4.598279162898126060e+01
1.938810799043706723e+01
5.146780239171157234e+00
1.469115415831151239e+01
3.354352966927715585e+01
2.471223496336924796e+01
2.886624732303438279e+01
3.250076021546774285e+01
-3.220017324022619931e+01
3.247113743820384002e+01
-5.800337702518851835e+00
2.671826486532035361e+01
1.915304405066386551e+01
-8.647664188141208630e-01
1.219213216803311184e+01
-7.671117644688351334e+00
3.771378672499911033e+01
1.501937574896298244e+01
-4.503142807239636625e+01
1.969248890087457582e+01
4.549485088063095617e+01
-4.258508540021671251e+01
-2.347006475532676006e+01
2.481995642119807854e+01
3.455885785647735986e+01
4.182658247099377746e+01
-4.642899635176812723e+01
-1.615348810778451849e+01
-2.251616035123103998e+01
3.578141209481342599e+01
4.859738357671115061e+00
2.015241162804771946e+01
-3.840008939073222649e+01
4.794972676620279373e+01
2.439408227711259514e+01
4.386528603923327552e+01
4.785033546376013902e+01
-4.741854996065129058e+01
-9.735176371149890429e+00
9.500345935039433698e+00
-6.230050549083854250e+00
-3.704876731506093535e+01
-3.725210784676467490e+00
2.853591299226837208e+01
-2.740805971999317237e+01
-1.570533298565133329e+01
-1.409293640556460048e+01
4.572807684092524028e+01
-1.354739140132916830e+01
-1.660924818911905376e+01
-2.193480759054817142e+01
-4.696889678615786323e+01
-3.533836408704961940e+01
4.976110512412255815e+01
-7.701565560460410964e+00
-1.667583896156451218e+01
4.724614396895925950e+01
-4.156298000699909778e+01
-9.897972865310801893e+00
9.612475975040814191e+00
4.657995204182955717e+01
1.974930512564835894e+01
2.512022801812050687e+01
2.711225538558823445e+01
1.448745005169022981e+01
3.539747038335573137e+00
2.361263751840643188e-01
-2.551135316158515565e+01
4.817999594006451503e+01
