-2.882466380445299237e+01
-1.578430128855757530e+01
-3.391777112056080767e+01
-4.586623066102769286e+01
-1.763662506209110248e+01
2.590473004975429916e+01
2.432562046019570801e+01
1.105795500172443546e+01
-1.199709001181810031e+01
-5.488412374995073062e-01
2.341665229281979776e+01
-3.110416330287320008e+01
-9.433468004995123835e+00
5.517480356066741365e+00
1.587666094550416851e+01
-2.148683625928272534e+01
-4.319690319775210696e+01
3.183667477442565286e+00
3.144301635072622503e+01
-3.016687800425673771e+01
2.547000599273381383e+01
-1.850210789443126558e+01
1.968280817142208861e+01
-2.458871049291035149e+01
3.048052934249187373e+01
7.126129250036205676e+00
-1.268261034724564595e+01
3.178706946902148189e+01
-3.589511093606523673e+01
-3.389981500725846786e+01
