-2.870230304028491020e+01
-1.560768783635604251e+01
-3.420854445918688214e+01
-4.594681973084625071e+01
-1.796185175123588706e+01
2.597654416289926971e+01
2.498918213665299248e+01
1.103924283359522107e+01
-1.204962514525326611e+01
-9.948938684860190174e-01
2.300380680077315176e+01
-3.150163787690912187e+01
-9.001740323048402104e+00
5.823930472318550322e+00
1.535060083839531053e+01
-2.118414429068167948e+01
-4.330246940101621078e+01
3.288296248634233088e+00
3.094554620698305669e+01
-2.991233166363375418e+01
2.564297184802793339e+01
-1.848946698650090426e+01
1.967948771613467684e+01
-2.475761858671225468e+01
3.038711122894133965e+01
7.245011238306169332e+00
-1.249219737401355346e+01
3.166319743877987847e+01
-3.618261712583345968e+01
-3.418739533686569843e+01
