-2.849852735072682464e+01
-1.621775660140491482e+01
-3.453091979179950499e+01
-4.577727904727794339e+01
-1.871119149065528475e+01
2.586460068246287847e+01
2.477557431893659512e+01
1.105943505731148413e+01
-1.233311046459079208e+01
-1.183134862840560464e+00
2.327240083357636991e+01
-3.155071054715714496e+01
-9.141710240201177839e+00
5.805289387302435600e+00
1.572088271903802514e+01
-2.126340159965590715e+01
-4.319396573542511675e+01
3.010345106589404907e+00
3.109893688778303300e+01
-2.993130072874569336e+01
2.577017209874877679e+01
-1.874390829444571693e+01
1.987402777312273372e+01
-2.414303955027826021e+01
3.037619062486172439e+01
6.792090981661192295e+00
-1.223963989112185047e+01
3.202374626646128064e+01
-3.603460149878316088e+01
-3.452943774883478056e+01
