-2.219183351810012894e+01
-2.199952213351614105e+01
-3.437068615807899619e+01
-4.647795770679334737e+01
-1.438420734011645230e+01
2.708701050256548370e+01
2.069148687662491781e+01
1.054809345611405647e+01
-1.212451506272230972e+01
4.627470350421827305e+00
2.292901860097395428e+01
-2.931897555346186834e+01
-1.617645622651231463e+01
5.395732558292778869e+00
1.951189207460472730e+01
-1.970908494781800968e+01
-4.204196055561873635e+01
-2.904358627209032484e+00
2.364907539096914846e+01
-3.206976709850174245e+01
1.810288212748298520e+01
-2.632529275336721852e+01
2.196155517795277134e+01
-2.246720042433882014e+01
3.616810832764750927e+01
9.910426021350376757e+00
-7.920823060108942215e+00
3.055094064959585509e+01
-4.285630327866930855e+01
-3.254635240029604404e+01
