-2.857287677233987111e+01
-1.602069290957138392e+01
-3.426735012636781619e+01
-4.581811211101779691e+01
-1.807978113386980823e+01
2.572567906866683529e+01
2.471656390467704867e+01
1.121571950639616766e+01
-1.213661711684543043e+01
-9.155066520865358104e-01
2.340530967406320073e+01
-3.146470654453545990e+01
-9.066299467287109337e+00
5.735014597807834846e+00
1.568416699809527870e+01
-2.158247350117047247e+01
-4.337023135855675093e+01
3.353632193137217055e+00
3.114533334868776748e+01
-2.990395088380790867e+01
2.543268919282539642e+01
-1.867392968157533417e+01
1.974923091793005980e+01
-2.442752404914191544e+01
3.031123775083033678e+01
7.076420632980550351e+00
-1.241641673893771980e+01
3.172483308943054681e+01
-3.595470421522998095e+01
-3.430051210642716342e+01
