-2.857287675292952400e+01
-1.602069292133015566e+01
-3.426735013305106747e+01
-4.581811208812547420e+01
-1.807978114468212993e+01
2.572567906655853776e+01
2.471656389588105185e+01
1.121571947010732373e+01
-1.213661713352977145e+01
-9.155066634875688170e-01
2.340530971124859505e+01
-3.146470651403712182e+01
-9.066299455607774505e+00
5.735014626662084503e+00
1.568416698867092762e+01
-2.158247348648469810e+01
-4.337023140931052723e+01
3.353632169663411489e+00
3.114533340621565216e+01
-2.990395094434289192e+01
2.543268920962231761e+01
-1.867392973597675621e+01
1.974923090511562052e+01
-2.442752401515246774e+01
3.031123774434747631e+01
7.076420653396065852e+00
-1.241641668795853448e+01
3.172483307477175529e+01
-3.595470419078199598e+01
-3.430051215838261669e+01
