-4.711717090631474747e+01
-4.375065682684044077e+01
-4.874168362404986965e+01
-2.929135635474937516e+01
3.034976831606482506e+01
-3.374327622573966323e+01
-4.179200678359740095e+01
4.014708834694221196e+01
-4.693468286373392573e+01
-3.046558124735037865e+01
4.475728655421895041e+01
-3.230877347622778473e+01
-4.622563435183024438e+01
-4.270273032819850556e+01
-4.802709065984107895e+01
4.667924157549870046e+01
-4.362181533428827862e+01
-4.427978853042354501e+01
4.939424751259051050e+01
-4.245740290941980533e+01
3.403540209739745137e+01
-2.067102305245573035e+01
4.667402319005200440e+01
1.641881271675045895e+01
-4.302197184213947878e+01
4.593050036182569329e+01
-2.038690012752375580e+01
-4.396992408163292509e+01
-3.653997552296340245e+01
4.285866581186625268e+01
3.900897857317818307e+01
-1.024388692275971735e+01
-3.716556406369430476e+01
2.749683476769042301e+01
-2.967910312631772030e+01
-2.940873193820935327e+01
-4.134787658192343685e+01
4.505000547613025219e+01
-3.470570366546809993e+01
-2.069396346611260640e+01
-3.613062479631480528e+01
-4.847453902852173258e+01
-3.784461288353223551e+01
-2.799925846913984273e+01
4.545162976543832656e+01
-4.413155951197482807e+01
7.378137736838496608e+00
-3.605496604626829793e+01
4.179606175786913980e+01
2.992392196467653775e+01
