-2.888264365452664606e+01
-1.941003858327875520e+01
-2.233396212868591491e+01
-3.170280425658101819e+01
1.231292855214885762e+01
2.076423240902052214e+01
3.088419408144112310e+01
2.946139056501509401e+01
6.380315429353181855e+00
-2.930656050273581670e+01
4.552172594717464449e+01
-8.708342768683664303e+00
3.117864499558606894e-01
1.861648735123286968e+01
-5.460802658529757991e+00
3.399813757019710891e+01
-1.237258257743488699e+01
9.238888212398077115e+00
-1.879636973956344548e-01
1.298418857823772754e+01
1.270642842005685580e+01
3.182634780800085750e+01
1.827268621939929005e+00
-3.617408617834156814e+01
3.783996130950630743e+01
4.198318146257940953e+01
-1.590168483309207126e+01
-2.284895738952544164e+00
-4.578712617409349406e+01
-2.694991250084931522e+01
9.785971009361320583e-01
-7.697479348709073577e+00
-2.474429823369207782e+01
-2.876512535251541181e+01
4.859990305737736094e+01
2.748196630263396401e+01
1.641288863597377201e+01
1.193392887165929750e+01
-1.688574488705661025e+01
3.101755249589876229e+01
1.863206083471363073e+01
2.746408233365517759e+00
-4.463725694431595770e+01
2.196324354913990362e+01
-1.317396583615613537e+01
3.352138105866643514e+00
2.769145029389885693e+01
-1.532497303739652139e+01
-4.412819338333584085e+00
-6.805311446592391178e+00
4.586249853055079484e+00
2.261751210914006549e+01
4.261350741441420098e+01
1.907690514081319577e+01
-8.331522856519875120e-01
2.361894031459307541e+00
1.083361100378191111e+00
-9.848058545541519493e+00
-8.497698306090720521e+00
4.967071546746220179e+01
-1.991923831168288572e+01
5.595208808837867309e+00
-1.220114062646919706e+01
-3.029283529120535690e+01
4.173321443498137739e+01
4.446612822982208968e+01
1.945354864673595330e+01
-2.785081191314926485e+01
-1.695710600552842351e+01
5.115772072068857312e+00
-1.940790281552160579e+01
-1.607257818633639346e+01
-4.159128204620041913e+01
-2.142900044772094859e+01
-1.350907183846275217e+01
1.446088086321242372e+01
3.677653984748560845e+01
-4.727640411032737688e+00
4.915224835898911238e+00
-6.794288113650907235e+00
-3.392557419836002452e+01
1.341324116864625182e+01
-4.667342275114268801e+01
8.481788759570541458e+00
2.984260107847647703e+01
-4.384297544725593809e+01
1.054576358139117787e+01
4.921665906578130034e+01
-3.916381331444996761e+01
-1.380592388772588741e+01
-7.172164777645093636e+00
4.656068583357551915e+00
-1.059591149842636071e+01
-4.924011980565635582e+01
2.324884715571931793e+01
-4.060828073551613215e+01
3.140476344992606528e+00
2.740766289111243026e+01
4.141448996311208219e+01
3.559257831607697398e+01
