-1.760008368354971964e+01
1.170732666470591710e+01
4.268228881027840771e+01
1.209698557778480676e+00
-1.361343733048185101e+01
-1.768180986522595077e+01
3.544303989455718806e+01
7.552464960077386991e+00
1.054829571234702001e+01
-3.823259183869339495e+01
-3.212685414376868209e+01
-4.572753798798656533e+01
3.591330378954738478e+01
1.061881455291234744e+01
-3.474540968823739462e+01
-1.396767623887318166e+01
-4.993944576247152156e+01
2.662335233885745822e+01
3.079659777132255272e+01
4.297298249848388707e+01
2.009214073581773619e+01
3.410588315487025568e+01
-2.587316221422050333e+01
-4.007270984402843084e+01
2.390840179344689886e+01
4.007994261297639582e+01
4.782428279543869110e+01
1.978823438310911342e+01
2.131569428212378625e+01
-3.775091865055502183e+01
2.798861593625578337e+01
4.893488779944107137e+00
1.829942229041995461e+01
-8.717345273839498532e-01
-3.092785236233951451e+01
1.768604542976591176e+01
4.264551725426089490e+01
6.401592570543286342e-01
-3.501847287035165834e+01
3.042036626404745903e+01
2.137172835310415309e+01
-2.870736533243967159e+00
-5.840800104750030641e+00
-1.263497614340207775e+01
3.323957431285253961e+01
2.757306200211619540e+01
-4.231316232520152454e+01
-1.035700890575124333e+01
2.231999732497607170e+01
-2.879692402233292725e+01
7.505832024492143262e+00
-2.580992600124112357e+00
3.034743410559612187e+01
-1.408173683657646080e+01
-3.592630738675032376e+01
2.343002891854328595e+01
3.419023442045005368e+01
1.223677803951164123e+01
-2.740051647593190864e+01
2.072410936672710591e+01
-1.238543609674656043e+00
-1.604206140572531680e+01
1.905929622899702025e+00
-2.399471661127847710e+01
2.967743384796909112e+01
-2.483684363651289928e+01
1.786414684918493379e+01
-1.407746804728076917e+01
9.491015991517880224e+00
4.544012039666912983e+01
-2.947813569373394316e+01
-6.804691724439095424e+00
-1.522378012840082562e+01
-4.142294128468378744e+00
-2.357414792724485864e+01
-4.164399876582945836e+01
-2.439613822158065304e+01
4.738813221980163348e+01
-2.455345981119837617e+01
7.709335200808865807e+00
-4.939074447041211613e+01
1.153362848803789120e+01
4.014641252925009951e+01
-2.314210460933188074e+01
-2.708128638164942714e+01
8.961943739435120904e+00
-4.254804365774749186e+01
1.346702373081286908e+01
-4.069584018946649451e+01
-1.551280454963441713e+01
-4.896228716793363844e+01
4.904579303129175116e+01
-9.979252184178946550e+00
2.585792868800911037e+01
1.017557065374950298e+01
2.314255798964624944e+01
-1.727494801828463267e+01
-3.711653653871493930e-01
4.578866461235428176e+01
2.363209707412595151e+01
