1.210229836388293734e+00
-1.869045058120791225e+01
5.973005234239989747e+00
5.360621790898889572e-02
-9.527965916768266652e+01
-4.984225437381174117e+01
-3.723486626314797832e+01
-2.015377776363101958e+01
-8.821071889603095428e+01
3.549943295874012250e+00
-4.342548985025786834e+01
6.223485892581563661e+01
6.633929136372543667e+01
-9.271857226067993452e+01
-8.316581184469809784e+01
1.454788358728056608e+01
2.373711203120029722e+01
-5.451977189708627947e+01
-6.542347275884580426e+01
3.890755720695707964e+00
-6.365868940192615355e+01
-2.930709367188953252e+01
4.284105369605975966e+01
-1.944171551641851181e+01
1.579623128336289994e+01
5.032527252088726755e+01
3.472330311283528204e+00
2.497528438935497164e+01
6.605310210760075051e+01
-2.033915444717705867e+01
