-2.513198973290945304e+01
-1.719149554140712155e+01
-3.541763392271040800e+01
-4.581339056271187360e+01
-2.045043318114701947e+01
1.957775280789878991e+01
2.401884613846088357e+01
6.415367148931877317e+00
-8.385397261013716630e+00
-5.548346065971355046e+00
2.334964376464141367e+01
-2.977153061086856667e+01
-1.282991170791378011e+01
4.580948189025001227e+00
1.345584607901560759e+01
-2.282936624762017530e+01
-3.918274456034216513e+01
8.324333076605121562e+00
3.248496602418316570e+01
-2.959270710745899891e+01
2.410401369232749502e+01
-1.571234143814100293e+01
1.956608446602123053e+01
-2.844281029354470292e+01
3.473195208873092099e+01
5.179155600094632383e+00
-1.503091822923851417e+01
2.855816652284969948e+01
-3.585862075897818357e+01
-4.011495545159662157e+01
-3.200222943271792353e+00
4.193446528945336382e+01
1.691539971189392588e+01
5.038870667195582520e+00
9.266323222051642716e+00
3.905351715276579228e+01
1.967323063770984604e+01
2.542454126794289948e+01
3.507701065481119684e+01
-3.686243641583979525e+01
2.609753386659044594e+01
-2.526335759446975082e+00
2.236620996618531620e+01
2.067756470711985628e+01
5.423661832848050146e+00
1.385028945812425505e+01
-6.380550438428111093e+00
4.166777920676269531e+01
8.162653406397268441e+00
-4.917991322865402992e+01
