-2.857287908854155134e+01
-1.602069229373733350e+01
-3.426735020749350014e+01
-4.581811015425736144e+01
-1.807978183846305953e+01
2.572567721377179595e+01
2.471656344502719449e+01
1.121571943610141275e+01
-1.213661714525620994e+01
-9.155078167967688474e-01
2.340530984298647965e+01
-3.146470769445706850e+01
-9.066299190493085192e+00
5.735016948540021531e+00
1.568416778221084762e+01
-2.158247351522937407e+01
-4.337023077253949310e+01
3.353631565818524507e+00
3.114533256452246590e+01
-2.990395089480788471e+01
2.543268938080498387e+01
-1.867393071795093462e+01
1.974923100630891071e+01
-2.442752375025096612e+01
3.031123729388371402e+01
7.076419385716795851e+00
-1.241641753458167940e+01
3.172483473469264936e+01
-3.595470464062355376e+01
-3.430051263751163049e+01
