-2.857287499295884103e+01
-1.602069097377912144e+01
-3.426734675911513506e+01
-4.581811229336439339e+01
-1.807978054240300381e+01
2.572567807424108111e+01
2.471656422823716781e+01
1.121571928480885738e+01
-1.213661605624195516e+01
-9.155057216074664606e-01
2.340530894241966209e+01
-3.146470815253709574e+01
-9.066298330690495177e+00
5.735015706732474072e+00
1.568416679086179144e+01
-2.158247271532010103e+01
-4.337023458964441858e+01
3.353633708856181173e+00
3.114533320539089090e+01
-2.990395131152131469e+01
2.543268874865339413e+01
-1.867392755040897967e+01
1.974923093816524755e+01
-2.442752681312326857e+01
3.031123807089962341e+01
7.076420094349474610e+00
-1.241641619429809751e+01
3.172483275401093650e+01
-3.595470282531013595e+01
-3.430051159732844468e+01
