-2.857287292059213257e+01
-1.602069235064691455e+01
-3.426734952337287865e+01
-4.581811403230076252e+01
-1.807978078864552529e+01
2.572567814121493157e+01
2.471656786073781831e+01
1.121571752501789554e+01
-1.213661654143692026e+01
-9.155067179995756144e-01
2.340530888475398896e+01
-3.146471013409529860e+01
-9.066300966091226599e+00
5.735018735718650618e+00
1.568416653850612263e+01
-2.158247427566737997e+01
-4.337022865108512804e+01
3.353631574812748095e+00
3.114533460118182262e+01
-2.990395099087173136e+01
2.543269185965980839e+01
-1.867392875263991669e+01
1.974922994647846863e+01
-2.442752299174598463e+01
3.031123417379906471e+01
7.076420624140657978e+00
-1.241641926887899494e+01
3.172483302056557264e+01
-3.595470476089657552e+01
-3.430051023238623031e+01
