-2.857287944950813952e+01
-1.602069473782855624e+01
-3.426735240931149917e+01
-4.581811048754352100e+01
-1.807977959808603075e+01
2.572567961215706234e+01
2.471656284063497822e+01
1.121572057884245943e+01
-1.213661704300007926e+01
-9.155053982293512860e-01
2.340531018790498408e+01
-3.146470395157463429e+01
-9.066300300345165653e+00
5.735015994627305602e+00
1.568416379926994608e+01
-2.158247276687236393e+01
-4.337022979633051989e+01
3.353630117181792603e+00
3.114533596529312121e+01
-2.990395163402949308e+01
2.543268966094625938e+01
-1.867392989394479486e+01
1.974923099067673249e+01
-2.442752379394742945e+01
3.031123568622669850e+01
7.076418561091328385e+00
-1.241641599322566236e+01
3.172483463090532751e+01
-3.595470545415830799e+01
-3.430051181601916710e+01
