-2.857287962980227647e+01
-1.602069773997732938e+01
-3.426734864602866537e+01
-4.581811030226506887e+01
-1.807978063695514237e+01
2.572567849094266279e+01
2.471656375264380046e+01
1.121571647093083257e+01
-1.213661489107994385e+01
-9.155054372701285637e-01
2.340530851088892206e+01
-3.146470702920800377e+01
-9.066299715739200238e+00
5.735015402036948373e+00
1.568416636361976302e+01
-2.158247271348283647e+01
-4.337023394633477125e+01
3.353633961540730013e+00
3.114533317769299359e+01
-2.990395176270896371e+01
2.543268902260266273e+01
-1.867392866364954784e+01
1.974922970043607151e+01
-2.442752331841630209e+01
3.031123714227291899e+01
7.076419165919255683e+00
-1.241641779501227383e+01
3.172483297100162858e+01
-3.595470470502549176e+01
-3.430051300599893693e+01
