9.374280262667367136e-01
3.569677996794247132e+00
-2.665667994877373381e+00
2.239499432028899228e+00
2.962530096341022823e+00
8.142356096130891174e+00
-5.402601197030558744e+00
-2.747649997420102075e+00
4.996495150696951271e+00
5.503236293710743965e+00
2.457183563293547479e+00
-1.455368468197630438e+00
-8.335001151898544514e-01
2.359908716022284025e+00
5.318648880743755747e+00
-4.077640459495317060e+00
-9.260549035798069095e-01
3.114532516266121043e+00
7.803010235622775959e-02
-3.553720457803382082e+00
-1.700209246384692507e+00
9.721398110317055474e-01
8.338165342597647633e-01
6.212204409922447823e+00
-1.945906097750305097e+00
3.267239968760917712e+00
-1.405879488884284489e+00
-3.622067304142188249e+00
-1.342100474445580449e+00
2.882610520834753220e+00
-4.308583950001478868e-01
1.816287379112528244e+00
6.117967618026714405e+00
1.309780290825179216e+00
-5.278057863520778881e+00
1.129115840728356357e+00
-5.635952930795959048e+00
-6.374541840200822485e-01
-1.491624162175294588e+00
1.204183951163857458e+00
-2.971528353230790565e+00
6.122135208739569734e+00
3.663816271382180911e+00
-4.209573704277245199e+00
2.445734459812545669e+00
8.076078231003023689e+00
3.171892295388571537e+00
-2.168884540972931152e+00
3.934781233499512254e+00
-1.754683233872674997e+00
