-1.558337409803856599e-01
4.611917108349048888e+00
3.469811826969795288e-01
1.562256004870788528e+00
3.159181414415940914e+00
4.977393450890041038e+00
-4.497424538752524015e+00
-2.634629035001665009e+00
4.940635477067436554e+00
8.495360200605148293e+00
2.573085956654391993e+00
2.399047307590032041e+00
-4.975969694785446151e+00
2.377389542960874014e+00
3.242818555970208294e+00
-4.927500794488814506e+00
-1.891763305109741555e+00
4.992288525952299771e+00
-2.800289060708450073e+00
-3.827098004115291108e+00
3.114131255888034744e+00
2.941701794419278038e+00
-1.147499117135978075e+00
2.988968626729061828e+00
-2.103821775640653868e+00
3.214172122929630948e+00
-1.311393662433749663e+00
3.468642068561139657e-01
-2.490803857171897562e+00
3.684162034306652345e+00
1.527262909454142337e+00
1.791699679321307137e+00
2.093223608653120849e+00
6.896935215285643350e-03
-3.077922324208609783e+00
-5.562533805773970386e-01
-4.547011971474671732e+00
-5.617105724508990150e+00
2.861574362423819906e-01
2.073840123693061255e+00
-3.730452740585338045e+00
4.221624951225759759e+00
2.757812637542667034e+00
-2.920653201499361362e+00
3.419186790186989011e+00
3.017554908965001115e+00
3.289104745594756185e+00
-3.971698090290842753e-01
6.886303997640136565e+00
-9.546715575379014496e-01
