-4.482314672480167417e+01
2.743984074212919566e+00
-3.722979677389406561e+01
-3.678697742846910756e+01
-2.218334183489101719e+01
1.725471963761115290e+01
2.975837442965794111e+01
2.697368594720773771e+01
-2.277509738701708741e+01
-8.869211092765691973e+00
1.345739964558574187e+01
-2.069194990694698078e+01
-8.030288350656856977e+00
1.604976981882166598e+01
3.187667417343696741e+00
-4.101510165447314904e+01
3.654600996334183449e+00
-2.272055836921091299e+01
4.610798592524268713e+01
-4.481875506809727483e+01
1.699247369734894875e+01
-1.470029449356815121e+00
1.214378819634888629e+01
-1.300041482669582038e+01
1.236383963917238660e+01
-2.426495324747246940e+00
-1.323619343928294256e+01
4.473320680776164693e+01
-3.985898248970499225e+01
-3.587427387706013349e+01
-7.469754525700981418e+00
5.886295382819186273e+01
1.939789178592572938e+00
3.141007238193345330e+01
-7.161028807188043466e+00
4.070959631124527789e+01
2.101629112680326017e+01
1.131957001350907532e+01
4.050680090687220058e+01
-3.640487573187009929e+01
3.519726058124641810e+01
-1.687881122279937784e+01
4.339317725849531371e+01
1.794077654624569718e+01
-6.946878079669348338e+00
1.537755111438361766e+01
-6.869583952261379522e+00
4.313231956658266597e+01
1.135980988090009625e+01
-5.260733555451206911e+01
