-4.046527218918783575e+01
-1.219428310251502623e+01
-1.291598520418293994e+01
-5.057138992809613853e+01
-3.773358024522273979e+01
4.080207380273323992e+01
1.450197811860739350e+01
9.110261236930986328e+00
1.205888611339010907e+01
-3.300148701297424481e+01
1.070854318161630658e+01
-4.276106442672041652e+00
-8.531308278191627181e+00
1.685391403079805173e+01
1.309565733395227483e+01
-2.956357752752726853e+01
-3.435749250466123073e+01
-1.507494972917795195e+01
1.971351164827727231e+01
-1.883300444008404639e+01
4.058774435867815100e+01
-1.734459653451462202e+01
8.305338921809481079e+00
-2.383156300144224105e+01
4.595902672587066462e+01
-3.496398605269291693e+00
-2.369230132402571343e+01
5.623793997666528810e+01
-4.387470087021678466e+01
-3.873152363340616944e+01
4.900390212676064117e+00
3.746868348418915673e+01
1.609497840233058241e+01
-5.890571641492769572e+00
2.103599766154107797e+01
3.505118766894402427e+01
2.723939207185455302e+01
3.024683368784191373e+01
7.671602756789376087e+00
-2.302496003750006537e+01
9.299689013541595273e+00
1.447191157733014677e+01
2.095689974988860982e+01
3.098699779813534150e+01
-5.551780400981944474e+00
1.763964961269499909e+01
-9.963152691155142904e+00
3.628888790814005461e+01
1.845954930146092110e+01
-4.459986094564632708e+01
