-2.840391119561456890e+01
-1.584354003749180251e+01
-3.461733668022649368e+01
-4.578361309945147184e+01
-1.792502627235325008e+01
2.562318025154886314e+01
2.481559781684554622e+01
1.117444966522667293e+01
-1.167303699386093108e+01
-2.221428813289689774e+00
2.372643987769952290e+01
-3.090515234060980632e+01
-1.010617076474328613e+01
5.991959838574842934e+00
1.615222134726132452e+01
-2.158039037089474732e+01
-4.377288762305207825e+01
3.154678801551495049e+00
3.054282958840833118e+01
-2.890560296012494135e+01
2.603429388873971106e+01
-1.938660091674320540e+01
1.931339251362277665e+01
-2.504964965523245013e+01
2.960154276738358448e+01
6.517852415201604188e+00
-1.197689722620573960e+01
3.201128584097126151e+01
-3.628376773161733837e+01
-3.417755451342816286e+01
