-3.057285176268733906e+01
-1.602069293182731968e+01
-3.426735013726245427e+01
-4.581811208983918959e+01
-1.807978113341662763e+01
2.572567905157038126e+01
2.471656391659841390e+01
1.121571950538673335e+01
-1.213661710643892988e+01
-9.155066701052124722e-01
2.340530968369320775e+01
-3.146470651444678168e+01
-9.066299495483882254e+00
5.735014617795646252e+00
1.568416699504745004e+01
-2.158247351825330185e+01
-4.337023139553465256e+01
3.353632167894947003e+00
3.114533337294812299e+01
-2.990395090363075781e+01
2.543268922818401379e+01
-1.867392970278822162e+01
1.974923093523829465e+01
-2.442752401395070549e+01
3.031123771828290359e+01
7.076420591682537342e+00
-1.241641669960821837e+01
3.172483307291983579e+01
-3.595470421824085605e+01
-3.430051214143412608e+01
