-2.657347292023266050e+01
-1.601197499077377984e+01
-3.427441895009761197e+01
-4.582028830109686623e+01
-1.807061030817389380e+01
2.573550941312187845e+01
2.472315950937314000e+01
1.122242298818274264e+01
-1.213605994554552936e+01
-9.084998524572440726e-01
2.339414325022095653e+01
-3.147159817037584162e+01
-9.053094939602093660e+00
5.713265895182109588e+00
1.568512496310388293e+01
-2.159288376170872326e+01
-4.335048282286685151e+01
3.356514370963097349e+00
3.114946918563672895e+01
-2.990312754149832841e+01
2.542936474648286804e+01
-1.867015813509912903e+01
1.975279181347557866e+01
-2.443222183275646486e+01
3.031392985976683008e+01
7.090663392220851513e+00
-1.241596710755264077e+01
3.173734156592695399e+01
-3.594674845602480673e+01
-3.430044572269549263e+01
