-3.057266333065134489e+01
-1.602978395906939824e+01
-3.426999534153913629e+01
-4.580352918990622868e+01
-1.807869800665024584e+01
2.572596616554264770e+01
2.471470868339778804e+01
1.121491630037273346e+01
-1.214141509903762461e+01
-9.153851084907984603e-01
2.340579691347039670e+01
-3.147663663763721331e+01
-9.056020761131101438e+00
5.737149479545607278e+00
1.568948631433504737e+01
-2.157721964606179199e+01
-4.337188378369351938e+01
3.357673406699904550e+00
3.114222291245390295e+01
-2.989976666868790289e+01
2.542488287116897538e+01
-1.867511123659086181e+01
1.975013830927794345e+01
-2.442749552021912862e+01
3.031286592285260184e+01
7.079466460233133418e+00
-1.241790201198624821e+01
3.172286102715161604e+01
-3.595219661527807631e+01
-3.430093150289970083e+01
