-2.657304026181636303e+01
-1.602521664360477516e+01
-3.426227063820898167e+01
-4.581285540525463773e+01
-1.807512267289069641e+01
2.573050466079450160e+01
2.470819624975079165e+01
1.122066013545239471e+01
-1.214219888407489023e+01
-9.220893969597547812e-01
2.340784155242426223e+01
-3.146367961299953819e+01
-9.064920659621286347e+00
5.734175381516379844e+00
1.567895975410826637e+01
-2.158822647879146217e+01
-4.337184950287492313e+01
3.351888048927020858e+00
3.114267785281149870e+01
-2.989558196754349595e+01
2.542730392392012106e+01
-1.867615390103473416e+01
1.974982949109768171e+01
-2.443084315505102211e+01
3.031202531334755435e+01
7.078237227571425372e+00
-1.241333996682435270e+01
3.172478158288620520e+01
-3.595370083399812700e+01
-3.429268794419832034e+01
