-2.657300876292350722e+01
-1.602572730108243704e+01
-3.426424342112056820e+01
-4.581637063251228170e+01
-1.807966969724348516e+01
2.571876255730544969e+01
2.471094874274027120e+01
1.121473998733712207e+01
-1.214363726157742285e+01
-9.158463384440780342e-01
2.340406486175298539e+01
-3.146833525846315638e+01
-9.066413281958677572e+00
5.744995893030122147e+00
1.568249847405284214e+01
-2.158590545999222954e+01
-4.337562771308927978e+01
3.351237238712823530e+00
3.114455239176763257e+01
-2.990131736891352432e+01
2.543721182783360035e+01
-1.867293583175189653e+01
1.974813378485801607e+01
-2.442039321359409243e+01
3.031123089079833477e+01
7.078494334565404777e+00
-1.241737497064302431e+01
3.172641727271739143e+01
-3.595237813687227657e+01
-3.429860365348568507e+01
