-3.057262273571254241e+01
-1.601664682814780249e+01
-3.427127460623742650e+01
-4.582444702105963330e+01
-1.808760763654568748e+01
2.573210975945914569e+01
2.471902230473403961e+01
1.121184450428078705e+01
-1.214306939874420266e+01
-9.054555103257224680e-01
2.340398917679220503e+01
-3.146936436655844815e+01
-9.065013300241227867e+00
5.742221983508086325e+00
1.568680531377099818e+01
-2.157161815537838123e+01
-4.336098934648908454e+01
3.345554813914901615e+00
3.114158485007077815e+01
-2.991004629153449912e+01
2.542762172594696324e+01
-1.867113344864496227e+01
1.975459603832349131e+01
-2.442065840807852695e+01
3.030477233415832927e+01
7.080519846896615732e+00
-1.241503450438260359e+01
3.172589873944453842e+01
-3.595316760946422363e+01
-3.430399352736657903e+01
