-2.150225255146392955e-01
4.655922525779708110e+00
1.312934874267629448e+00
5.865471257292229623e-01
2.377557657099667932e+00
4.254523303412828028e+00
-6.270461480825176181e+00
-3.756812840339911919e+00
5.959623100116052008e+00
4.451609284762185759e+00
1.520422360721066291e+00
-2.416415184854160625e+00
2.135789773154782578e-01
3.266118922309359185e+00
3.331160550394585140e+00
-5.004598741519298066e+00
-1.775578632990880479e+00
4.178642786695343503e+00
-2.885195334607050022e+00
-2.534984016067491908e+00
3.468498485829704325e+00
-2.823060461682391775e-02
1.776369028666487715e+00
-1.115497592697068274e+00
-2.076325075714546387e+00
3.147744856102995481e+00
-3.376451467078985802e-01
-3.551015680072198144e-01
-1.293696803253528316e+00
2.611577104888260337e+00
4.359904006197767856e-01
6.660272464250390989e+00
2.986767700906609146e+00
1.129860384906608672e+00
-4.291169851691341464e+00
1.342358793550666896e+00
-4.561758111336335020e+00
4.446255698398812406e+00
-3.542693884441062480e+00
-9.032914440933661471e-01
-1.837347469928350741e+00
3.165857788681718521e+00
3.742127078085589975e+00
-2.356452737071454973e+00
2.564873098579772304e+00
5.127651128619458376e+00
4.073195048747541236e+00
-2.256897671323562449e+00
3.987832260776239757e+00
-9.836946067824998252e+00
-5.437908194652607996e+00
-1.468688929575373336e+00
-3.094992236160025723e-01
4.416533201153102439e+00
-3.693738075796788034e-01
1.162422215703645234e+00
-1.789834341614377156e+00
6.142021774308204840e+00
-2.884294207864109616e+00
1.988098404842023603e+00
-8.433171031842935372e-01
4.681667285284939473e-01
-3.397315521998574006e+00
1.120020961745554544e+00
-3.880006767383390898e+00
-1.214879441497381585e+00
3.530245061585759458e-01
5.308140151552016128e+00
3.594976499676996617e+00
-9.665586800746592822e-01
-3.289222137956814951e+00
-8.251741076794527174e+00
7.142906025339662790e+00
-1.656707597986839975e+00
3.940959845251760463e+00
1.336446001925734484e+00
2.557800687108163107e+00
-2.188305473670107304e+00
3.009380290177970707e+00
-2.995732842097884152e+00
5.313119597135147032e+00
-4.479482900788557487e+00
-1.352118982264292502e+00
-3.339089396239457663e+00
1.857373376231494788e-01
3.213158119494988973e+00
-1.928058936419258851e+00
-4.427659683808772506e+00
4.286813810086674614e+00
-2.292865514751293965e+00
-4.186725223379322181e+00
-3.714803313347262215e+00
4.519885552715418697e+00
4.302095311742863082e+00
4.670965293777589622e+00
2.657041314662992981e+00
-2.342293397689037437e+00
-1.765180382724347297e-01
1.733269961251101776e+00
3.369694260190879032e+00
