-2.800227107236390367e+01
-1.569339068225169065e+01
-3.415939512872608219e+01
-4.581022107484701422e+01
-1.808088262108417510e+01
2.572570926894535148e+01
2.471516691788435338e+01
1.121552408393336897e+01
-1.213714558534339538e+01
-9.162009769606995757e-01
2.340431832754823915e+01
-3.146792250975466843e+01
-9.066583901813649149e+00
5.733715403444415770e+00
1.568183159363625734e+01
-2.158335234416822601e+01
-4.336860375350834573e+01
3.352982736040932998e+00
3.114676239780884259e+01
-2.990296542570886373e+01
2.543249509677759335e+01
-1.867208400549368719e+01
1.975100911435525575e+01
-2.443082073762019490e+01
3.031212216373755908e+01
7.075130543177656328e+00
-1.241894901471804324e+01
3.172305797530403737e+01
-3.595622051933074914e+01
-3.430047436129072480e+01
-5.949949703287673586e+00
4.163308180203147657e+01
1.788113795005876128e+01
3.647675021744613222e+00
1.070445889154191654e+01
3.417668534294209337e+01
2.369277712089471777e+01
2.464472772791574329e+01
3.438105343987468387e+01
-3.611403813107752114e+01
2.847821473786878954e+01
-2.845165893227104892e+00
2.829823039685233255e+01
2.101160801289068658e+01
1.843616500442473605e+00
1.516292199257335227e+01
-5.470682724480315784e+00
3.968324465804628431e+01
1.171707938154719919e+01
-4.941244769240382340e+01
