-2.930205069538011386e+01
-1.549186916009266390e+01
-3.398619195654055858e+01
-4.573852355768011080e+01
-1.807535315884965144e+01
2.572469031799100136e+01
2.471771761497876341e+01
1.121486685368943625e+01
-1.213659236323263180e+01
-9.163080961327160212e-01
2.340413111861481710e+01
-3.146327201343233071e+01
-9.066072948710532486e+00
5.735053768725516754e+00
1.568399397996937594e+01
-2.158412427837976466e+01
-4.336992767775666380e+01
3.353117585767670494e+00
3.114376573997243369e+01
-2.990436164366471417e+01
2.543160007979698634e+01
-1.867315481081827500e+01
1.974983377076011593e+01
-2.442808582634458858e+01
3.031064687131794244e+01
7.076285487245630890e+00
-1.241620327563203219e+01
3.172453526822260628e+01
-3.595615192251103309e+01
-3.429994777460348132e+01
-5.951366693068220748e+00
4.163349556448414290e+01
1.787890412615768554e+01
3.648529178966554820e+00
1.070496088329952045e+01
3.417688887749963556e+01
2.369264817128266642e+01
2.464634772015051212e+01
3.437952161138937868e+01
-3.611445533632539195e+01
2.847931761498390202e+01
-2.845027977431349164e+00
2.830004341995189066e+01
2.101093911086707777e+01
1.846825704541381841e+00
1.516340961735294002e+01
-5.469775078384403244e+00
3.968588005894275028e+01
1.171281712550543652e+01
-4.940817452329670800e+01
