-2.916963693181536144e+01
-1.566261810916809161e+01
-3.414108514337491584e+01
-4.580237424723200235e+01
-1.807939913282184108e+01
2.572512172843642730e+01
2.471731683529866075e+01
1.121598848462272358e+01
-1.213861325165822969e+01
-9.147573139487261695e-01
2.340531860120273322e+01
-3.146332264739587714e+01
-9.066237050359466920e+00
5.736386299307739023e+00
1.568493499839169836e+01
-2.158347614157081296e+01
-4.337109712147763219e+01
3.354634801943445765e+00
3.114650330846587423e+01
-2.990586719924591819e+01
2.543161282868101125e+01
-1.867421796522634025e+01
1.974849592009664789e+01
-2.442684426612994031e+01
3.031149910348891297e+01
7.077219719631074213e+00
-1.241774447969777384e+01
3.172451642764898949e+01
-3.595596180066574732e+01
-3.430005669122737544e+01
-5.950041580688880671e+00
4.163518405773054809e+01
1.788172697979797832e+01
3.651419891831926723e+00
1.070470234797843645e+01
3.417829032880651852e+01
2.369189864779602317e+01
2.464493619494725252e+01
3.437909053752903077e+01
-3.611255054497347317e+01
2.847958142616594301e+01
-2.845948709924795317e+00
2.829924361653631948e+01
2.101034477752370222e+01
1.844660355689663689e+00
1.516339962212072123e+01
-5.468516301582242889e+00
3.968737095650090652e+01
1.171335536724682136e+01
-4.940822698928593582e+01
