-2.914481538441670239e+01
-1.569335861207714622e+01
-3.415929989723362326e+01
-4.580872461151522401e+01
-1.807884216751185491e+01
2.572280782717233905e+01
2.471678067022542891e+01
1.121682136882774650e+01
-1.213630956375239833e+01
-9.157113022553068360e-01
2.340559086366839736e+01
-3.146686794467538562e+01
-9.067171165750623985e+00
5.735155527229100159e+00
1.568146807835176482e+01
-2.158267256506309906e+01
-4.336938151896575278e+01
3.351872745839265200e+00
3.114508124744044437e+01
-2.990423157564181622e+01
2.543413067349331769e+01
-1.867354881321999471e+01
1.974991800334473879e+01
-2.442736698305265719e+01
3.031195955926408914e+01
7.076437333312971312e+00
-1.241654329593152895e+01
3.172689871401266970e+01
-3.595560949542434770e+01
-3.430076570723075235e+01
-5.950461350608916788e+00
4.163350790142981594e+01
1.787938516101454312e+01
3.649552632036341393e+00
1.070606863410157494e+01
3.417744229423242786e+01
2.369480742721328426e+01
2.464288465187118859e+01
3.437998014784886180e+01
-3.611256174536524810e+01
2.847871205906225356e+01
-2.843015392049891510e+00
2.830005552268461244e+01
2.101051410093195315e+01
1.845767081865675951e+00
1.516343699826601465e+01
-5.470734314947396371e+00
3.968572214245725149e+01
1.171120709976402452e+01
-4.941098715581959766e+01
