-2.855756398582618516e+01
-1.602970557246088390e+01
-3.429669117131478373e+01
-4.577586786029883825e+01
-1.806069552957783841e+01
2.570527989693044191e+01
2.469629268550160717e+01
1.120571484693951625e+01
-1.213988611818861152e+01
-9.321643077677559397e-01
2.338507383426953012e+01
-3.142855489801116775e+01
-9.054123500633775024e+00
5.708286242004581901e+00
1.570550424062207817e+01
-2.156422984696535750e+01
-4.334959580454672334e+01
3.372619684476187985e+00
3.113196720595934863e+01
-2.992426265040558064e+01
2.544143185704243848e+01
-1.868710032896189688e+01
1.976949759267695939e+01
-2.441217959731081066e+01
3.028907256245446433e+01
7.065069559966956625e+00
-1.244829864652483131e+01
3.171915535525539198e+01
-3.599625146840782008e+01
-3.431827207897507037e+01
-5.930879157536020685e+00
4.167036948927704287e+01
1.785281890011307127e+01
3.652889867711972993e+00
1.068224001694824921e+01
3.419780264156658234e+01
2.369621656786761221e+01
2.462180841367242223e+01
3.436939629652092520e+01
-3.612804873774221193e+01
2.845803915360158953e+01
-2.858232402699441455e+00
2.832971495176449750e+01
2.099219184067385413e+01
1.867381603898312425e+00
1.517403133622755718e+01
-5.434197384267938524e+00
3.970780913908162546e+01
1.169910303170709653e+01
-4.944101883233731343e+01
2.074449436311664741e+01
4.803091864455947757e+01
-4.283175055709863699e+01
-2.675310321707047478e+01
2.652203394900782740e+01
3.042580698019281726e+01
3.773058876273521633e+01
-4.623518516341114548e+01
-1.838376953806083947e+01
-2.272342789490528503e+01
3.753564579928221434e+01
7.827513306127041659e+00
1.930519827278595102e+01
-4.203938724325810483e+01
4.893617206485256332e+01
2.459251448781434846e+01
4.054683801748043948e+01
4.404757630233973487e+01
-4.533372961197043338e+01
-1.257136338234677808e+01
1.277733362886830903e+01
-2.553312406155477721e+00
-4.081881436451952538e+01
-3.041950997522481881e+00
2.592573647186929264e+01
-2.964418892434372310e+01
-2.034558475175912307e+01
-1.036255627951374159e+01
4.526913339197857056e+01
-9.880890698862639709e+00
-1.108452293729992633e+01
-1.825970407756965841e+01
-4.874612498840378549e+01
-3.228483016779607340e+01
4.910764878645500886e+01
-9.454588197325305643e+00
-1.700309901186799877e+01
4.843897903671707894e+01
-4.402328676612012259e+01
-7.434997437431891676e+00
1.332316711608892668e+01
4.698143518616992509e+01
2.380276291671754052e+01
2.619726708534905768e+01
2.678713166534767254e+01
1.464380549551666988e+01
4.070438500880895205e+00
-3.085035448481836085e+00
-2.123862298483518529e+01
4.981676241428969831e+01
