-2.859101489106298999e+01
-1.601208885040342622e+01
-3.425944598735157598e+01
-4.581948443240323599e+01
-1.808022973246010068e+01
2.571608874367638009e+01
2.470469708658398034e+01
1.123484423126368270e+01
-1.214994351629995606e+01
-8.998644637511377109e-01
2.340605248956551421e+01
-3.148866955174917237e+01
-9.067174867725135812e+00
5.738363564995418997e+00
1.567268153659290419e+01
-2.159389683689075667e+01
-4.336506245765900047e+01
3.340031191717168557e+00
3.116198043992227440e+01
-2.988387717082557771e+01
2.542792512708071229e+01
-1.869277977920419787e+01
1.975430909691364434e+01
-2.442572639253722144e+01
3.031666056579885549e+01
7.098575244356348790e+00
-1.240837185551133715e+01
3.170228097931420308e+01
-3.595291719052576696e+01
-3.429133638314542054e+01
-5.953785212900709389e+00
4.162064748343887288e+01
1.786454130950341579e+01
3.636525172430936870e+00
1.071031550166679480e+01
3.419193961400234372e+01
2.369394616739742077e+01
2.461256791483685191e+01
3.439372567785409274e+01
-3.612549925902076353e+01
2.845927133680481802e+01
-3.842166914262031163e+00
2.829512720295039685e+01
2.101926980969573222e+01
1.839132154065547864e+00
1.513433071281727038e+01
-5.446587097527498145e+00
3.971387918252098359e+01
1.171726997736219111e+01
-4.941577694605578586e+01
2.074343699638098570e+01
4.802021147872697782e+01
-4.279370174332525778e+01
-2.679804096161539917e+01
2.649630678555536178e+01
3.040961167784680086e+01
3.769321518289692108e+01
-4.624267641792511085e+01
-1.838986163653000361e+01
-2.269394438442214934e+01
3.754207676570906216e+01
7.845682287561475121e+00
1.926140825407406609e+01
-4.204748772887423058e+01
4.895157521517052146e+01
2.461587472261660281e+01
4.057551398033916712e+01
4.301557537985310375e+01
-4.533187896611370604e+01
-1.354989096103547297e+01
1.377716233203882723e+01
-2.585880453553545344e+00
-4.081790306274407953e+01
-3.029068306998389470e+00
2.589645259375914321e+01
-2.962032500001042479e+01
-2.036161118733804898e+01
-1.031751818791450148e+01
4.527655819443472041e+01
-9.823189216749065977e+00
-1.109883778314389424e+01
-1.820409466235848228e+01
-4.877035399404565652e+01
-3.228939088143840763e+01
4.906654317896349937e+01
-9.460510600991934638e+00
-1.703497632476683776e+01
4.845392329294451628e+01
-4.404696820290800474e+01
-7.507236938126047754e+00
1.333827913392959452e+01
4.697131495884239882e+01
2.382135311364905661e+01
2.720017479094620683e+01
2.676237427520073098e+01
1.466010777869817261e+01
4.052784638263441153e+00
-3.116946171213709871e+00
-2.123168749051950499e+01
4.981689097418578172e+01
