-2.798254504322510527e+01
-1.567357464341702133e+01
-3.414733422727400836e+01
-4.580293987563468505e+01
-1.808065616112338247e+01
2.572600635603705399e+01
2.471623829325217514e+01
1.121603848788091007e+01
-1.213709146949465278e+01
-9.156790037022413120e-01
2.340375346460536932e+01
-3.146317400193811409e+01
-9.066306302818096796e+00
5.734134906186150182e+00
1.568470733253477789e+01
-2.158309236337938231e+01
-4.336957966381385177e+01
3.352134561840844906e+00
3.114688728245035776e+01
-2.990295871468114441e+01
2.543087187814884942e+01
-1.867337767615816091e+01
1.974999569076175376e+01
-2.442667348453938203e+01
3.031321803853671781e+01
7.075869359124595803e+00
-1.241686315296961496e+01
3.172628747012279504e+01
-3.595605506691937592e+01
-3.430121594013274944e+01
