-2.796879243702499096e+01
-1.565904975019571310e+01
-3.413509066876175524e+01
-4.579660217525928800e+01
-1.808176507686501822e+01
2.572535472955219404e+01
2.471750570201622921e+01
1.121273117709132272e+01
-1.213281494530918714e+01
-9.136646039645375250e-01
2.340527167144145082e+01
-3.146361394877766315e+01
-9.065490687133159753e+00
5.736761176804689555e+00
1.568337501467329531e+01
-2.158410068446868735e+01
-4.336973115440213888e+01
3.353322181724990525e+00
3.114392572612892707e+01
-2.990372264589597862e+01
2.542997424701798792e+01
-1.867396968020467440e+01
1.975015446528677643e+01
-2.442546590322176669e+01
3.031107150319285637e+01
7.076289090087787947e+00
-1.241116569352836940e+01
3.172432306257569579e+01
-3.595662346365205764e+01
-3.430169854388630313e+01
