-2.790280425218453786e+01
-1.557475430871558864e+01
-3.407134463086366338e+01
-4.578032648519238990e+01
-1.807642398368166070e+01
2.572417483004502614e+01
2.471604801036870924e+01
1.121584056116794770e+01
-1.213357480526106080e+01
-9.149773299172272445e-01
2.340195296919122825e+01
-3.146126815132161880e+01
-9.068341693940782378e+00
5.734725963032649254e+00
1.568263860782193575e+01
-2.158204306641587067e+01
-4.336898782919652007e+01
3.355218510891097239e+00
3.114398737220483326e+01
-2.989819974542150760e+01
2.543815044437025108e+01
-1.867696822033578741e+01
1.974652538697870341e+01
-2.442822244648135666e+01
3.031154066711683370e+01
7.082009034672750225e+00
-1.241576762616991658e+01
3.172612288524084434e+01
-3.594721867423130135e+01
-3.429864530547774137e+01
