-2.857041313307009034e+01
-1.592065896954296100e+01
-3.414794607175971919e+01
-4.567962022106928544e+01
-1.796952089171199063e+01
2.607154873318255639e+01
2.465655591294434146e+01
1.091961110951256053e+01
-1.214754152961504730e+01
-5.973130161663833260e-01
2.337609752556612364e+01
-3.149031385674112471e+01
-9.233973692685038870e+00
5.759755632665235936e+00
1.560867176003873169e+01
-2.203697829866472802e+01
-4.332802260514152692e+01
3.507914751984174018e+00
3.095025454308525781e+01
-2.988099028372259625e+01
2.538966659115276059e+01
-1.870882732884665955e+01
1.976720768236172532e+01
-2.422898721148404633e+01
3.048173091089149267e+01
7.011665679564026199e+00
-1.278293541745953732e+01
3.204038139374684846e+01
-3.647400573417991865e+01
-3.416539049677656692e+01
