-2.873968949741246703e+01
-1.592957371324203386e+01
-3.414272861540272430e+01
-4.588431504340556444e+01
-1.761918639469195469e+01
2.585457355088501075e+01
2.493570637425526115e+01
1.132284924052653352e+01
-1.209499392016105013e+01
-1.334141002621449967e+00
2.355975065068569663e+01
-3.126175235801473917e+01
-9.080645068302761302e+00
5.716580264736152550e+00
1.596948342632038731e+01
-2.149614680362251562e+01
-4.364485855086525135e+01
3.539730215732403984e+00
3.133586909166188406e+01
-2.974780926464783448e+01
2.533337571907799912e+01
-1.865110059970698941e+01
1.989761247994475468e+01
-2.458222679397130150e+01
3.031960376621879760e+01
7.036922990556414348e+00
-1.214852126817008404e+01
3.159869657999186643e+01
-3.577557753456295586e+01
-3.400330653312712315e+01
