3.147152564481338288e+01
4.057898957372826487e+01
-3.730066016747466051e+01
4.133795858443021132e+01
1.323545608372923610e+01
-4.024716780513900716e+01
-2.214990134626715701e+01
4.688284568876394331e+00
4.575134146223943787e+01
4.648951048310701140e+01
-3.423803362761587010e+01
4.705993632743836486e+01
4.571725836210508476e+01
-1.462432901601864677e+00
3.002787645442670339e+01
-3.581107940530751677e+01
-7.823994265314667018e+00
4.157394115559211656e+01
2.921974544812793084e+01
4.594990054431540472e+01
1.557445934472154470e+01
-4.642828683547803337e+01
3.491121519288036978e+01
4.339840644760730726e+01
1.787286447830132730e+01
2.577420571316864795e+01
2.431383691677259407e+01
-1.077698771663213151e+01
1.554773649217278475e+01
-3.288071902111570921e+01
2.060445787538434104e+01
-4.681651318038697696e+01
-2.230739113736595769e+01
-4.538314413556155813e+01
-4.028759871699800499e+01
3.234581113534284924e+01
1.948208614869577460e+01
-1.828965831268998699e+01
4.502223092987853903e+01
-4.655641039934791792e+01
-6.125654081160784692e+00
-1.184377439264238419e+01
2.655139244076885774e+01
2.951993191953772566e+01
-3.131274946304852236e+01
-1.022972109602143798e+00
-5.441359703640226364e+00
1.463143477511288992e+01
2.093548009855007663e+01
2.546928819425150081e+01
