1.510419369387802746e+01
-3.717765408609389421e+00
5.401473933019509843e+00
1.735085968625100783e+00
-1.890299648012510758e+01
1.106192787500386743e+00
-2.801487031054545085e+01
-1.246697146966992520e+00
5.449577463460649085e+00
-4.333355090154494604e+00
-2.400519138299039668e+01
1.793858360395169882e+01
1.095692622984410036e+01
-8.407968958693041728e+00
1.162698051937256594e+01
2.352689135323212355e+01
-4.132710692951320652e+00
-2.627290755265421751e+01
-1.736306218080486730e+01
6.753849572295610670e+00
7.805597666002450197e+00
-5.338798843258537374e+00
-7.288291622988193552e+00
1.072103659889868510e+01
-8.666626318199629253e+00
-3.370104298775445528e+01
1.323492269149380007e+01
8.126114523207380813e+00
4.887929783979565457e-01
-2.164992909964358780e+00
