-2.141172153759034558e+01
-2.433921872399009345e+01
-3.113183086533931387e+01
-4.314424552300894078e+01
2.051156605369008901e-02
3.478291794568027484e+01
2.937101834707026171e+01
8.508440186067851130e+00
9.477027074664023942e-01
4.871730360552083638e+00
2.832598750027853640e+01
-2.605940186530702363e+01
-5.703200068462793482e+00
2.684020586396813179e+00
2.825079353959106143e+01
-4.605202186226821226e+01
-2.809051383227870247e+01
1.345437442814588991e+01
2.504846078898187045e+01
-3.960851082108288068e+01
2.694868391473400848e+01
-1.769238211583571996e+01
3.276286646745785447e+01
-2.164069604216120979e+01
1.824019322102968843e+01
1.422233964580067855e+01
-2.576396105865507735e+01
7.070488325252211048e+00
-4.270864902834121324e+01
-2.958627951057918537e+01
