-2.070941559016621980e+01
-3.374805624888016808e+01
-3.441574158899511104e+01
-4.747620872262179859e+01
-3.184258487075171473e+01
1.544725602165480538e+01
5.134035037232357723e+01
1.074079291001733338e+01
-8.249518380187115696e+00
-3.446850363061948475e+00
2.150031864263496573e+01
-6.040668449040082777e+01
-9.959844319670605017e+00
-1.156843113559232528e+01
1.360593013780815852e+01
-2.928806850072089674e+01
-4.472457068054096396e+01
9.142597476976519033e+00
3.810812464865045257e+01
-2.874427083215710255e+01
2.780768460740742398e+01
-2.883659594358623224e+01
6.493850277210155397e+00
-1.486016081853417070e+01
2.592267911350072040e+01
6.301165023995490166e+00
-3.001528022173549459e+01
3.146525009996636513e+01
-4.617922900772084915e+01
-3.431922410870532758e+01
