-9.232983168384278017e+00
-8.909869958164232884e+00
-3.027002674103216329e+00
-9.374243577705998476e+00
-2.312048668676895513e+00
8.438791527931138958e+00
-7.438403493678005240e+00
2.931367033840394765e+00
-5.471414940163904284e+00
4.478042813077590445e+00
-8.345293633131230848e+00
-2.631028799452635791e+00
-8.587308582834289439e+00
7.631694203983261815e+00
4.884300738869619352e+00
-1.335544314416400757e+00
-6.882461296169079645e+00
-4.066708972605161954e+00
-4.212388063168559071e+00
-8.786447590112455686e+00
2.156697611155562022e+00
-2.239688884966859472e-01
-6.883240293530937137e+00
6.388256589235596472e+00
-7.123378128949198640e+00
4.323017516472830835e+00
7.389729203507577893e-02
2.272342959938646878e+00
1.075834408996816816e+00
4.187519813908104460e+00
-4.601475067010534659e+00
-6.761676506330415393e+00
-8.413318206296885648e+00
6.757814175439898818e+00
-8.797362307865775222e+00
8.669054542903246841e+00
-8.857571054393361010e+00
-1.121936200298834230e+00
-8.277335795691801223e+00
-5.529694539626820671e+00
-2.017120149987846389e+00
9.295211356568378047e-01
-5.584666472283345229e+00
1.081557728580199162e+00
-5.923339709918033158e+00
5.474113808870610498e+00
-2.941390137992719200e+00
-3.280133914438152942e+00
-8.407463088577333821e-01
-9.767551645348827805e+00
-8.267459162783522331e+00
-5.639945875977967482e+00
-8.309720076103589648e+00
7.648887659133219330e+00
-8.679665884638454898e+00
-7.646025184552951437e+00
-5.385050199782138947e+00
-5.472532005283028411e+00
-6.220307988925821263e+00
-6.066413320522540786e+00
-6.435456222925329151e+00
-6.028658894915648325e-01
-5.520959188671865192e+00
7.231435651480102145e+00
-6.795273106859616163e+00
-2.283915701212495986e+00
-5.195294370467608225e+00
-8.542768614439080199e-01
-7.310562483183877802e+00
-3.512629540766821545e+00
-7.869828998405607123e+00
-8.088746087682080699e+00
-5.313387167487841012e+00
1.501772622541810209e+00
-8.730389413811378674e+00
1.249928251678531943e+00
-2.556613503366853557e+00
2.952362417543453521e+00
-6.580254623028189975e+00
9.449410521630191795e+00
-9.768254314645040681e-01
-8.078338702878138378e+00
-4.645522766701433603e+00
7.137286586851620207e+00
-3.676688722323177227e+00
-2.756744705962731690e+00
-3.700643201830011275e+00
-6.672013445726927561e-01
-1.815754573361147983e+00
-4.702758017786386802e+00
-1.641321902789689702e+00
-9.000084116317513150e+00
4.697346778944249124e+00
9.271126113830751692e+00
-1.552255340134506945e+00
-3.559032241574462407e+00
-9.977880750573804747e+00
-3.750849268512460033e-01
-8.239442524305395921e+00
-6.589338176161876781e+00
