-1.014826767144383268e+01
-4.853071492530675712e+00
1.167096897842939285e+01
-1.812154770697230788e+01
-3.023046569082625723e+01
-4.642088396845900888e+01
-2.744279982171365617e+01
-3.292637955743860800e+01
-4.889469296267263587e+01
-3.227399623105254989e+01
9.905759364816887569e+00
-4.063149380357869944e+01
1.390880513005955166e+00
-1.793519140035005321e+01
-2.839905875051874773e+01
-3.798114119425198254e+01
-4.963912191307323241e+01
-3.169755006446760248e+01
-2.441598382844115633e+01
-2.569463609311821983e+01
-4.340232191030369080e+01
-3.169810360716856223e+01
1.022411905641991581e+01
-8.078923766019654451e+00
-4.337762098813715994e+00
-4.076427908697762348e+01
-1.719666647406942772e+01
-4.599131805175549204e+01
-4.408201977973894259e+01
-1.696915159528709438e+01
-4.710167892191627459e+01
-4.795161605240006963e+01
-8.742503246775655157e+00
-3.296649877826340003e+01
-3.180342858556931773e+01
-3.980268233774412323e+01
-1.644986707990859998e+01
-2.524710199000704591e+00
3.960067373706519334e+01
-3.453496001426907469e+01
6.215730020837516356e+00
-4.847189597003989547e+01
-1.320345395103201724e+01
5.470057622815815535e+00
-4.003133728068904418e+01
-3.936498682135538729e+01
-2.999554698430186761e+01
-3.563886231790397119e+01
-4.594405536478073770e+01
4.552755180536909307e+01
