-2.855624369705760301e+01
-1.606430324930496667e+01
-3.431176623857552244e+01
-4.581208451202720511e+01
-1.808623384189106531e+01
2.573237412825354653e+01
2.478123990459838666e+01
1.121944040685448840e+01
-1.210370544753765643e+01
-9.356298381456099600e-01
2.330284129914462099e+01
-3.141568867119465480e+01
-8.973432673538372484e+00
5.723287551287746133e+00
1.567707880491166605e+01
-2.161542972338801150e+01
-4.338375103207317096e+01
3.400161779480816993e+00
3.113361581867755845e+01
-2.984683990345752846e+01
2.549995720324082882e+01
-1.868347642894993754e+01
1.977486908810456967e+01
-2.450401065309373294e+01
3.022427721850620586e+01
6.993652334954658656e+00
-1.243786936444505820e+01
3.170072918993492905e+01
-3.599047032718544159e+01
-3.430267377670631390e+01
-5.961664183286390362e+00
4.166200326906365348e+01
1.793886253631074723e+01
3.684151739856381447e+00
1.067998485534251429e+01
3.416043804553930840e+01
2.371961079117073368e+01
2.465926318859440158e+01
3.436716825061737524e+01
-3.616279777384696814e+01
2.852343385240914486e+01
-2.806845456343536771e+00
2.832805798332244152e+01
2.099700995415698657e+01
1.904142491350033328e+00
1.525767154677526705e+01
-5.504985894098296306e+00
3.971086342825233828e+01
1.170494018799967506e+01
-4.942564277378122739e+01
