-2.853079620211541467e+01
-1.602937981233487363e+01
-3.443492999951506306e+01
-4.586198109672480427e+01
-1.815545736417284672e+01
2.566048764271273441e+01
2.486258290060113296e+01
1.129574233782799908e+01
-1.217782155708674985e+01
-9.721986274986668120e-01
2.325242766002161332e+01
-3.141054479116496267e+01
-8.906428855109387754e+00
5.769279550876691864e+00
1.570004030526838612e+01
-2.176258287274889014e+01
-4.356413448780101305e+01
3.392136997332390713e+00
3.098342336448747858e+01
-2.982194832050721800e+01
2.563297773995909523e+01
-1.865509934697373851e+01
1.994536978043715081e+01
-2.463128238589386498e+01
3.000083309021126254e+01
6.753737190139465163e+00
-1.264694962549940094e+01
3.161762830289133674e+01
-3.604537844435862581e+01
-3.417009217917823349e+01
-6.107452165564859925e+00
4.165585329628495970e+01
1.806084553037084817e+01
3.646878968334220872e+00
1.061744624492400746e+01
3.403974972380207475e+01
2.374054880791084798e+01
2.461703391875375502e+01
3.420845692634016189e+01
-3.634446990397823640e+01
2.840381226660280589e+01
-2.738217384293719636e+00
2.836356244122342929e+01
2.096327261320609736e+01
2.085185559266552691e+00
1.542755680384052042e+01
-5.555790919943557782e+00
3.969422859311126928e+01
1.181268186259880437e+01
-4.949788867799760084e+01
