-2.853039030272320176e+01
-1.598340188808513496e+01
-3.437756020252243161e+01
-4.582270425625752353e+01
-1.804996897503370690e+01
2.561181468726118027e+01
2.568993590326788734e+01
1.223556681353088571e+01
-1.206264209677875954e+01
-1.895256253294588689e+00
2.445394557091659138e+01
-3.044934624983007154e+01
-8.108980384410267916e+00
6.653720293363276639e+00
1.660437724282943250e+01
-2.146027047108593067e+01
-4.328614486738950973e+01
3.476373252892893895e+00
3.116487916077761611e+01
-2.995075684304149988e+01
2.567460988411367140e+01
-1.890677842250435958e+01
2.061192564415486927e+01
-2.435615936439321771e+01
3.034457608188231248e+01
7.058485932926687134e+00
-1.240624547090335739e+01
3.173453565891175643e+01
-3.594861421844919391e+01
-3.430517294998278999e+01
-5.348681081866409670e+00
4.174846070204370108e+01
1.791533800265034770e+01
3.805050172170696854e+00
1.070997779983416365e+01
3.406368708840658144e+01
2.362810005844427153e+01
2.464476677321926701e+01
3.444674707700512784e+01
-3.605604394582909578e+01
2.842813114155491760e+01
-2.880043240147783568e+00
2.823736168235623367e+01
2.107318590960604610e+01
1.895310663043683341e+00
1.526473867006888696e+01
-5.539694305619732084e+00
3.967293508978549710e+01
1.163030114649224345e+01
-4.936826963793264156e+01
