-2.866135784051473578e+01
-1.604714982219951480e+01
-3.419777434376752012e+01
-4.577794557934735309e+01
-1.805237822289760885e+01
2.576332421668618622e+01
2.470206452733336988e+01
1.136566953027748461e+01
-1.220685014630925025e+01
-7.518608015803249778e-01
2.434777202728884404e+01
-3.047046954789877660e+01
-8.113754452749695645e+00
6.792848785801130163e+00
1.681325424433488536e+01
-2.066153206508143469e+01
-4.324845407829596411e+01
3.372287623145192814e+00
3.120736260522961558e+01
-2.993982761554655170e+01
2.527692866763529267e+01
-1.856118628847991658e+01
1.982214528333011216e+01
-2.439788545179242263e+01
3.028242878240171621e+01
7.136016986070986334e+00
-1.234479054933092179e+01
3.180276586572924202e+01
-3.588779293799123593e+01
-3.428947322116325580e+01
-5.879492344407738713e+00
4.182326428986305444e+01
1.795452208896564628e+01
3.638360343984077705e+00
1.065836740883376521e+01
3.412911132518274115e+01
2.359403188446836097e+01
2.466526123292742056e+01
3.435789042077240651e+01
-3.611293096989409435e+01
2.845871533962820266e+01
-2.762433167845718796e+00
2.827604541938941551e+01
2.092712976274939862e+01
1.849033868791318369e+00
1.523142381779583765e+01
-5.581762144347210963e+00
3.959187427206038024e+01
1.175336108930471823e+01
-4.939360296720316512e+01
