2.763778737497377006e+04 0.000000000000000000e+00
2.679012826026060429e+04 0.000000000000000000e+00
2.825635218919392355e+04 0.000000000000000000e+00
2.858091252357620033e+04 0.000000000000000000e+00
2.633873078310771598e+04 0.000000000000000000e+00
2.884497224547375663e+04 0.000000000000000000e+00
2.248072450846667198e+04 0.000000000000000000e+00
2.349633814932667519e+04 0.000000000000000000e+00
2.199710631047935021e+04 0.000000000000000000e+00
2.271173746034060241e+04 0.000000000000000000e+00
2.510196102065946980e+04 0.000000000000000000e+00
2.429151593519814196e+04 0.000000000000000000e+00
2.254527950045239413e+04 0.000000000000000000e+00
2.277171427973663594e+04 0.000000000000000000e+00
2.392312546250211744e+04 0.000000000000000000e+00
2.924008424680181633e+04 0.000000000000000000e+00
2.635820473558300000e+04 0.000000000000000000e+00
2.579696009338171643e+04 0.000000000000000000e+00
2.595518579116932233e+04 0.000000000000000000e+00
2.542146573776830337e+04 0.000000000000000000e+00
2.789878733531686157e+04 0.000000000000000000e+00
2.594152660072278377e+04 0.000000000000000000e+00
2.602450364324674956e+04 0.000000000000000000e+00
2.832541859406616277e+04 0.000000000000000000e+00
2.315044507575153330e+04 0.000000000000000000e+00
