-2.985081161693382867e+01
1.210357207079526454e+01
-3.645890105811789539e+01
-7.668446326628476584e+01
7.339560582324740068e+00
1.292234075093647050e+01
1.488732853977548842e+00
2.228220887398109085e+01
-1.841611369574662405e+01
1.383729051691043566e+01
4.290094356109193541e+01
-4.666791499194980020e+01
5.878393741858307209e+00
-3.709824269243057415e+01
2.320776964206775261e+01
3.466227447984476129e+01
-7.069339804959000162e+01
-1.856822000274836526e+01
5.102094412252154854e+01
-3.915924612522974257e+01
2.351161104144481939e+01
-1.918411931178922458e+01
5.443257299692987772e+00
-5.880596887492672664e+01
9.827889339581871297e+01
-6.700640383167903735e+01
4.751031332913747462e+01
2.801790887301868693e+01
-2.635192455573076842e+01
-1.483666244202142259e+01
-3.007212898993139660e+01
4.728828158301166695e+01
1.201004517742530453e+01
-5.138270241851437881e+00
1.612854495390429221e+01
3.457850730266967076e+01
3.939994335203244447e+01
-3.746332438451294422e+01
5.342664835630698406e+01
-2.960045108777175926e+01
4.765598577546897729e+01
-2.681003355086767215e+01
4.821716149914049510e+01
2.820613238161308445e+01
4.061592549841471111e+00
1.165590570917800051e+00
-1.410195623332167614e+01
7.341906573260024516e+01
-2.260262750896509232e+01
-3.494895457922305582e+01
1.405394016041956462e+01
8.085539853602485039e+01
-8.462868876479262781e+01
-2.355050387918396027e+01
3.733131405350912502e+01
3.624236302511638996e+01
1.386178329410031473e+01
-3.043591891884651801e+01
-6.894720068209206687e+00
-3.786115205417841878e+01
2.106249085772363827e+01
2.816814156465892438e+01
2.627587905414579694e+01
-6.210453406921405417e+01
7.659431590046369820e+01
2.605972495088952456e+00
4.774923231447439065e+01
4.556210510475197850e+01
-6.089720904065588769e+01
-5.375123315966366278e+00
1.574953454876547099e+01
-1.104653355270569293e+01
-2.791877529611251418e+01
-2.769679068099749841e+00
1.086132977848015280e+01
-2.253220465172701026e+01
-7.672928555500467596e+00
5.301343542220019245e+00
1.610178155529798971e+01
-1.207586022467761566e+01
9.157243552920386165e+00
-2.164073300715122627e+01
-3.386590565168965128e+01
-5.866241656798451487e+01
5.859220434024884838e+01
-2.066387423119087430e+01
-2.327611831027056155e+00
5.234359199952338315e+01
-4.963090710849679965e+01
-1.282055449568026440e+01
1.247837784584292820e+01
4.506874450603478266e+01
3.112767064374316561e+01
1.950680755381204179e+01
3.097420004421180550e+01
-3.794286985749510066e+00
2.427745517629551841e+01
-6.826762058179619785e+00
-2.147737985281163731e+01
4.374953773325616879e+01
