-3.019788342151122151e+01
-7.694149624104547058e-01
-4.651063938670438347e+01
-6.123223792154047374e+01
-1.378393544745231836e+01
2.065749679926527449e+01
5.463120374119770872e+01
-6.610443532812464440e+00
1.254845076704387097e+01
-6.020374175006288908e+00
3.528444379547385523e+01
-5.991407862061295475e+01
2.736394269953223102e+01
-5.780887430338995614e+01
3.236533877509421586e+01
2.756415403776920314e+01
-8.466629375579277905e+01
3.061738360508148560e+01
2.508712230746206018e+01
-4.826315568599591188e+01
7.940740127932123471e+00
4.375776382200550074e+01
-1.657607429252147924e+01
-3.917661531394244179e+01
6.949703571513259703e+01
-1.112956732639175961e+01
-2.222647626368557638e+01
3.431022614749625177e+01
-6.846361747185105173e+01
-4.286346406445870372e+01
1.489821045390504395e+01
6.646677853660459334e+01
-2.439771321302625040e+01
5.858516161234464903e+01
-9.629463969655596145e+00
6.306099054600809239e+01
-1.016468918856287473e+01
3.435629857910807061e+01
-3.547725595503738560e+01
6.163310231520199522e+01
9.180162814424317475e-01
-2.550885060560045048e+00
5.323919720820187607e+00
3.924712419539586250e+01
2.332830859302704241e+01
-1.223459930119464900e+01
1.256327585273342429e+01
2.978173731765360444e+01
4.000346965269545585e+00
-4.806282207490279035e+01
3.284766578728192599e+01
2.134952303007628416e+01
-1.669013500204972900e+01
-1.765483770589292334e+01
-9.375692268561156340e+00
6.350530739267199465e+01
-8.586163080532063674e+00
-1.043441987616396460e+01
-2.587298701119082267e+01
-4.571074549315653002e+01
6.169966112024167870e+01
1.997652550674616023e+01
-1.469313525287566335e+01
-3.063778273954820719e+01
5.974146457122790821e+01
3.296947887332237315e+01
2.997825117599712996e+01
3.198698602645539779e+01
-2.398044362600450441e+01
-3.107073208473098447e+01
1.036755176601358563e+01
-7.260778804872975556e+00
-1.323456327272893773e+01
-1.071434893546031830e+01
2.045368186555006673e+01
-3.216276242776746130e+01
-3.759315265481602886e+00
-2.517103895638340560e+01
6.303688117584019324e+01
-2.670836604089501520e+01
-7.366741060701023969e+00
-1.331099967328258238e+01
-7.221199326923098738e+01
-3.089665717449478421e+01
5.581060377221937330e+01
-1.480961505360134112e+01
-4.072071805669317257e+00
5.550160643640654712e+01
-4.206050468681691257e+01
-3.783697311159441057e+01
2.855064621827529692e+01
5.380824343788013664e+01
3.390972355965119078e+01
1.172008226288743238e+01
3.180838436497259281e+01
5.190321964560371981e+00
1.661156605534822717e+01
-1.047912498253371361e+01
-5.439493847785814573e+00
3.965106426044371091e+01
