-1.133895773638368176e+01
-2.888572849867395220e+01
-5.497043042324862228e+01
-4.164304283516385397e+01
-2.189765161559625994e+01
1.066301916194237975e+01
3.363816420047891853e+01
3.239320284169067321e+01
-9.180043579963580669e+00
2.645617565764570855e+01
2.319244291429879468e+01
-4.518551759570549109e+01
-4.759260513578897189e+01
1.462396923463394138e+01
4.074042879997134037e+01
-5.994413862501910728e+01
-2.644656346063542429e+01
-2.376160623499876223e+00
3.492726913415565093e+01
-1.848676983580477540e+01
4.448705812564280215e+00
2.869463427929215982e+01
1.400106891660690422e+01
-3.507771929827183754e+01
2.545879635347434800e+01
-1.018683583476630972e+01
1.152027363657204262e-01
2.132218362971140735e+01
-2.762792534362368002e+01
-5.607757034845688793e+01
6.111419024719559445e+01
2.368983359034000813e+00
-3.849597393130939071e+00
1.830952454391519879e+01
-8.347507074551607786e-02
7.161940071533319951e+01
-1.293002271439570805e+00
2.874211188399196715e+01
2.547688647001677964e+01
-4.566016701802907818e+01
5.136252709390811333e+01
7.626660425114870634e+00
-4.201761226307237251e+00
6.002615947786686945e+01
-4.465750746206093424e+01
4.183639958238187262e+01
1.242313227086589933e+01
4.267664409789655622e+01
-2.324668395846375546e+01
-2.418308094886207726e+01
2.979891678483150130e+01
5.414214078304274835e+01
-5.459692060524726287e+01
-2.757714011116266661e+01
1.020020263869270138e+00
7.336155800391090054e+00
8.200271523353730174e+01
-6.614037852095020753e+01
-6.624689743383669338e+00
-1.032211789133937430e+01
2.057743529207436595e+01
2.245584224404739260e+01
3.405709195983191506e+01
-8.953186508318098902e+01
6.594551627361543922e+01
-1.095458099508928029e+01
6.803582458042986048e+01
5.484039544149469947e+01
-7.701149689367109374e+01
3.814358337820135603e+01
-3.685990366152434916e+00
-2.416974830909770944e+01
-5.856651450109804813e+00
-1.323412410994072808e+01
1.603167110823061492e+01
-1.741479329289325051e+01
-2.351034778636878997e+01
-5.317127110763808062e+00
4.303237354983679097e+00
2.507831840371069987e+01
-1.758309451991938488e+01
-1.983432815009861372e+01
-3.801335252319380231e+01
-3.272476463532639457e+01
4.591033601565374056e+01
-1.552570158595301919e+01
-2.476671774881273791e+01
5.901786737093055990e+01
-3.787760742116909540e+01
-2.308140174305998826e+01
1.401919664520212905e+01
6.520580193850275919e+01
1.300076599440773961e+01
1.694616291631365712e+01
5.709626214306695147e+01
4.853061555506096525e+00
-1.594572857649576392e+01
6.469504815446708079e+00
-2.551909591967435631e+01
6.544414227699857634e+01
