-2.856649326646120457e+01
-1.602189962527468481e+01
-3.454118582346384869e+01
-4.567434438223538962e+01
-1.801722569715579070e+01
2.569841729156474841e+01
2.467687925574839625e+01
1.140321596801769921e+01
-1.196329814877792330e+01
-1.143975269551790630e+00
2.347460238305717439e+01
-3.157127984930738407e+01
-9.065758577467891044e+00
5.725915365504922860e+00
1.575637820683385293e+01
-2.161534287835438661e+01
-4.322504693456045288e+01
3.163038952576836316e+00
3.125600678543046840e+01
-2.976011572028664531e+01
2.545843038349806875e+01
-1.851345019064162756e+01
1.974514131187257604e+01
-2.430642917398870750e+01
3.033859045797462883e+01
7.062898027217004326e+00
-1.233043415413079202e+01
3.183744825214052909e+01
-3.592845772650394309e+01
-3.442635246406655369e+01
-5.827644661713752505e+00
4.170626505348512580e+01
1.787304043197722336e+01
3.551287268998629898e+00
1.063916132844797247e+01
3.431957685334038644e+01
2.392046117937404759e+01
2.484268639566651871e+01
3.428674763486053934e+01
-3.605633649177510591e+01
2.880739375518772505e+01
-2.892133487110813306e+00
2.821820163076936439e+01
2.090858928389659965e+01
1.970693111196282210e+00
1.504371625507833166e+01
-5.214720872187399436e+00
3.949049349247996332e+01
1.161845921913856294e+01
-4.935568391808286748e+01
2.071099746822502041e+01
4.811354810875653243e+01
-4.267918000331126649e+01
-2.677104491084656956e+01
2.657074750960279275e+01
3.037118509711991976e+01
3.776327535250079137e+01
-4.628799832136203207e+01
-1.866393116000732988e+01
-2.275494475163547392e+01
3.733322622130447854e+01
7.810288833621614302e+00
1.936032368965303974e+01
-4.214065955126723395e+01
4.878173022978059237e+01
2.464917276014255165e+01
4.060949096113980517e+01
4.377180346309079084e+01
-4.539441803795581620e+01
-1.247240311077002950e+01
1.371784104184260045e+01
-2.193302483439136807e+00
-4.085327192443612887e+01
-3.301200222840774856e+00
2.594039414084867445e+01
-2.946243366206075009e+01
-2.023287654538788161e+01
-1.038298337803964522e+01
4.546610653722500928e+01
-1.001189439984924689e+01
-1.095122063726276629e+01
-1.809899336396147973e+01
-4.870352955292783292e+01
-3.218257869693270834e+01
4.926488185423497157e+01
-9.376704710186963609e+00
-1.681419195294619939e+01
4.840499052700817373e+01
-4.416111755485086121e+01
-7.473189417760487174e+00
1.322710466741080282e+01
4.708299220699215937e+01
2.381003473304117790e+01
2.704284107739620424e+01
2.671350833097078947e+01
1.481977782388621634e+01
4.164726118634922258e+00
-3.156166501980093742e+00
-2.104363410292846481e+01
4.985018323321804701e+01
