-2.861932961617592497e+01
-1.600684268369485608e+01
-3.449334128903562657e+01
-4.561482610795385284e+01
-1.803947642711409216e+01
2.575988462438072801e+01
2.476196607459681331e+01
1.148487862933696491e+01
-1.195363058460868189e+01
-1.250960975870135661e+00
2.354813658678525456e+01
-3.161293979287918887e+01
-9.040646853568651053e+00
5.565154665222810770e+00
1.568018366201691549e+01
-2.153664311669601972e+01
-4.322326021597686463e+01
3.013778501489704720e+00
3.122420138324535799e+01
-2.990834466595186569e+01
2.550216616950351423e+01
-1.845228887712202237e+01
1.963164732382310618e+01
-2.431065290447652316e+01
3.035511192744093378e+01
7.043357927620021108e+00
-1.228938872363155532e+01
3.184107853831687152e+01
-3.600938086260298832e+01
-3.433439448051401399e+01
-5.769497836831406268e+00
4.169579147442009770e+01
1.779347588194879037e+01
3.463687910684352111e+00
1.054192812859429829e+01
3.422556813652879271e+01
2.387910081641884119e+01
2.483883527537956226e+01
3.427335962956555448e+01
-3.613640358930580732e+01
2.881979405313943943e+01
-2.869197962803817781e+00
2.834945950658898184e+01
2.099356608008579173e+01
2.059249504018717314e+00
1.492859655598846658e+01
-5.244577019863985612e+00
3.958680781799981219e+01
1.161522494737112332e+01
-4.935941616865473236e+01
2.070028507817137253e+01
4.804108071300250771e+01
-4.267059001986509514e+01
-2.680320096448565792e+01
2.648478980698977026e+01
3.034101824496280742e+01
3.776982696417609020e+01
-4.621633187462818171e+01
-1.858216618512164686e+01
-2.276035483500635692e+01
3.733391017343099350e+01
7.886280616926724107e+00
1.930298125475321314e+01
-4.217978323061040413e+01
4.872742041795004297e+01
2.468574894191844393e+01
4.050389978831788085e+01
4.380351902249143592e+01
-4.540187444016082452e+01
-1.246873089611091956e+01
1.361818033416803431e+01
-2.189958491961184084e+00
-4.097519148230132657e+01
-3.193081392970186894e+00
2.575175418208032951e+01
-2.949513575847522517e+01
-2.028569933705866646e+01
-1.040832348943988706e+01
4.539461589452035639e+01
-9.975695360362434982e+00
-1.107729979374848561e+01
-1.820895387553770561e+01
-4.868648514677548178e+01
-3.216868293726819417e+01
4.931203933842515852e+01
-9.527002172401674684e+00
-1.669025441499658768e+01
4.832495811134480590e+01
-4.404792881240384617e+01
-7.541040903033517040e+00
1.324428646124443176e+01
4.694318049529258019e+01
2.378293273677887498e+01
2.712004444248141155e+01
2.658112198634817247e+01
1.458436612545811428e+01
4.142739113077024804e+00
-3.197961376329445660e+00
-2.104311817657166372e+01
5.003126676317291555e+01
