-2.850143130300266137e+01
-1.587253962621477577e+01
-3.423121842254338532e+01
-4.598326794212438529e+01
-1.823072948603920551e+01
2.566526602748805530e+01
2.497079540625151139e+01
1.143098954842807302e+01
-1.256814386944413897e+01
-8.180945065665986560e-01
2.346288410484425668e+01
-3.148979257392951681e+01
-9.241029932556944715e+00
5.716601462735185102e+00
1.596259566951800224e+01
-2.124323473586222377e+01
-4.331891040352898870e+01
3.053450817692876740e+00
3.097367416108799532e+01
-3.014808260510154980e+01
2.556518024560111257e+01
-1.887472428747228648e+01
1.960977706448972313e+01
-2.434714666456636678e+01
2.997896334642441118e+01
6.876620677063761455e+00
-1.233152675008463106e+01
3.166538249388532122e+01
-3.566257887089231815e+01
-3.404943982162637894e+01
