-2.844402232092836513e+01
-1.591811749575662205e+01
-3.418451589010584257e+01
-4.597541218633416804e+01
-1.827788974927634769e+01
2.567200202722657210e+01
2.494282873625579811e+01
1.145798085796041477e+01
-1.256600593521907605e+01
-7.809110376841357226e-01
2.342286243625038011e+01
-3.144384738420810876e+01
-9.192738736649726405e+00
5.755433465234448320e+00
1.591108124112690447e+01
-2.136036002570195080e+01
-4.334827055757610736e+01
3.136377635838054179e+00
3.093099558005458150e+01
-3.011510592370682105e+01
2.552452349802988607e+01
-1.891217343478635371e+01
1.966842217995091602e+01
-2.439195682651146768e+01
3.000986711662778816e+01
6.894556837501188973e+00
-1.244626465580578589e+01
3.157450595084975831e+01
-3.568831401880510157e+01
-3.413337121398564022e+01
