-2.871441437769065175e+01
-1.615249160368924919e+01
-3.428041924152130804e+01
-4.559253691371944228e+01
-1.792848835086247661e+01
2.580598309508851429e+01
2.452761784765083419e+01
1.109223231583142777e+01
-1.162896806500116931e+01
-1.023926936867080029e+00
2.333735182896431581e+01
-3.144618189911095030e+01
-8.911557147961838510e+00
5.797745599382947645e+00
1.546203000241458447e+01
-2.190155012373499943e+01
-4.338739973048885901e+01
3.566866849354103586e+00
3.135023145677860867e+01
-2.963358562218231285e+01
2.520637906335807088e+01
-1.854533865021913641e+01
1.980324392893279395e+01
-2.460813837676681004e+01
3.064792245076464283e+01
7.218109633819212334e+00
-1.238976756002525015e+01
3.177526382538054861e+01
-3.619644823051643101e+01
-3.458204859811395693e+01
