-2.868870334442626913e+01
-1.620950954325300941e+01
-3.434176788048154094e+01
-4.559845808577919257e+01
-1.796897690490072108e+01
2.579042977068760578e+01
2.444641082214168648e+01
1.097139548407235665e+01
-1.168242240198420134e+01
-9.578155620442567741e-01
2.332046470131220062e+01
-3.137906145676307901e+01
-8.934154635412655310e+00
5.694099404558161659e+00
1.546193829916235352e+01
-2.184111649351443418e+01
-4.334534535852400694e+01
3.636658048753270478e+00
3.131478885237137888e+01
-2.971525215420493637e+01
2.528876155757654942e+01
-1.846064252513088988e+01
1.982271495346676460e+01
-2.452024410359124218e+01
3.063439444867749373e+01
7.258229299351505404e+00
-1.245172776826063554e+01
3.177844138764025672e+01
-3.618134169537148637e+01
-3.455734626706997403e+01
