-2.869164606496591219e+01
-1.619893144529572382e+01
-3.436024840580718376e+01
-4.566429246662499963e+01
-1.784590330681059100e+01
2.580644432142063494e+01
2.445632539860715937e+01
1.109418908733094966e+01
-1.172199877940872526e+01
-8.342100411233948076e-01
2.330721920246161361e+01
-3.141946421082443663e+01
-8.978822444789196666e+00
5.638369884650767716e+00
1.552135637744071417e+01
-2.195001602175282329e+01
-4.331230413498283127e+01
3.545337898534685284e+00
3.130817878861922310e+01
-2.953141417263417878e+01
2.528174802674881860e+01
-1.840938519100855331e+01
1.981035926466180186e+01
-2.453521506037412436e+01
3.065030520635979272e+01
7.238326059860773043e+00
-1.238000057852778646e+01
3.172682944831304752e+01
-3.618759716986622976e+01
-3.458497323086074715e+01
