-2.848385230282578462e+01
-1.596348412539467887e+01
-3.437224609992226476e+01
-4.633138521594359105e+01
-1.838460178447082782e+01
2.622999226213423896e+01
2.519935476960214515e+01
1.148773130157609224e+01
-1.224682050137132805e+01
-1.047498353039219010e+00
2.360185497447556813e+01
-3.181314267034410648e+01
-8.741514249672643899e+00
5.735066093207675131e+00
1.590187620506630495e+01
-2.134642028604004693e+01
-4.356944206710304712e+01
3.202521649803363513e+00
3.131401072657636320e+01
-3.008992296359704710e+01
2.536339671014060571e+01
-1.909294222427097054e+01
2.013198564388178013e+01
-2.444537898549169697e+01
3.062281096483542342e+01
7.192807112584112872e+00
-1.256023213752821377e+01
3.214483466013059143e+01
-3.551956635264100726e+01
-3.378139520536946350e+01
-5.869955956473805081e+00
4.211419805148013751e+01
1.842779378702510229e+01
3.433430795450703066e+00
1.088481631319524467e+01
3.375722506982489080e+01
2.339606859214685386e+01
2.432969502185459731e+01
3.480381134796051157e+01
-3.564317813191858164e+01
2.882044874097898557e+01
-3.296776335613188280e+00
2.784690979286976997e+01
2.128091867630594436e+01
1.934784503152304991e+00
1.520576362346508148e+01
-5.731738682743071855e+00
3.933671926306283240e+01
1.196512045668769275e+01
-4.990939330385419481e+01
2.057476102446791799e+01
4.824391217493754169e+01
-4.227129235892676462e+01
-2.690093212372723031e+01
2.636703283479324611e+01
3.029260269532575833e+01
3.744786448369167431e+01
-4.628019516978309156e+01
-1.864642486166950519e+01
-2.304128329580007772e+01
3.717622804529715808e+01
7.661061178048441000e+00
1.961407218153329168e+01
-4.208331553406593173e+01
4.855512555886159021e+01
2.407951486310064126e+01
4.036201868017776206e+01
4.417248968961539646e+01
-4.546551259076925788e+01
-1.271643852229428262e+01
1.363901762960542818e+01
-2.451580572109671952e+00
-4.102729889723577372e+01
-2.621980986919246970e+00
2.567217702165613247e+01
-2.964493685464214678e+01
-1.989459280930727658e+01
-1.017064010477916369e+01
4.534794384351308594e+01
-1.001849268881046484e+01
-1.091381865187937095e+01
-1.820489611225039539e+01
-4.907242545315504856e+01
-3.214652897461984082e+01
4.869005146827567643e+01
-9.267702536216068765e+00
-1.708695124281898359e+01
4.831515328521681596e+01
-4.399577678726750207e+01
-6.987684929986482274e+00
1.360191086118727100e+01
4.739771029188423057e+01
2.417456913844175048e+01
2.676285196454122328e+01
2.643402718722956735e+01
1.518903613680689979e+01
3.887473761475765066e+00
-3.378547433064368111e+00
-2.162446361813405105e+01
4.991574965258021734e+01
