1.126433278298658802e+00
8.344131043422670757e+00
-9.424907528721002237e+00
-2.981775432715216567e+01
-2.924036194953661294e+01
-5.602099645525079552e+00
3.694478548476480739e+01
5.528991693157291820e+01
-2.970913643043446939e+01
-7.879552981157011970e-01
-1.359235634263241010e+01
-1.384253415697088485e+01
3.412239557403412960e+01
1.577495406531314970e+01
1.870725137997782639e+01
-2.462268853989530726e+01
-2.622532549491226916e+01
2.074147686176313954e+01
9.981604857725223212e+00
-3.374763748474302361e+01
-5.989199724158224569e+01
1.591233655621427268e+01
4.117313861024454269e+01
-1.418631249242682202e+01
-2.008119315242694825e+01
-1.772765909665616135e+01
2.127908803126316428e+01
1.123679828653897239e+01
-1.587212624335825772e+01
5.193138714842305603e+00
9.669056101530451031e-01
-1.438323816826782675e+01
8.213610106305610614e+00
-1.162183931006032367e+01
-7.070465598202403612e+00
9.958252156593957238e+00
-2.227022309174839165e+01
4.189706164525752285e+00
-3.013758667804268043e+00
-1.179687466808821661e+01
2.832824074913173718e+01
2.245383239819707555e+01
9.008417499336147216e+00
-1.183126399540792484e+01
-3.452978618412278600e+00
-1.174760621501984303e+01
-2.057515971408058419e+01
1.252486486721250714e+01
4.068170554851328546e+01
-1.172857182263963338e+01
-4.577736670281009879e+01
3.144552175525327087e+01
1.470317349557640085e+01
2.294692962379814460e+01
-1.223787216228502928e+01
-1.572085843444114417e+01
-6.768433933743690289e+00
-3.835600024272672215e+00
1.907766984006853761e+01
5.959240985689856274e+00
-2.921478393845205090e+01
-1.910586912568839324e+01
2.494684769595960461e+01
-1.202988541901469866e+00
-1.353870070133599057e+01
8.100846930161242909e-02
1.101253031538579741e+01
-8.109722496345478149e+00
-9.386758253869171398e+00
1.949123950139786032e+01
4.281998182764308325e-01
-1.162652104553097088e+00
5.774463934812334998e-02
9.708381984481810889e+00
-3.044975569783519909e+00
-9.678762379008951200e+00
1.104450593761819732e+01
-7.711690032544498585e+00
4.094168865082997932e+00
-5.846632455984255294e+00
-8.809032052504635502e+00
-5.471722990841782597e+00
6.907450648431116669e+00
-1.430543578596159993e+00
8.597289739858592128e+00
-3.846900023902773746e+00
-7.617064153416741590e-01
-8.042690281282231624e+00
-2.809925132977994622e+00
6.569058149530193624e-01
-8.183115822434636755e-01
4.905392648536723854e+00
9.643451416972350643e+00
-5.646540112864695260e+00
-7.946426925407716446e+00
6.001177158424262359e-01
-3.336129603723556158e+00
3.531013477576385284e+00
-1.072729206710875260e+01
4.828225903858237578e-01
