-2.758377385268706306e+01
-1.504224305451628041e+01
-3.330667696305610548e+01
-4.489652505929588955e+01
-1.721750729873179608e+01
2.646062288779073413e+01
2.523588689331338131e+01
1.149153460052937881e+01
-1.203596432156402329e+01
-8.901383590169456017e-01
2.341927015104229426e+01
-3.145725132244473343e+01
-9.056994909126192539e+00
5.744413362971709347e+00
1.568909657956771575e+01
-2.157679626375847803e+01
-4.335841709258370713e+01
3.359559441442712568e+00
3.115672261475101834e+01
-2.989295843459109037e+01
2.544208539331933494e+01
-1.866286371463079163e+01
1.975981972137575937e+01
-2.442011185315775990e+01
3.032196769386522561e+01
7.089885621473709598e+00
-1.240545716907855933e+01
3.173468490611450932e+01
-3.594332970089287471e+01
-3.428942112088274285e+01
-5.939630409334008654e+00
4.164554569605174805e+01
1.789032275209455847e+01
3.658180594943416519e+00
1.071609430095657345e+01
3.418769955310671094e+01
2.370346341687426417e+01
2.465596692971753967e+01
3.439117877254769695e+01
-3.610295752052897456e+01
2.848967395800688962e+01
-2.833377158487753622e+00
2.830926797805821238e+01
2.102125020951106293e+01
1.855052014910185676e+00
1.517311151952507942e+01
-5.458687558021005692e+00
3.969668219214469218e+01
1.172362981631334478e+01
-4.940183968613165888e+01
2.074547763794666366e+01
4.803607231217639395e+01
-4.278684866576237766e+01
-2.677783940719396227e+01
2.649595733736260428e+01
3.042243693523442616e+01
3.775248200947735455e+01
-4.625415832868516475e+01
-1.838495854555350917e+01
-2.267434844238397673e+01
3.752884180916499446e+01
7.865399176912744927e+00
1.927758969980161652e+01
-4.201622766515279750e+01
4.897347965514369150e+01
2.462373404210971017e+01
4.059023373061486240e+01
4.403289479718580424e+01
-4.530982557526712640e+01
-1.254139624290453625e+01
1.380669387772248946e+01
-2.549782660785862021e+00
-4.082799957383942768e+01
-3.019580199335580417e+00
2.591554162540383999e+01
-2.962959933157211978e+01
-2.035481634005554596e+01
-1.031426450583639465e+01
4.528379677375656343e+01
-9.830333140904981448e+00
-1.110059687775012982e+01
-1.822818484901758751e+01
-4.878142811402820911e+01
-3.229661593432150823e+01
4.907440334368440205e+01
-9.454335738408889966e+00
-1.701833314888757442e+01
4.845816662076663306e+01
-4.402587055772497848e+01
-7.466152183168599521e+00
1.332604945715453049e+01
4.698519560496807657e+01
2.383714004233095807e+01
2.721260658744477112e+01
2.679026941321720656e+01
1.467169249219409721e+01
4.075455011621365031e+00
-3.096604823357241631e+00
-2.122040042621329903e+01
4.981737701055831735e+01
