-9.266784691199053015e+00
4.809612805681750203e+00
2.995009059733591883e+00
1.156789027018198546e+01
-1.598026466325424799e+01
7.361782897563935446e-01
-5.606781641345705225e+00
1.069810703943817387e+01
1.728783475584610585e+01
-3.580367804559134726e+00
-1.276548698158173067e+01
-8.421604210719456418e+00
-2.808661984060584871e+00
1.527621373956491624e+01
-8.138374943256396321e+00
7.577730978008876406e+00
-6.671333981759087095e+00
-5.558353567237229953e+00
3.210542349117251781e+00
6.332126193017380444e+00
2.798041649107506856e+00
1.850850354390101060e+01
-3.269098752480648074e+00
-3.675590006569500190e-01
-1.156335590948140535e+01
1.167375121736129273e+01
8.005999446606203662e+00
6.518534676264424732e+00
-1.180601636458696291e+01
-7.003632251403789866e+00
3.491982583593699729e+00
1.828486030098509119e+01
-1.510549054191334228e+01
-7.638804503810813884e+00
6.376155825825087220e-01
1.589826751602992161e+01
1.310166436474971263e+01
-1.044070864582987568e+01
-3.866684115031588931e+00
8.606846564544907707e+00
6.770930684811675704e+00
7.033957069410009311e+00
1.983063694399904620e+01
-1.288221855989243991e+01
4.223776009234381235e+00
-1.826350134333765141e-01
-3.955752250745975918e+00
1.585922945714428423e+01
-1.111299379968451362e+01
-8.688728939717169197e+00
