-2.805253880166002034e+01
-1.472645317913885954e+01
-3.468580531424130697e+01
-4.905883662808166434e+01
-2.172680086240530528e+01
2.423239879188198387e+01
2.358118736984945230e+01
1.269452761257852025e+01
-1.156318729704054249e+01
-2.168910885740704231e+00
2.386889855813906891e+01
-3.469699471090079612e+01
-5.202217168613979759e+00
6.317814515356722893e+00
1.423598149162676485e+01
-1.899804220765701501e+01
-4.313774367634925966e+01
4.293079153455691355e+00
3.292182618285973916e+01
-3.025311183310803997e+01
2.421977305047549933e+01
-1.554027009361604605e+01
1.899549979238888753e+01
-2.459285484067829941e+01
2.831090709625624058e+01
9.669051629271592674e+00
-1.208894316401386781e+01
2.991509558905130817e+01
-3.601059903730742207e+01
-3.805008848684404654e+01
-7.650191739899804944e+00
4.178595068390586675e+01
1.819121396645497768e+01
5.482656836305785930e+00
1.186524892217574312e+01
3.611938894417564683e+01
2.634546025481137477e+01
2.566551948201268374e+01
3.210513609364036824e+01
-3.705959840297019525e+01
2.694386441657784914e+01
-3.550883522572099604e+00
2.947968405081468291e+01
1.954824940520033749e+01
8.909430332746026693e-01
1.477948300276896632e+01
-2.087702014350600876e-02
3.842236709332958355e+01
8.998521903370319208e+00
-5.169800845712164516e+01
2.031907497204750968e+01
4.665313990157959267e+01
-4.214857337347925892e+01
-2.745104331424654021e+01
2.494031132398720985e+01
2.928247590244091825e+01
3.576503231270620375e+01
-4.656272416845656181e+01
-1.824058265982761284e+01
-2.171144619443481005e+01
3.532494338912501064e+01
6.995049717639844289e+00
1.899144806610857117e+01
-4.321029666078844400e+01
4.327637397545059628e+01
2.253753883832520799e+01
4.152094760368852633e+01
4.488147381319788565e+01
-4.291358263503722981e+01
-1.246643269874695648e+01
1.389376938731835764e+01
-1.521118250702057306e+00
-4.131255662236844017e+01
-3.215491115299377700e+00
2.562723534104836887e+01
-2.646907393636396932e+01
-2.270630622839948387e+01
-7.588577134661358414e+00
4.847292124983779615e+01
-1.051595157428048388e+01
-1.221098835503491209e+01
-1.676258321551032182e+01
-4.844081705721674780e+01
-3.220222863587116535e+01
5.197149253541853398e+01
-1.405208303846137241e+01
-1.372102861534170160e+01
4.639801850241482128e+01
-4.351982424054666154e+01
-5.725706755804962356e+00
1.412320044905327165e+01
5.077572550540709528e+01
2.260986350349108420e+01
2.711307667762376639e+01
2.552589955816112166e+01
1.573541442386276934e+01
4.287444640492490411e-01
-6.597423292662059069e-01
-1.788027377373373383e+01
4.889718402439098810e+01
