-2.705832673272068689e+01
-1.468525914252118625e+01
-3.541882673350698241e+01
-4.530554505481752869e+01
-2.009672874580585145e+01
2.215271126419481362e+01
2.330685314370366257e+01
7.856614649657328364e+00
-1.286131444315639705e+01
2.435267480418124464e+00
1.890396372944177017e+01
-2.906817598197257979e+01
-7.214946500182401579e+00
3.792397424348438850e+00
1.867468180787085430e+01
-2.320871708786609133e+01
-4.227523711203779300e+01
2.587491631058382424e+00
3.040015970120092348e+01
-3.222954107740371654e+01
2.728539835737801766e+01
-2.015495821023081646e+01
1.888068111547387673e+01
-2.517082607031541031e+01
2.989972568496542848e+01
7.479566644856819657e+00
-1.472264765778727380e+01
3.336182559086944366e+01
-3.573653382027148950e+01
-3.176760547316679606e+01
-8.177434215917905647e+00
4.014465138318907833e+01
1.694490361327703098e+01
4.795501351228960374e+00
1.242412395785385826e+01
3.351875775525084578e+01
2.202642599210364693e+01
2.253152564325124985e+01
3.331481465643557272e+01
-3.846757575948822705e+01
2.815657550805675413e+01
-9.961720053107478989e-01
3.007303092748809092e+01
2.117715229140842936e+01
-2.152483342727315119e+00
1.522963738461614014e+01
-6.697002126925055698e+00
4.171224162228863008e+01
1.220151902060054461e+01
-5.048045822801004334e+01
2.206984411133159796e+01
4.436619341679561757e+01
-4.123103017698870332e+01
-2.734650940522014650e+01
2.555220006670184318e+01
3.109275364569630540e+01
3.610221819014473255e+01
-4.881799444977824010e+01
-1.851963706215825312e+01
-2.173305175779729126e+01
3.949182393250747936e+01
7.918454296303292672e+00
1.937881931993042528e+01
-4.231571787125517403e+01
5.150208579158702094e+01
2.749220854069962883e+01
4.036082344365090790e+01
4.526578885048225231e+01
-4.314904356102342575e+01
-1.494901751969775106e+01
1.598728186530201079e+01
-1.671569568800165939e+00
-4.543014511690346779e+01
-3.395163734909358411e+00
2.434261622745948372e+01
-2.521199123527190977e+01
-1.414924613886069338e+01
-1.025902399519943131e+01
4.386867408983466277e+01
-7.278388807992481446e+00
-1.114222060540053505e+01
-1.901969809855679472e+01
-5.024134379579574983e+01
-3.318356704839941074e+01
4.967134310304826528e+01
-7.979497879709248842e+00
-1.616590557022957242e+01
4.429791852212667891e+01
-4.309034157204690985e+01
-6.126940969072864007e+00
1.350592732976652677e+01
4.727914200619607499e+01
2.355643577767017049e+01
2.571731885460705769e+01
2.832307175088962481e+01
1.227393128129551769e+01
-2.657568351566963472e-01
-5.202603928300379543e+00
-2.150317322635616080e+01
4.669770383845518325e+01
