-2.850151143789597441e+01
-1.592491391286107394e+01
-3.446594284755195758e+01
-4.692291664915079963e+01
-1.815966169484884318e+01
2.629057809391968803e+01
2.362542507467104613e+01
1.099660133419023467e+01
-1.026129214351791497e+01
-5.460179684695665170e-01
2.356928987089334626e+01
-3.215252388039832709e+01
-9.949389559922019899e+00
4.381667410541744800e+00
1.603208661122550893e+01
-2.108147122834257203e+01
-4.382234311047665187e+01
4.796504993285333640e+00
3.176604754947305054e+01
-2.954382100346359863e+01
2.487077769163869334e+01
-1.747324047890071697e+01
2.020468442318228242e+01
-2.452241060362852565e+01
2.945916439055197245e+01
6.889716728742256713e+00
-1.191358254322546095e+01
3.192697085022954440e+01
-3.623952806715811903e+01
-3.238421191600416194e+01
