-1.987561327539529576e-01
3.672215050244322043e+00
1.279073512363900544e+00
1.413176819532600437e+00
3.267636602177955041e+00
4.143444543105165856e+00
-4.260068993864333464e+00
-2.728455678989816224e+00
4.939089705529665864e+00
4.391431321380731667e+00
2.534677077781903876e+00
-1.517409055480915647e+00
-7.430260823250240954e-01
2.375572054170671521e+00
4.257906443780294481e+00
-4.958061278352365875e+00
-1.832472821445415123e+00
4.052956224369786753e+00
-3.901437305982636605e+00
-2.595274911394171546e+00
3.227147322178224087e+00
1.958105548703838572e+00
-1.440293627176893743e-01
3.147836906088622655e+00
-2.052516710010816148e+00
3.252401603123602936e+00
-1.398388302231464486e+00
-3.458626179837777759e+00
-1.370549950694616825e+00
2.777228186553234668e+00
5.960328224118831564e-01
2.690457315482353007e+00
3.147830797714869178e+00
1.167738479600206380e+00
-4.176580032662839059e+00
1.308127083054459128e+00
-4.618529138913368470e+00
-5.666986501553495925e-01
-3.612078701880031772e+00
1.113356979937270230e+00
-2.859970140545167183e+00
3.210613700020682693e+00
2.685502234724610471e+00
-3.315114930532182758e+00
2.593005842753736356e+00
3.127326041671304235e+00
3.306718117521366462e+00
-1.347020433804527073e+00
3.915784708331035535e+00
-4.843897231915646806e+00
-1.388420133043063887e+00
-1.347593981619931380e+00
7.382535472717925984e-01
3.508196594184706640e+00
6.915727510248355081e-01
2.116742181585253568e-01
3.161609258504736619e+00
1.248361970173296420e+00
-4.006734201546785279e+00
1.224040003759953921e+00
-8.189220273330058975e-01
5.499921656206074871e-01
4.752008757952375095e-01
1.285314743342702126e+00
-4.676059374601492458e+00
-2.220282590636145859e+00
3.987361535605651319e-01
4.410297863173873623e+00
3.740753774969249434e+00
-8.865883146802662207e-01
7.529361389937793136e-01
-4.342060259541160150e+00
3.324598740673874175e+00
5.343685042769743543e-01
3.973279310264302477e+00
1.455389343361354282e+00
3.455552109085888279e+00
-2.153927702001721567e+00
4.083030696632674150e+00
1.985082123751187977e+00
4.195520688072259752e+00
-4.279247596096878326e+00
-4.412855449598611202e+00
-3.345275149208007281e+00
2.154221569618777199e+00
3.310347543600997700e+00
2.056727351594810571e+00
-3.575816631621074659e+00
4.303064383187852115e+00
-3.246942654602895661e+00
-3.185450926812551931e+00
-4.741827499786770872e+00
6.112894796505855544e-01
3.284891613215299433e+00
4.744260174681530273e+00
4.702331871401261409e+00
-4.182980389626705708e+00
-2.229164672469370334e+00
-2.389902062131241678e+00
2.484974796473037983e+00
