-1.987561338542808143e-01
3.672215050175681839e+00
1.279073510353011311e+00
1.413176818840206739e+00
3.267636603659064942e+00
4.143444545541935753e+00
-4.260068992869299187e+00
-2.728455679407296941e+00
4.939089707217688918e+00
4.391431321465657511e+00
2.534677078130946004e+00
-1.517409055086351932e+00
-7.430260836446014316e-01
2.375572055639093350e+00
4.257906443479978265e+00
-4.958061278707625696e+00
2.147311037361016695e+00
4.052956224969871180e+00
-3.901437308688771033e+00
-2.595274912096410702e+00
3.227147322601145341e+00
1.958105547703124838e+00
-1.440293636928021148e-01
3.147836904581498452e+00
-2.052516709200618905e+00
3.252401603304803324e+00
-1.398388301780931098e+00
-3.458626180402761818e+00
-1.370549951074971684e+00
2.777228186895889017e+00
5.960328226293251097e-01
2.690457314115616505e+00
3.147830797426248051e+00
1.167738478790523615e+00
-4.176580031932043191e+00
1.308127085562708736e+00
-4.618529140845007319e+00
-5.666986493913669376e-01
-3.612078700471006876e+00
1.113356980003586960e+00
-2.859970141896378326e+00
3.210613701096363126e+00
2.685502233793685356e+00
-3.315114930443741503e+00
2.593005841451679228e+00
3.127326040713434896e+00
3.306718117152120051e+00
-1.347020432243180021e+00
3.915784707628530814e+00
-4.843897231984132468e+00
-1.388420131777275524e+00
-1.347593980820782633e+00
7.382535482542166294e-01
3.508196592929690105e+00
6.915727510477205353e-01
2.116742162081764189e-01
3.161609258067253236e+00
1.248361972051260427e+00
-4.006734199885962688e+00
1.224040005191768588e+00
-8.189220299015154136e-01
5.499921674926362414e-01
4.752008738633203278e-01
1.285314742290416312e+00
-4.676059375413332830e+00
-2.220282590998833072e+00
3.987361554829929600e-01
4.410297861585394052e+00
3.740753775639424905e+00
-8.865883119433926041e-01
7.529361391174479445e-01
-4.342060258683604346e+00
3.324598743511327559e+00
5.343685054014634117e-01
3.973279310232888051e+00
1.455389343661319446e+00
3.455552109651545578e+00
-2.153927703512387382e+00
4.083030695833280710e+00
-1.994701736222340038e+00
4.195520690050360102e+00
-4.279247597820067028e+00
-4.412855450566778970e+00
-3.345275149599452824e+00
2.154221569388746538e+00
3.310347544147238974e+00
2.056727351454158637e+00
-3.575816629662829982e+00
4.303064384670884479e+00
-3.246942656680912087e+00
-3.185450926951690853e+00
-4.741827497440118222e+00
6.112894801021894198e-01
3.284891611956535229e+00
4.744260174868196067e+00
4.702331870379280687e+00
-4.182980390601771958e+00
-2.229164669991104741e+00
-2.389902061891580942e+00
2.484974797509891253e+00
