-2.855420647877592444e+01
-1.610624758845071014e+01
-3.427119731279265125e+01
-4.572302183111437301e+01
-1.805925786984360570e+01
2.570459650421521047e+01
2.466906831942018385e+01
1.123100491351189767e+01
-1.195461900797821642e+01
-8.303186513457538886e-01
2.340911029297902246e+01
-3.148406167254500687e+01
-8.996590998374962567e+00
5.683166518459136896e+00
1.566157353943552621e+01
-2.173540688291116041e+01
-4.333168592099394800e+01
3.425972606851704239e+00
3.118845529145492534e+01
-2.978220103816208209e+01
2.537011935551949549e+01
-1.864401570712874801e+01
1.980207778040102440e+01
-2.442732064221480570e+01
3.042505688102327355e+01
7.128821453977357336e+00
-1.242741068971237617e+01
3.178766188826662642e+01
-3.607775033021623301e+01
-3.437197932338271755e+01
