-6.759701466281651250e+00
-9.145755703357449917e+00
-7.813748754866702839e+00
-9.361812938805552875e+00
4.592674737558819942e+00
-1.065088559494569154e+00
-7.660979555281057785e+00
-4.927933092367968726e-01
-2.864412811629140521e+00
5.280037891280376927e-01
-9.584229390252016145e+00
-2.750986543069626755e+00
4.209094331804423383e+00
-3.405048108841882026e+00
2.275736670221498503e+00
-3.821027773336719946e+00
-1.402789347357870309e+00
-7.377804641742319980e+00
-3.252075508513279978e+00
-9.112240222478359186e+00
6.953481257869292165e+00
-9.027186399788658111e-01
-8.038051518305881160e+00
2.334486994360893242e+00
-9.624640337486818353e+00
1.175167343325376645e+00
-3.397007028059633171e+00
-7.597782966575573838e+00
-8.697281630175531575e+00
2.361121610154973904e+00
-6.156830453164754857e+00
-6.794727524193432622e+00
-5.416943789985340096e+00
-4.521989358429406636e+00
4.529378427775438531e+00
-3.163692799551848012e+00
-9.983420402168885488e+00
-6.639764977049136263e+00
-9.739137981628704921e+00
-7.471098172934802051e+00
-4.835779647059679220e+00
-3.342736774609669670e+00
-4.739331436161513089e+00
-9.242304010345547383e+00
-4.184213783792066543e+00
-2.652079971710763928e+00
-5.139879300417929286e+00
-8.774431143283987211e+00
1.249655948360048008e+00
-9.736176635664754997e+00
