-6.620152843536143195e+00
-9.616120221252369760e+00
-8.096146173748927310e+00
-9.554310897207288988e+00
3.774696999652437768e+00
3.130322688155715127e+00
-8.914005625842753133e+00
-6.849289928193703858e+00
-4.505424729437629949e+00
4.308676552901757884e-01
-9.576597507168605361e+00
-5.595939944986838555e+00
9.434679639089122993e-01
1.198867509174685875e+00
-3.194716766212769343e+00
-2.649474225655174209e+00
-6.423174485304985915e+00
-8.449691969572656447e+00
-3.285939627022957499e+00
-9.283190481019891749e+00
-2.449894292616553670e+00
-2.609484739437781808e+00
-9.971020851042574407e+00
-5.248120715162904126e+00
-9.564496818185451943e+00
-9.884523467141164588e+00
-7.002921497446280341e+00
-4.977564414783446800e+00
-5.869234659962168088e-01
-4.614492633014533052e-02
-2.192209968530586472e+00
-7.457281526059529320e+00
-9.691030884477747520e+00
-5.471514162860470876e+00
3.208452610980629061e+00
3.642039629286411451e+00
-9.901763549517202279e+00
-8.696782975946987904e+00
-9.789559396921347911e+00
-5.770274177944328287e+00
2.364381828344640724e+00
6.991873068013770842e-01
-7.623465328474392066e+00
-1.050883336345398877e+00
-4.161813603998498756e-01
2.591088563251159993e+00
-7.932138385062247998e+00
-5.072925231183042172e+00
-7.897981411957673004e+00
-9.816912935455405886e+00
