1.708921641340182873e+00 0.000000000000000000e+00
4.083695363753509611e+00 0.000000000000000000e+00
1.300971939469812266e+00 0.000000000000000000e+00
2.007518314642720014e+01 0.000000000000000000e+00
4.502643575942505194e+00 0.000000000000000000e+00
8.715605395081230000e+00 0.000000000000000000e+00
3.407657474675416687e+00 0.000000000000000000e+00
5.313978282020419552e-01 0.000000000000000000e+00
1.474945272742236579e-01 0.000000000000000000e+00
1.379325312151353122e+00 0.000000000000000000e+00
6.015690579792226877e+00 0.000000000000000000e+00
1.819395314245866047e+01 0.000000000000000000e+00
4.240340470930541450e+00 0.000000000000000000e+00
9.271730769084502555e+00 0.000000000000000000e+00
4.458137837532821557e+00 0.000000000000000000e+00
4.490094691411100847e+00 0.000000000000000000e+00
7.273632452403371751e+00 0.000000000000000000e+00
2.955786774846378862e+00 0.000000000000000000e+00
8.792133484975492408e+00 0.000000000000000000e+00
3.563887362079355636e+00 0.000000000000000000e+00
5.561235169836459491e+00 0.000000000000000000e+00
2.456297628531559862e+00 0.000000000000000000e+00
2.964815094001714169e+00 0.000000000000000000e+00
2.119960582320397524e+00 0.000000000000000000e+00
1.037370033884772669e+00 0.000000000000000000e+00
