-2.870721365978423378e+01
-1.619831294421614132e+01
-3.432252401782034212e+01
-4.561402022467647299e+01
-1.925083631684172047e+01
2.612915909491900024e+01
2.438703153354610365e+01
1.167370029025981459e+01
-1.173605626665870183e+01
3.252672773891874813e-01
2.364062811186077795e+01
-3.054870391751999747e+01
-8.650982569746329176e+00
5.759707208104695830e+00
1.526983889066570477e+01
-2.215669376305593019e+01
-4.226414107448869117e+01
4.187715111450067695e+00
3.135370065347166957e+01
-2.932708458415291375e+01
2.435615379049428242e+01
-1.991986498149290696e+01
1.977782904781316020e+01
-2.334013249049478489e+01
3.076516332280383281e+01
6.477124768079320027e+00
-1.206229813832207043e+01
3.181548192724428148e+01
-3.666232135140938908e+01
-3.435127841229735424e+01
-6.032486730225846472e+00
4.196469917189325827e+01
1.750293843139443695e+01
3.666457375085877768e+00
1.107420875057296428e+01
3.449844985558479493e+01
2.323787415158347969e+01
2.401511325321667911e+01
3.398565562623263503e+01
-3.550006626269076548e+01
2.790879727985610259e+01
-3.118244715009077961e+00
2.698785788823656873e+01
2.069136057900934134e+01
1.594656342491518775e+00
1.573801257834827894e+01
-4.944649737284837698e+00
3.909832222100852306e+01
1.199184800353007851e+01
-4.905694488207883097e+01
2.089191917578220981e+01
4.812130546046179802e+01
-4.353301283954459677e+01
-2.712879263469320534e+01
2.645548096780434477e+01
3.060291979402247975e+01
3.749211864404396266e+01
-4.629592422673537300e+01
-1.888742570130909115e+01
-2.214207904742409028e+01
3.775167872584765405e+01
7.326926033260177995e+00
1.952053295142290423e+01
-4.161402786212011051e+01
4.863826497673860416e+01
2.459134036313925620e+01
4.032312980560043769e+01
4.362200328962374130e+01
-4.572443664359651194e+01
-1.246491108586150887e+01
1.355427198540545142e+01
-3.530750125742411427e+00
-4.189058740289284799e+01
-3.320622100837061552e+00
2.506469302299888469e+01
-2.972298754293445455e+01
-2.013572081760638000e+01
-1.046080201239770702e+01
4.586833409710465048e+01
-1.014928548567720412e+01
-1.249817370976303543e+01
-1.885928572508219858e+01
-4.875644407206500119e+01
-3.264966848998816573e+01
4.886893049022760493e+01
-1.046622126841615241e+01
-1.689310043365870939e+01
4.877293986437759798e+01
-4.446307139551114318e+01
-7.762165707488135169e+00
1.360418142120168561e+01
4.825333703561449994e+01
2.464465340112656833e+01
2.686408766621154598e+01
2.632071310693286392e+01
1.534639229269432903e+01
4.619003823887024573e+00
-2.896990345210693540e+00
-2.050470344461794525e+01
4.993429896874951623e+01
