-5.501985262867307114e+01
-5.062383494472621237e+01
-3.230381204617864199e+01
-3.671711527823080701e+01
-3.488140264897616305e+01
1.769362293313132284e+01
7.073687070322851866e+01
-4.421419839637090377e+01
7.575614604885153369e+01
3.497137697956922153e+01
4.175313389325334867e+01
-3.529381411319415918e+01
-6.803710315837352596e+01
1.379488546773961843e+01
8.091141341129383591e+01
-3.317769230024539695e+01
-6.964839845461084167e+01
4.622832071832405632e+01
-1.101850390028429771e+01
-3.791690859650742595e+00
4.194828891388383596e+01
-7.590122565975094915e+01
3.530216261045745796e+01
-4.420130818014619933e+00
-2.947154884692824339e+01
6.065914713628004051e+00
-1.852996242887258305e+01
-4.560988635719154161e+01
-5.067338474085593703e+01
3.627776882560286964e+01
