1.146777534735379511e+01
1.462524770097917326e+01
4.508671358175384825e+01
5.600342204457010098e+01
-3.612962768758261944e+01
-5.978096449788210975e+01
-1.579040862723515204e+01
-6.377469545158604092e+00
9.973998829461291393e+01
-3.210264520491267604e+01
-1.345362072822429411e+01
-2.316709698382231863e+01
5.926667282180534357e+01
1.760053243973048254e+01
-1.718907515073451719e+01
2.764062906023838551e+01
3.355539383558664923e+01
3.978877350437190330e+01
4.133990405842712335e+01
1.688119243710977457e+01
4.384242656777554714e+01
-1.609084224151165898e+01
6.372593806551452644e+01
-2.667362203535740406e+01
-8.624528195795795682e+01
-7.352525456892848865e+01
-9.666402395235023448e+01
-6.944477345420776260e+01
-2.427558047852713230e+00
-2.672291073217965263e+01
