-5.976136898425928656e+00
-9.044096760684761094e+00
-9.223758373100107377e+00
-9.391025549125929572e+00
-8.165257496322281483e+00
8.434020115881976309e+00
-8.346299880791768544e+00
2.927264662595339573e+00
-7.301726305842671572e+00
4.479897121679178973e+00
-9.367646006469737330e+00
-2.634297090237831540e+00
-4.797755471036087904e+00
7.632507605307330856e+00
-3.735446620231213988e+00
-1.335497533650525481e+00
-7.776192574946883873e+00
-4.068168927590930295e+00
-5.121190082927646881e-01
-8.786969563540038664e+00
-1.860502180792992455e+00
-2.251138682349464737e-01
-6.779550619504918885e+00
6.385006182234809202e+00
-8.777458903328765771e+00
4.324319037206184824e+00
-1.904083039584102188e+00
2.272123262415086664e+00
7.156667178696591858e-01
4.186055559248758051e+00
-5.680988003488875115e+00
-6.762856928867224227e+00
-4.367362803423336715e+00
6.758645703543302297e+00
-2.962452163734807797e+00
8.668261705559606511e+00
-9.940716393821489305e+00
-1.122206099822344427e+00
-9.915205981441406635e+00
-5.530833172821088439e+00
-9.146509393307171720e-01
9.278621948871810243e-01
-9.111576485664043545e+00
1.079463054752465956e+00
-3.088305799031320742e+00
5.473837333298753549e+00
-5.097814283650564882e+00
-3.281727518293756418e+00
-2.279357936446402277e-02
-9.769063018680569144e+00
-9.780454784989494499e+00
-5.639172607007759908e+00
-9.029801892867292068e+00
7.648443248382947424e+00
-3.774969274915382478e+00
-7.647850905511640818e+00
-8.655166976695655379e+00
-5.474843921595547336e+00
4.565894730418973424e-02
-6.063087324056454896e+00
-7.798951902490570909e+00
-6.032447919822055971e-01
-1.380937764843301885e+00
7.231558715588272790e+00
-8.406981074418656164e+00
-2.286077138013174803e+00
5.246448611806224349e+00
-8.566683479967698300e-01
-9.077072029788112673e+00
-3.515734307178691065e+00
3.097833084554007854e+00
-8.090063455518123448e+00
-5.184341124588698335e-02
1.501686627847414801e+00
-9.817901286161635710e+00
1.249223041352972352e+00
-5.033952379991144532e+00
2.953816843811859272e+00
-3.565499838959974355e+00
9.449371058171035287e+00
-2.620249371630869462e+00
-8.077929654614809607e+00
-5.927464425902702949e+00
7.134264266676754396e+00
-6.027484890791647842e+00
-2.757058454289008864e+00
-6.956186881426685176e+00
-6.694852448830503899e-01
-8.775536965198273975e-01
-4.702659431614199192e+00
-4.023864512031273932e+00
-8.999925908194468249e+00
-5.372648985598275750e+00
9.269143265199835113e+00
-6.268126968700354240e+00
-3.560294523337932393e+00
-9.075029554180677138e+00
-3.767477389393191767e-01
-6.743416344658847095e+00
-6.591899718062856017e+00
