-6.597065087240483905e+00
-9.087346523369374651e+00
-6.976260499340460441e+00
-9.391416821085545763e+00
-1.956988100846422107e-01
8.433164229795924172e+00
-8.879333092169023445e+00
2.929339146134709804e+00
-1.232220548098508228e+00
4.477532564291803574e+00
-9.688953439261034362e+00
-2.634075717190549781e+00
-6.005897564694429036e-02
7.631990502183738201e+00
-4.864943591792947331e+00
-1.335757447970663980e+00
-7.894519551152013648e+00
-4.066702438814377984e+00
-2.058467046562395097e+00
-8.787363695711091438e+00
1.014349874208793745e+00
-2.244121220070081635e-01
-6.517263645459434152e+00
6.384424100962493576e+00
-8.767496671120992957e+00
4.323515733369172054e+00
-3.923136505953776165e+00
2.272368659428249504e+00
1.233844455895689585e+00
4.185318417801166646e+00
-6.619914318433573364e+00
-6.763662481130880089e+00
-9.684342610655567896e+00
6.758445995962407693e+00
-6.607070199482541817e+00
8.667851159474114553e+00
-9.940716393821489305e+00
-1.121217803542022384e+00
-9.903594911683800461e+00
-5.531558094414822158e+00
3.549055709957094962e+00
9.286859752717264715e-01
-8.197655661204297672e+00
1.082804560646864589e+00
-8.827016223530741001e+00
5.473548446449206573e+00
-4.882495084682775044e+00
-3.281737200253152853e+00
1.551659819375321270e+00
-9.769672099090135120e+00
-9.721716111779471703e+00
-5.638740983279028285e+00
-9.781843841531914663e+00
7.648022649893300162e+00
-8.404865788810194971e+00
-7.646940095249668445e+00
-6.762118659516922037e+00
-5.473848224987831301e+00
-2.886174138450869009e+00
-6.063511132221303335e+00
-8.648387544486038081e+00
-6.033131285040240765e-01
-5.153467707123013497e+00
7.231427753006609116e+00
-9.266812038862356715e+00
-2.285039311086590530e+00
-6.496144777488785493e+00
-8.555327612947216664e-01
-8.455949474334538252e+00
-3.516943888563598186e+00
-2.810485314824698655e+00
-8.089640924079166240e+00
-7.921985671989077993e+00
1.502136803662958764e+00
-9.787131755052589810e+00
1.249654401092144207e+00
-4.936401521434408579e+00
2.953018431913590369e+00
-2.154800941035202921e+00
9.447917090866109646e+00
-5.651525827723409279e+00
-8.078516344616259559e+00
-7.628729408230013220e+00
7.135077309683508062e+00
-7.835214928704014703e+00
-2.757829774246626009e+00
-7.956247496462824031e+00
-6.673060767512031255e-01
-4.244753455403605713e+00
-4.702753399523754041e+00
-7.975708248055083160e+00
-8.999383817397742291e+00
-9.211377990296059082e+00
9.269411109560339312e+00
-5.662125038828177637e+00
-3.560241530658961651e+00
-7.293913397042333102e+00
-3.752905113225318834e-01
-5.563231165960292657e+00
-6.593264953631643444e+00
