-2.762934589983330014e+01
-1.513031644043486779e+01
-3.346689288597235645e+01
-4.518152821720078549e+01
-1.766154213766303727e+01
2.586835185019823768e+01
2.472863634201726768e+01
1.123797665592664607e+01
-1.214383777757987026e+01
-9.130820548191502795e-01
2.342351249174327421e+01
-3.145860510753541917e+01
-9.052009120700255096e+00
5.748975019770670158e+00
1.569172546507672017e+01
-2.157479834996616219e+01
-4.335912477569590351e+01
3.362645321308623814e+00
3.115823985426700204e+01
-2.989876498009251904e+01
2.544136778606610605e+01
-1.866864279879917277e+01
1.976107735433433987e+01
-2.441750269765646308e+01
3.031966792147614953e+01
7.085071872835734474e+00
-1.240823028923837512e+01
3.173371049871877858e+01
-3.594482142547298054e+01
-3.428875718537603490e+01
-5.940326255296060509e+00
4.164104073344267221e+01
1.789017557694868543e+01
3.658089527773612737e+00
1.071719239729247164e+01
3.418666576747023811e+01
2.369871976408731484e+01
2.465523346069032584e+01
3.439043480849169754e+01
-3.610024041513023008e+01
2.848808176684190840e+01
-2.833765458791672742e+00
2.830382217903567010e+01
2.101673403973878251e+01
1.858621338383540156e+00
1.516921851758443474e+01
-5.460569813677993878e+00
3.970302551224084198e+01
1.173250504593089438e+01
-4.939689959377304262e+01
