-2.758411108360303388e+01
-1.503812080702323328e+01
-3.329997207280216287e+01
-4.488078921330743754e+01
-1.718445479296877920e+01
2.653657296636513152e+01
2.537146987751881966e+01
1.165685253710272740e+01
-1.195646226670776002e+01
-8.735410652020404454e-01
2.341889988766494213e+01
-3.145575140962408511e+01
-9.059338781156071718e+00
5.743231864487654548e+00
1.570271980224783803e+01
-2.157529017553632400e+01
-4.335709091857564346e+01
3.365021229125432889e+00
3.115208244680163219e+01
-2.989442648295387528e+01
2.544502199212583093e+01
-1.865801946340804207e+01
1.975812419615859028e+01
-2.442040550350119332e+01
3.032215847996161884e+01
7.083312863219839883e+00
-1.240298734785200629e+01
3.173534579004920886e+01
-3.594809836705236705e+01
-3.428906820124682753e+01
-5.938002839785342601e+00
4.164589122916719788e+01
1.789271783656446857e+01
3.657547754342800772e+00
1.071599116875152369e+01
3.418883716308154419e+01
2.370353116618826306e+01
2.465805278528607403e+01
3.439036059249724531e+01
-3.609775327659087907e+01
2.849442544207630235e+01
-2.836626358104121781e+00
2.830528256025272071e+01
2.101800548911892008e+01
1.854414099741563016e+00
1.517253767803180864e+01
-5.458547559003289251e+00
3.968781026911206311e+01
1.171123335486327655e+01
-4.939478130827399838e+01
