-9.949282311873906792e+01
-9.974843956143517687e+01
-9.998783704348888079e+01
-9.984553502474724951e+01
-9.994418170468831875e+01
-9.932974688497641580e+01
-9.985709876321625700e+01
-9.992752218637669159e+01
-9.990663774778796835e+01
-9.966128214009060571e+01
-9.962804209644517073e+01
-9.984597437848415780e+01
-9.951016379232319764e+01
-9.978111089778126086e+01
-9.931629090304164720e+01
-9.954355029281015277e+01
-9.999568804700105318e+01
-9.946238203397390976e+01
-9.978689948055118464e+01
-9.975324074381569517e+01
-9.999773450423634813e+01
-9.984397307389328091e+01
-9.994767841008189180e+01
-9.996448364958783372e+01
-9.976901592799271157e+01
-9.969906306169876586e+01
-9.953390861347619989e+01
-9.985605527594411512e+01
-9.977734584403248164e+01
-9.977976076339469103e+01
-9.988797936801364585e+01
-9.989281316839516478e+01
-9.918061753406841774e+01
-9.986296544369027117e+01
-9.960240167551009449e+01
-9.956902262389426994e+01
-9.988903385248187305e+01
-9.990296123959437580e+01
-9.969525671999188887e+01
-9.999142062574722445e+01
-9.985172965280104052e+01
-9.991365285962751841e+01
-9.985681139507978799e+01
-9.993877670533359492e+01
-9.965962660501020309e+01
-9.958612044398418561e+01
-9.981895772041674775e+01
-9.910605070304563924e+01
-9.866858533492549554e+01
-9.995377089577321783e+01
-9.871842076910519381e+01
-9.918672130203052006e+01
-7.790625401792466320e+00
-9.978800074889558402e+01
-9.950268356613078424e+01
-9.928406246018572290e+01
-9.991457854567391905e+01
-9.976538174408214843e+01
-9.939577416068578941e+01
-9.948162260705875326e+01
-9.950438614294068884e+01
-9.986352526471345925e+01
-9.986245354813581798e+01
-9.990499443812227298e+01
-9.940170670724177171e+01
-9.979528095439378887e+01
-9.973297052565672516e+01
-9.990923873632661412e+01
-9.978398644006094287e+01
-9.989785426765034515e+01
-9.977808676603299887e+01
-9.979867559584084802e+01
-9.989640487980979344e+01
-9.993167969024941044e+01
-9.965316797766860191e+01
-9.984739027561815305e+01
-9.960449072603771015e+01
-9.997048363704517726e+01
-9.955699407588431882e+01
-9.968079686931837102e+01
-9.988519614039869055e+01
-9.953091861490105430e+01
-9.997480624619412026e+01
-9.918525106882773912e+01
-9.894327276183902597e+01
-9.999377368859022397e+01
-9.993962091098811129e+01
-9.989080765735153022e+01
-9.931405906463038491e+01
-9.962827105429097685e+01
-9.984469724939360447e+01
-9.978688549603930369e+01
-9.992062428328708279e+01
-9.963770483092369545e+01
-9.961795883087017955e+01
-9.975316180661459953e+01
-9.917744909723681701e+01
-9.964844778987568930e+01
-9.997762579932739868e+01
-9.989175124293234376e+01
