-9.982390585402967531e+01
-9.989568538931906971e+01
-9.993597558609754117e+01
-9.988280935887009093e+01
-9.996103793605138321e+01
-9.981569811209141108e+01
-9.923225348895691411e+01
-9.934207588835019465e+01
-9.925174444040418109e+01
-9.840214315612405471e+01
-9.994861090313172269e+01
-9.998202860373849887e+01
-9.989193538804988748e+01
-9.947103749929830485e+01
-9.926812530406068902e+01
-9.997284623926043423e+01
-9.905378706892324203e+01
-9.982383066172683073e+01
-9.987176665527937303e+01
-9.924185452763795467e+01
-9.966876152158687319e+01
-9.971235390430678081e+01
-9.946220939202788713e+01
-9.983659359983627724e+01
-9.991901270783328926e+01
-9.966385661399289120e+01
-9.969392464033992951e+01
-9.981509470637683989e+01
-9.973995109751787425e+01
-9.953077269270424665e+01
-9.923416006919470078e+01
-9.979406568869556793e+01
-9.956683814120322040e+01
-9.976248959114998627e+01
-9.965453850938406788e+01
-9.972643049464944909e+01
-9.984882382564576631e+01
-9.988900783095111535e+01
-9.975828012425010627e+01
-9.973347897611766655e+01
-9.978352836757025557e+01
-9.941416991965360239e+01
-9.997957241213852342e+01
-9.957490595789535348e+01
-9.980388424397862934e+01
-9.942802989325818430e+01
-9.976626287895786049e+01
-9.997670029370083000e+01
-9.997791283965752029e+01
-9.935963121817809451e+01
-9.956809615875489783e+01
-9.987077034475090898e+01
-9.888489867840317515e+01
-9.981750821176602528e+01
-9.975785588355859090e+01
-9.953680613477961003e+01
-9.989408367874213468e+01
-9.987545342913276158e+01
-9.979068361361798623e+01
-9.974532705332003957e+01
-9.983801468407786217e+01
-9.914767212301111954e+01
-9.984697043437860486e+01
-9.994101101943873289e+01
-9.975188039161798770e+01
-9.994282339171573426e+01
-9.960011760510204226e+01
-9.998862079450778140e+01
-9.972425378935675155e+01
-9.932129242738491826e+01
-9.946485965194129619e+01
-9.997368126906567909e+01
-9.914675619543501739e+01
-9.998738745258147276e+01
-9.959954349612607416e+01
-9.967301121932050023e+01
-9.956475776274206169e+01
-9.970708714577207843e+01
-9.993725890052520811e+01
-9.992194256462107660e+01
-9.977944435183526650e+01
-9.963713815033727883e+01
-9.955819221364073712e+01
-9.962693352287924142e+01
-9.991010958461168912e+01
-9.983124941421692711e+01
-9.964023161350233693e+01
-9.972653784943163657e+01
-9.967949819864909955e+01
-9.901071649824805831e+01
-9.985442036245338215e+01
-5.044245664219458192e+00
-9.977436958722132943e+01
-9.986129726404548990e+01
-9.995888708613765061e+01
-9.994544405456160518e+01
-9.978530649604323344e+01
-9.990373468909606913e+01
-9.994298322866309547e+01
-9.979662182363735212e+01
