3.640919991190478555e+01 0.000000000000000000e+00
3.642405947076211703e+01 0.000000000000000000e+00
3.640379489550954872e+01 0.000000000000000000e+00
3.648472641379003534e+01 0.000000000000000000e+00
3.640853453797282668e+01 0.000000000000000000e+00
3.641559868473357398e+01 0.000000000000000000e+00
3.640218736772626329e+01 0.000000000000000000e+00
3.641892881439645890e+01 0.000000000000000000e+00
3.641935969431521869e+01 0.000000000000000000e+00
3.642724730485716833e+01 0.000000000000000000e+00
3.640747030487575842e+01 0.000000000000000000e+00
3.640862154603969003e+01 0.000000000000000000e+00
3.640205097233044285e+01 0.000000000000000000e+00
3.642266993084966487e+01 0.000000000000000000e+00
3.640998926421633541e+01 0.000000000000000000e+00
3.641845532068178670e+01 0.000000000000000000e+00
3.640990348924353981e+01 0.000000000000000000e+00
3.640474601256356380e+01 0.000000000000000000e+00
3.641211377589166176e+01 0.000000000000000000e+00
3.640092168181919874e+01 0.000000000000000000e+00
3.641451810864769101e+01 0.000000000000000000e+00
3.648043110268973521e+01 0.000000000000000000e+00
3.640476660573946788e+01 0.000000000000000000e+00
3.645393815609723021e+01 0.000000000000000000e+00
3.642642628447963205e+01 0.000000000000000000e+00
