-2.913633738772547233e+01
-1.570351134010300420e+01
-3.416678972981230089e+01
-4.580786615870102452e+01
-1.807947013642667500e+01
2.572546452973770670e+01
2.471636419858232969e+01
1.121553534030493005e+01
-1.213678546348713816e+01
-9.156846502289684997e-01
2.340546291599813955e+01
-3.146455632545735881e+01
-9.066419000566193986e+00
5.735142372016791334e+00
1.568427538475049232e+01
-2.158236645753652994e+01
-4.337013739026613024e+01
3.353513479634828265e+00
3.114521982209571505e+01
-2.990405543917405851e+01
2.543279225183413672e+01
-1.867384043431255591e+01
1.974914323157621965e+01
-2.442761035117744584e+01
3.031132359730463222e+01
7.076335839430360153e+00
-1.241649987686258427e+01
3.172474888516118341e+01
-3.595479575191906463e+01
-3.430043131088758201e+01
-5.950114310616513968e+00
4.163384107583698324e+01
1.788011204501123430e+01
3.647920877580395516e+00
1.070606283821753735e+01
3.417765611114565871e+01
2.369300364372566037e+01
2.464516020221236658e+01
3.438071137683210310e+01
-3.611367749516892900e+01
2.847947464463381095e+01
-2.843678760306351361e+00
2.829977953800684176e+01
2.101038507898364216e+01
1.845521316693039093e+00
1.516353322297706363e+01
-5.468801318776757014e+00
3.968678336466555834e+01
1.171348782241788200e+01
-4.941102236734533193e+01
2.073504381583001788e+01
4.802633085574633753e+01
-4.279759881747930450e+01
-2.678816242217664723e+01
2.648570031831181382e+01
3.041243976592673803e+01
3.774272177069239120e+01
-4.626400104699398241e+01
-1.839462334501215679e+01
-2.268419542544712186e+01
3.751893806973680512e+01
7.855605788016890578e+00
1.926804102702574539e+01
-4.202553552254835978e+01
4.896313555192937628e+01
2.461288752474781560e+01
4.058011764143964939e+01
4.402374120130625101e+01
-4.531874366776921192e+01
-1.255028039468579415e+01
1.379592684367888289e+01
-2.560453987361190453e+00
-4.083780029438874948e+01
-3.029816616087645187e+00
2.590626406164626871e+01
-2.964048147267669719e+01
-2.036556030234736880e+01
-1.032495839761774903e+01
4.527332988738544373e+01
-9.840107579260887860e+00
-1.111158658756121298e+01
-1.823637819736476828e+01
-4.879074964220154698e+01
-3.230847413394192813e+01
4.906484876522532801e+01
-9.465488082924643720e+00
-1.702638298920959059e+01
4.844466192025440421e+01
-4.403300476102676697e+01
-7.477465201088786984e+00
1.331777596228016591e+01
4.697555775005783119e+01
2.382476667090191569e+01
2.720382594588823366e+01
2.677443693594520724e+01
1.466180071820356012e+01
4.063685839788333531e+00
-3.105987860089877817e+00
-2.122646058990586937e+01
4.980476260296498481e+01
