-3.964526306813171232e+03
-3.945784490363993882e+03
-3.943141129853742314e+03
-3.962390400884680275e+03
-3.955897492582478208e+03
-3.962971945854616024e+03
-3.949550952538481397e+03
-3.954588781886805464e+03
-3.951681317298659451e+03
-3.957138266719033709e+03
-3.962334585319449161e+03
-3.960099212726870064e+03
-3.951415766919805719e+03
-3.945830878013302481e+03
-3.961866040288339718e+03
-3.957099635112956548e+03
-3.960885494515488972e+03
-3.958831117828506649e+03
-3.966677641708991359e+03
-3.954432837643954826e+03
-3.957879670233462093e+03
-3.959270262959011234e+03
-3.940871807849089691e+03
-3.964275676057299279e+03
-3.951002535877934861e+03
