-1.647457213970939804e+00
6.893496192198901085e+00
5.634523326882631800e+00
9.225126297359464544e+00
1.033017763252916765e+01
8.087233143470911045e+00
-9.480892992731863700e+00
-4.200122288954215577e+00
-5.367242577721710539e+00
-8.612488814066987075e+00
3.577950512685084128e+00
-1.991267290334501006e+00
5.490664924376281064e+00
-9.129186402888926466e+00
-5.164520021619487089e+00
-8.439949767742481512e+00
-9.818014931220027108e+00
-1.058782377240960670e+01
-5.060584444414226724e+00
-7.808965460207935472e+00
-8.885582843343953208e-01
2.632207849625918805e-01
-4.086404550685875381e-01
-4.046008452402655386e+00
-9.258377836599009925e+00
4.796062513122030246e+00
9.150957755572148855e+00
5.235029303659434419e+00
5.079979841303276622e+00
-4.286972768300959302e+00
