3.335277064991412077e-01
5.875190287143914780e+00
5.519728496469949341e+00
9.074193421412660499e+00
1.035664157207527225e+01
7.120621358457083439e+00
-9.488367215691193124e+00
-3.302436318905552781e+00
-4.335093863381096035e+00
-8.681071603447508167e+00
2.573489305869661958e+00
-2.070312138981490246e+00
6.220919286701660056e+00
-8.053490836472304792e+00
-5.175335656643126114e+00
-9.575332791150239942e+00
-9.783447018264050499e+00
-8.700944709793558829e+00
-5.127215979122585310e+00
-8.676121631079421803e+00
-1.764504004830709238e+00
-8.656702695213706056e-01
-1.441617821906444163e+00
-3.961519123187435376e+00
-8.300313346476229981e+00
4.691535403419582195e+00
9.216220206437260032e+00
5.060940036736229608e+00
4.092715590853204688e+00
-3.169181853125836223e+00
