-2.916533981777998363e+01
-1.622134666229268873e+01
-3.329778968577883091e+01
-4.549007015890325789e+01
-1.887681934762933977e+01
2.613914836218485505e+01
2.372126314374160572e+01
1.218623778288906578e+01
-1.305237379649950213e+01
-1.897085744902764937e+00
2.203246179087920353e+01
-3.334766016441757586e+01
-5.570159663968730079e+00
7.346087181808895750e+00
1.444706017489631122e+01
-2.280585442467614143e+01
-4.372831987361946915e+01
1.977707946222066360e+00
3.090815667818898405e+01
-2.888771082938700374e+01
2.407830147013677546e+01
-1.792467140537669223e+01
1.906686838825156727e+01
-2.756261379277721346e+01
3.075596958321305863e+01
7.178882724257156234e+00
-1.027542450242278704e+01
3.218976579386493597e+01
-3.709816091895720547e+01
-3.581743663217270068e+01
-5.944593966532496943e+00
4.163209895581272235e+01
1.701888362372420005e+01
3.279799417078892887e+00
1.017276160188467848e+01
3.432937808159923065e+01
2.368047356176859708e+01
2.498925528779671268e+01
3.491533596186966548e+01
-3.467363620312883654e+01
2.715823749527995545e+01
-3.899381702638159197e+00
2.881532816387900908e+01
2.002826340861370724e+01
1.456405615123077979e+00
1.499085396005174431e+01
-3.761393803641739364e+00
3.986952242009687097e+01
1.160130845187126880e+01
-4.976273789086513233e+01
2.162186006053254061e+01
4.735334712782862709e+01
-4.230221729557973731e+01
-2.688691832666046011e+01
2.621183887486916930e+01
3.163442319151001314e+01
3.846896441916855736e+01
-4.678817261860748289e+01
-1.812250057947304427e+01
-2.219306345958200666e+01
3.653762743484199405e+01
7.279193772633439252e+00
1.718481042555338689e+01
-4.186809591421865662e+01
4.824664965043543674e+01
2.679872061809665240e+01
3.797931263543025437e+01
4.473830220794161505e+01
-4.507853053661479947e+01
-1.328453844958587560e+01
1.397956451351594964e+01
-2.510938438567263287e+00
-4.228620514177972467e+01
-3.554638375326000688e+00
2.584069786822327686e+01
-3.011820523499439872e+01
-1.856053696322129909e+01
-1.009515274622788716e+01
4.521993042327662238e+01
-9.039531566938521223e+00
-1.277838536212536447e+01
-1.995846879126153439e+01
-4.861008064257976713e+01
-3.294860753304071466e+01
5.000294389433159381e+01
-1.022553949269963525e+01
-1.678518785990943130e+01
4.651266171650988923e+01
-4.304046434711426627e+01
-8.328564909756957846e+00
1.294509200268733906e+01
4.562559259506110720e+01
2.397603986653253827e+01
2.641091752088799538e+01
2.721974930225688993e+01
1.421823942947648689e+01
3.298116606464973621e+00
-3.096563378531370425e+00
-2.129420974495506869e+01
4.901851582087690673e+01
