-2.656643991403338134e+01
-1.443486799119039610e+01
-3.336089813615244992e+01
-4.687412358832514769e+01
-1.945964154103230825e+01
2.679318054277841199e+01
2.488290430564838118e+01
1.160759295356254484e+01
-1.042575796436782376e+01
5.180528762756372863e-02
2.513279416630132346e+01
-3.112970218536144884e+01
-9.750750311538675774e+00
6.818712405959963974e+00
1.423558339464727496e+01
-2.163352476574961614e+01
-4.115225296784180387e+01
4.777031943082748811e+00
3.130467725551845604e+01
-3.087063814371380133e+01
2.414041077011903624e+01
-2.065293638476143911e+01
2.082038913882766806e+01
-2.247870149243516380e+01
3.095015700392129432e+01
8.139280682111143861e+00
-1.329363319320033732e+01
3.146901021909108565e+01
-3.692035208220371345e+01
-3.404769072332583590e+01
-7.221819126582570192e+00
4.014289287604672296e+01
1.552174872220362545e+01
4.190790372239484363e+00
8.673306771583938257e+00
3.189822612312024219e+01
2.382314361691796378e+01
2.594717494479034059e+01
3.406681928795094905e+01
-3.596979645943314807e+01
3.016079141247777784e+01
-3.081480329069590240e+00
2.643573963045201225e+01
2.210588274397970565e+01
2.436799729239962353e+00
1.496285201053279756e+01
-5.977268500494693271e+00
3.861891457419247331e+01
1.153229729792706060e+01
-4.884975522456882402e+01
2.076989642789529711e+01
4.758871090977653751e+01
-4.256462507235029591e+01
-2.701335127141971881e+01
2.612707583605654094e+01
3.069015433015922412e+01
3.690205056001647677e+01
-4.748174069325180824e+01
-2.001715143340948799e+01
-2.176716971613875273e+01
3.681291835268650203e+01
5.912279856711772474e+00
1.769243425780871704e+01
-4.281593234737751175e+01
5.027651452137196486e+01
2.514520744573269795e+01
4.090364563407800347e+01
4.508563239278147705e+01
-4.575244090808953246e+01
-1.233486592797615700e+01
1.483111224353461921e+01
-1.799801197631045957e+00
-4.111434632273466860e+01
-1.669904186944020097e+00
2.426017169867635559e+01
-3.039012626324241850e+01
-2.175574943363432112e+01
-8.820223401392594198e+00
4.589628914092150325e+01
-9.260767521754278420e+00
-1.109910621676328901e+01
-1.894696910534454304e+01
-4.993887065694634231e+01
-3.365366489065183231e+01
4.923484795124189617e+01
-1.002300074236611849e+01
-1.675812579846217432e+01
4.984281921785090219e+01
-4.388857683331797688e+01
-6.887615580791841552e+00
1.494957440526687797e+01
4.739322859008899513e+01
2.363309399627162222e+01
2.693713649509815511e+01
2.565053322829086824e+01
1.506803169441999302e+01
4.254563889839897861e+00
-2.188775588658864901e+00
-2.153613723913897005e+01
5.029578352707233080e+01
