-9.880813061788077389e-01
2.743316307404099597e+00
1.190089051211214999e+00
2.424552060016225141e-01
3.221425057536635439e+00
4.305445125185481281e+00
-4.350670387886349744e+00
-2.620653442560839430e+00
5.875317904107657974e+00
8.414420648722487073e+00
3.539170795422454496e+00
-2.669246247562801599e+00
-8.970942293267261114e-01
1.465506812735650977e+00
3.244938977289154369e+00
-4.724505926089253016e+00
-1.785381994518870474e+00
3.036815383004006552e+00
-7.885630188823363085e+00
-2.572982817590166782e+00
3.159358408306620625e+00
2.113787984118027818e+00
-1.782773763475228590e-01
2.214435206013746882e+00
-2.154940004368953943e+00
3.633964565265208613e-01
-5.478399303191225478e+00
5.736572471777043880e-01
7.149803921286788100e-01
2.774238676502507328e+00
