-1.218817150384107872e+00
3.610508506928542527e+00
4.239492769973789432e-01
1.456090251700224991e+00
3.457777099904951967e+00
4.114833978152030447e+00
-4.099732994596381630e+00
-3.723464216592165865e+00
5.004642797659513143e+00
3.916443235130258604e-01
6.492987346002990989e+00
2.325843160808908738e+00
-7.033085830393237536e-01
1.314729475821325932e+00
4.264447024800237962e+00
-4.965302609030511682e+00
-1.723398523053179421e+00
4.015581886431229819e+00
-3.887535812063693808e+00
-2.395860348998349210e+00
7.236259590276288733e+00
1.876889858150531332e+00
-1.573319186064261466e-01
3.204022596098654141e+00
-3.151355104296364562e+00
2.418803231450951330e+00
1.603821419084719757e+00
-5.513189316973040377e+00
-3.484165311762390527e-01
1.724970307918383350e+00
