-3.386537483794348713e+00
4.780786027131251892e+00
2.108455201285717617e+00
-6.011806830445434180e-01
-7.973605931168017413e-01
4.059007864420781431e+00
-4.411764934193220355e+00
-2.739225700320910839e+00
4.864131932973867478e+00
9.416561341116043593e+00
6.699486527248275536e+00
-1.537146919076151974e+00
-2.746716344985328906e+00
4.402474274054252845e+00
4.118285394274925793e+00
-4.865464917720100146e+00
-1.769239578152767445e+00
5.122554507415737923e+00
-3.923561851778489373e+00
-4.662678247838698553e-01
3.190474488705446365e+00
2.852272722186440124e+00
-2.297835380024227381e-01
-8.591961707608031240e-01
-1.951914762913221857e+00
4.243490825226984953e+00
-4.133479577110810155e-01
-3.257723320284860780e+00
6.626967410550121951e-01
2.831734002533219829e+00
