-2.845467247848061731e+01
-1.621545327093405575e+01
-3.432332270489530401e+01
-4.560686695730694851e+01
-1.833634659925871091e+01
2.585023837045072170e+01
2.490852604717647267e+01
1.114542712343654784e+01
-1.195939692409230304e+01
-1.009684068313605243e+00
2.311610411552008060e+01
-3.123674258077325305e+01
-8.752757377377774262e+00
5.556893780267166960e+00
1.561853299736252332e+01
-2.157890524836229673e+01
-4.332803563503575361e+01
3.561434127860468202e+00
3.116978814098804662e+01
-2.966037268350508782e+01
2.572505026612782331e+01
-1.875978879241855424e+01
1.972618558325157068e+01
-2.482867594075723616e+01
3.008167715239313722e+01
6.823859121703823583e+00
-1.244188242325704330e+01
3.165666139935913392e+01
-3.600643636837875050e+01
-3.435195194722099643e+01
-5.961704543586604288e+00
4.167859931797494966e+01
1.812871787155210868e+01
3.846916724633574702e+00
1.069388740879778510e+01
3.422219184607700981e+01
2.381006000557413316e+01
2.466699570899697491e+01
3.447738668428615227e+01
-3.612207883291971910e+01
2.857177460195462615e+01
-2.669211307867078720e+00
2.839491785205604657e+01
2.080135260364659189e+01
2.068131430760423051e+00
1.541939590009146066e+01
-5.650624141403724821e+00
3.970936296467844784e+01
1.165819280280923032e+01
-4.946364108736012355e+01
