4.890043663313462990e-09 0.000000000000000000e+00
3.952020190035377046e-05 0.000000000000000000e+00
2.243459785754091662e+00 0.000000000000000000e+00
4.191744653998028380e-12 0.000000000000000000e+00
1.656942125233178421e-05 0.000000000000000000e+00
1.000019174698698663e+02 0.000000000000000000e+00
7.423150841392999627e-11 0.000000000000000000e+00
3.336002426584156345e-09 0.000000000000000000e+00
1.916396087102188306e-14 0.000000000000000000e+00
1.437178195871107487e-12 0.000000000000000000e+00
1.592173489295471191e-07 0.000000000000000000e+00
1.000777793808003366e+02 0.000000000000000000e+00
7.188044541699161911e-13 0.000000000000000000e+00
1.000181286707667851e+02 0.000000000000000000e+00
1.000855111250180869e+02 0.000000000000000000e+00
2.456980254623803148e-12 0.000000000000000000e+00
1.000675386882267759e+02 0.000000000000000000e+00
1.000323931131740949e+02 0.000000000000000000e+00
1.010394554732290260e+02 0.000000000000000000e+00
1.000011052853156599e+02 0.000000000000000000e+00
1.000787394459896973e+02 0.000000000000000000e+00
2.322224735676124590e-12 0.000000000000000000e+00
3.847015761467071819e-12 0.000000000000000000e+00
1.000142805531312291e+02 0.000000000000000000e+00
1.010816154411392915e+02 0.000000000000000000e+00
