-3.030439914700815152e+01
-1.252441990663312588e+01
-3.501063874336073667e+01
-4.624898682742379918e+01
-2.241122528326005892e+01
2.944680373996590816e+01
2.950792411751486455e+01
2.013724026711228277e+01
-1.126830209934418114e+01
1.229957967632937965e+00
2.645791549471667281e+01
-3.073740340233775470e+01
-1.055286039502606599e+01
1.201986252714745440e+01
1.930761744920324574e+01
-2.505191158670090346e+01
-4.233758048255312900e+01
3.393115474376734220e+00
3.233220810104428722e+01
-3.257061441778738242e+01
2.967108762317742787e+01
-2.158770439201111202e+01
1.873369355813452231e+01
-2.293350254963223023e+01
2.783250925539004328e+01
1.084320204422042266e+01
-1.289765188887222180e+01
2.829081079025380774e+01
-3.976054220566591368e+01
-3.705519749898736137e+01
-3.729781503912424689e+00
3.921157984096826254e+01
1.962148267141607505e+01
6.802625839162827148e+00
1.391651662221773122e+01
3.560605762782498118e+01
2.123132911179657611e+01
2.262083537957164836e+01
2.753873331153474169e+01
-3.418517448165727046e+01
2.889523826441783072e+01
8.192867175741742614e-01
2.302054025468356002e+01
2.099418341578219227e+01
4.454325251584549505e+00
1.682028097278188739e+01
-1.589505853647315448e+00
3.870171785913488094e+01
9.802179365116080234e+00
-5.308272680642368613e+01
2.219815460106966754e+01
5.208169614757641597e+01
-4.386277142859824352e+01
-2.405577000359455653e+01
2.907491528148732129e+01
3.003641804049937036e+01
3.602849293688670684e+01
-4.921182614769763575e+01
-1.745059193704369704e+01
-1.615520539815720014e+01
3.483563929954070204e+01
6.597889100103149218e+00
2.040398289785764518e+01
-4.347751105596710630e+01
4.855641146314695078e+01
2.239081566428654213e+01
3.529306009903253738e+01
4.253304842933494712e+01
-4.707517611249906508e+01
-1.202586578379584559e+01
1.270474730925108986e+01
-3.221986520652230013e+00
-4.348577488769774391e+01
-8.668664114400523868e-01
2.284096224875830217e+01
-3.185129554679989994e+01
-1.959541356006393897e+01
-6.578823772615217003e+00
4.005408061728429914e+01
-1.068060876724505626e+01
-1.370176883441565074e+01
-1.840126348425028979e+01
-4.161852161721991905e+01
-3.472842492169717588e+01
4.607222029111611050e+01
-3.827543538084993813e+00
-1.795145545696682277e+01
4.897914542235230329e+01
-4.167371154290930235e+01
-1.104198026875793026e+01
1.341730085429777120e+01
5.040508829478782360e+01
2.206158299808333467e+01
2.971710972519682770e+01
2.767299757733851706e+01
1.545207502572950631e+01
3.734792492967193400e+00
-3.077831584026955447e+00
-2.423429967846035638e+01
4.733158686940422655e+01
