-3.948650570126996939e+01
-1.610094356865380760e+01
-3.438910732453275898e+01
-4.579132346900394879e+01
-1.803755252253522201e+01
2.566050922965689551e+01
2.468653660303238695e+01
1.117786873110122414e+01
-1.215605830136384036e+01
-9.829609064503600502e-01
2.335712922923089607e+01
-3.143849894373775911e+01
-9.044311486544389211e+00
5.720325163489324183e+00
1.570712016127775712e+01
-2.156990635815669322e+01
-4.336877484427527207e+01
3.362354093370873542e+00
3.114561730743806933e+01
-2.988708024888394377e+01
2.539878539942103686e+01
-1.867046637655684904e+01
1.977069788252125448e+01
-2.442493465423390120e+01
3.066530823703787334e+01
7.573810457972186327e+00
-1.198510453992203395e+01
3.204401775141683117e+01
-3.630667241561968694e+01
-3.455856390551191026e+01
