2.942938177377033782e+01
7.547634655945998361e+01
1.120247176941598610e+01
4.460703629771650469e+01
-9.826596254216440229e+00
8.217806316702626646e+01
5.723651307778252573e+01
-2.102659894591008793e+01
8.249991637902363095e+01
9.553658555315408307e+01
7.295935660436281012e+01
-9.471461338390854223e+01
6.770114797180394817e+01
8.830991221879532560e+00
4.167811303508801757e+01
5.162707381315614441e+01
-8.912516606260278706e+01
-8.730146969400638568e+01
8.259849541852524624e+00
-8.788806226168799185e+01
6.782863725256855503e+01
-6.713686512619742075e+01
-3.130806031970791992e-01
6.650176885725406351e+01
-6.274120271069843113e+01
-5.311812571093609137e+01
5.166502130309182661e+01
7.454466944166168219e+01
-2.265497449168203303e+01
1.680397548137845831e+01
-1.618150520328811126e+00
9.121848868210534533e+01
8.945676892454167728e+01
3.702835968327286764e+01
8.739626638740026010e+01
2.251290875699614702e+01
5.619350882775214018e+01
3.742454710734232748e+01
2.024153519889218700e+01
5.323587799556636924e+01
-6.374328217108001127e+01
5.715273624869838898e+01
5.823812585494223981e+00
-8.131874620172176549e+01
9.098843189298193579e+01
-3.740104012191709160e+01
-7.512736881348864415e+01
5.367327816867918955e+01
8.538316029087340553e-01
-2.557487867216740440e+01
