1.657329577389777597e+00
-1.798394055888809362e+01
-3.174985284608883518e+01
-4.409103992417172435e+01
-3.077097891225970017e+01
1.738924379932536368e+01
3.249109985774254739e+01
4.783738709826658386e+00
-8.714818230733449411e+00
7.245323209878892001e+00
1.092990156997533191e+01
-2.871982020095376598e+01
-9.865594432885703924e+00
4.655847600233661510e+00
1.567574453338550811e+01
-2.459422064173081068e+01
-5.997139205673245499e+01
1.797248773861674920e+01
3.033206864917424994e+01
-2.693522538590250193e+01
2.902023035997482836e+01
-3.124776473525140830e+01
1.085530210763515235e+01
-2.053568022135440785e+01
3.296069760762796363e+01
1.291502848196044262e+01
9.081607935062274706e-02
3.207327319514436681e+01
-3.708102191918844426e+01
-2.504653357865023366e+01
-1.282790539234014560e+01
3.514977343269647747e+01
1.720746915920213738e+01
-4.175948595088420312e+00
1.651503573670945002e+01
4.182424252599790293e+01
3.620240218464753212e+01
3.254117194432508597e+01
1.459480127506261304e+01
-3.202696857526084528e+01
2.460959310301242908e+01
-2.789928218203047705e-01
2.132044783371945229e+01
1.744716995519898717e+01
1.139589600623355459e+01
1.886806046894461630e+00
-5.215422294620960741e+00
2.881748850181043409e+01
-7.978646631817858825e+00
-4.681092481472629174e+01
