-2.676404671368688781e+01
-1.596254649554043858e+01
-3.432407997937002619e+01
-4.604237840934747794e+01
-1.816870258955654194e+01
2.557603529945450305e+01
2.468256125518318100e+01
1.113981405830299032e+01
-1.213774954785344207e+01
-7.356741981652530349e-01
2.345149900338642723e+01
-3.148166556454734533e+01
-9.187186530231189252e+00
5.742218775199768643e+00
1.570627220895210030e+01
-2.148517883164308273e+01
-4.349857431282493536e+01
3.404178599764232871e+00
3.129568607674231018e+01
-2.979690961970563379e+01
2.559762467076217263e+01
-1.863264712993450445e+01
1.984869949615136520e+01
-2.450541990933104941e+01
3.016270899153175122e+01
7.221616710448317100e+00
-1.256462547726590984e+01
3.156269907164280397e+01
-3.636830170207706914e+01
-3.383769823274808175e+01
