-2.688349502577587558e+01
-1.525983374974285134e+01
-3.476928811920479490e+01
-4.804399234575301136e+01
-1.838730243968767297e+01
2.597623867989982216e+01
2.615756606495281034e+01
1.288873772203453072e+01
-1.441655066135375662e+01
-2.255300383839733414e-01
2.249594013703360673e+01
-3.230378870861659379e+01
-8.888415238566535592e+00
6.262886944710476911e+00
1.580035832395013529e+01
-2.198383806902943505e+01
-4.528359066022834156e+01
2.690505736240432988e+00
3.090931051153460629e+01
-2.986990051118001688e+01
2.418012861030357286e+01
-1.934616909562842935e+01
1.919974331378836396e+01
-2.522249465106171584e+01
2.932414720448246825e+01
8.271550216645790599e+00
-1.010798631234582601e+01
3.391554423824202047e+01
-3.542337651304117685e+01
-3.339176100463701147e+01
