-2.852896209540612915e+01
-1.582428396037649421e+01
-3.483702181704982337e+01
-4.692589695503407654e+01
-1.782086468851084504e+01
2.598936752356632596e+01
2.544831184278452696e+01
1.006173500028951295e+01
-1.515213239633444609e+01
5.670590427567153702e-01
2.368128471534682333e+01
-2.807992287483335403e+01
-9.424089186428355802e+00
7.120315181307083741e+00
1.642928449134326030e+01
-2.290163950932877768e+01
-4.363529766845166336e+01
6.419445161175236780e-01
3.096526453361947873e+01
-3.069656022345120050e+01
2.558337587458167661e+01
-1.585109691217187944e+01
1.878228801466185871e+01
-2.566577659241072595e+01
3.020072263397293710e+01
7.094225038071381384e+00
-1.032594546036323280e+01
3.198387960487917070e+01
-3.740469948097842234e+01
-3.284446498085598165e+01
