-2.912518115278138708e+01
-1.785635893077547820e+01
-3.314678299171904996e+01
-4.533956769971945278e+01
-1.616944343744263435e+01
2.582405000723625577e+01
2.568199377529045080e+01
1.200136587047775194e+01
-1.388694504226211990e+01
2.285735068283751836e-01
2.581144421331348582e+01
-3.154700158938457832e+01
-8.466545333526754646e+00
6.883043815493466333e+00
1.684440753365244703e+01
-2.134328459429807978e+01
-4.172353015048909697e+01
2.603372124075092220e+00
3.094642440602369504e+01
-2.812763735223425243e+01
2.449974663386327478e+01
-1.943201103167686483e+01
1.953033024454392574e+01
-2.699450427513951922e+01
3.247251945585182398e+01
7.239192969244617970e+00
-1.187437331096913695e+01
3.344960819853709211e+01
-3.543173329631642332e+01
-3.237551169957343689e+01
