-2.866692570941933127e+01
-1.607251211590491735e+01
-3.453593998684853972e+01
-4.568887130627405213e+01
-1.820934163849314302e+01
2.574526641163156881e+01
2.473807628623983490e+01
1.136797270215781452e+01
-1.194675683418480716e+01
-1.228960598375139268e+00
2.358396925845218917e+01
-3.168412731649252478e+01
-8.996473416353451213e+00
5.620195471350040606e+00
1.562936737098142004e+01
-2.158725926358809843e+01
-4.324341893324561426e+01
3.139153067826518040e+00
3.122744737370472023e+01
-2.985885178537103357e+01
2.548293296474500735e+01
-1.850063123349620753e+01
1.964996257436190064e+01
-2.440857734486041153e+01
3.016996490340816095e+01
7.050465890172916694e+00
-1.224720854498454159e+01
3.189711278220005397e+01
-3.593025874295831557e+01
-3.430493814350411697e+01
-5.920964926900656344e+00
4.168788741442599388e+01
1.799424988928822700e+01
3.467848960033248940e+00
1.063031094784977704e+01
3.435669638417088123e+01
2.389497562503078854e+01
2.490375233588362747e+01
3.426525398484834994e+01
-3.606421381404024373e+01
2.877759304445258692e+01
-2.923463346814968666e+00
2.823997377328763392e+01
2.097556865693477235e+01
2.016521565262482607e+00
1.505543408405493544e+01
-5.121290438352324337e+00
3.946686815235280932e+01
1.161690443331963607e+01
-4.941705633401510056e+01
2.071953727316212479e+01
4.799922415534614117e+01
-4.276430122552273616e+01
-2.671213205956626879e+01
2.658915212081102197e+01
3.035471164576950542e+01
3.773808857342766032e+01
-4.633324129832826799e+01
-1.862085769361463861e+01
-2.275712072542492592e+01
3.737094219789081251e+01
7.804806216124445584e+00
1.938546547722097202e+01
-4.219203797138552403e+01
4.870977815977625625e+01
2.454528871165640780e+01
4.042989912074523318e+01
4.379026679446734960e+01
-4.539277451241970596e+01
-1.248209294029302185e+01
1.363716388779319644e+01
-2.194174402889781383e+00
-4.085199637595516720e+01
-3.145341161720143663e+00
2.594214423599129660e+01
-2.953138272432157763e+01
-2.024393311738041490e+01
-1.044984224352778313e+01
4.541345488393645269e+01
-1.003123297151219440e+01
-1.099184369540858874e+01
-1.828695931011876041e+01
-4.869699496889469259e+01
-3.220710080803711861e+01
4.944294067342770660e+01
-9.417993132835174919e+00
-1.667083367248866921e+01
4.833483723598098436e+01
-4.403825568920839117e+01
-7.443245147269736073e+00
1.319827671770419109e+01
4.703300367452593633e+01
2.382829892730125110e+01
2.705972269995174173e+01
2.657212270812789612e+01
1.466910403606999580e+01
4.138990616016535284e+00
-3.212543588335431188e+00
-2.110675061739696190e+01
4.980291145427860755e+01
