-2.860147449435089229e+01
-1.599275505162831656e+01
-3.447038372647431004e+01
-4.547429446539229048e+01
-1.814718876672397130e+01
2.560538733382588461e+01
2.467968417246374813e+01
1.133061851742213122e+01
-1.186468888567743285e+01
-1.137505411308487924e+00
2.348503515365446148e+01
-3.169774500948033946e+01
-8.892946650208381598e+00
5.737253374587907295e+00
1.571093694103047333e+01
-2.154765567801939952e+01
-4.323741986994044595e+01
3.229868106941639283e+00
3.119923815701173453e+01
-2.991831879559682505e+01
2.541155151515200572e+01
-1.852243457867407983e+01
1.970353127351482314e+01
-2.432241562657092970e+01
3.041820056135991024e+01
6.937959976656603800e+00
-1.225971776050395334e+01
3.186708013187737976e+01
-3.595129279128995847e+01
-3.451555152243700064e+01
-5.885225095522769401e+00
4.170019744686877061e+01
1.784778193259608869e+01
3.557248807750702291e+00
1.065671882786313596e+01
3.435182551396107442e+01
2.383347786367446730e+01
2.484627025821193769e+01
3.423309027575808727e+01
-3.612887782824913785e+01
2.876608053223043981e+01
-2.924046092437825539e+00
2.824210280524429706e+01
2.086504281669632022e+01
2.056311433851298887e+00
1.512674780944468900e+01
-5.190873562599618296e+00
3.957766514917656053e+01
1.163545252483658210e+01
-4.934623623846307083e+01
2.073292867959111518e+01
4.798746398426718685e+01
-4.265931263770542614e+01
-2.683075442323477233e+01
2.654439557264201355e+01
3.039775388423720770e+01
3.772449970812576936e+01
-4.626735683870408877e+01
-1.863337322145616071e+01
-2.269710324182239347e+01
3.741186148371232889e+01
7.761320787977468605e+00
1.931605752728066960e+01
-4.218759780320255715e+01
4.872830480965731681e+01
2.459521307781191624e+01
4.035894082255558857e+01
4.382755354751453325e+01
-4.541581960091316716e+01
-1.239048888628271960e+01
1.369644791231947956e+01
-2.210216305189953268e+00
-4.098965808101561237e+01
-3.187616497432975038e+00
2.589125166897065355e+01
-2.943979555337773135e+01
-2.022665846419146618e+01
-1.038963652007694805e+01
4.540003096074696742e+01
-9.948082754347749912e+00
-1.098817288564133499e+01
-1.818726140864226792e+01
-4.863561196431624722e+01
-3.216484685792512010e+01
4.931892566496295416e+01
-9.509033894680436916e+00
-1.673383130686697129e+01
4.835547010309485927e+01
-4.390163933410443065e+01
-7.487410016989317185e+00
1.329068208548053853e+01
4.709213106909490421e+01
2.380410477066955011e+01
2.699780633840768473e+01
2.666305160895046100e+01
1.477395599458514575e+01
4.127715071825004856e+00
-3.220729937095864859e+00
-2.111011755445257876e+01
4.982828960599672286e+01
