-2.866639005225624359e+01
-1.593736905464084153e+01
-3.440666994395428446e+01
-4.561098367761738359e+01
-1.799885753313813197e+01
2.569570482316759197e+01
2.468121572210064230e+01
1.140090570178522533e+01
-1.201016801222178287e+01
-1.177109038120135454e+00
2.341994707184730373e+01
-3.174767516987217775e+01
-9.048998234719253020e+00
5.638227888771933038e+00
1.571852790988376114e+01
-2.155672192630195738e+01
-4.323770063310274736e+01
3.084361996798416161e+00
3.117054094937033071e+01
-2.980871843917045538e+01
2.544807456769746423e+01
-1.845954873181823785e+01
1.955054425445529276e+01
-2.436533019804971190e+01
3.036169407262654474e+01
7.017697971811018398e+00
-1.235247906733475887e+01
3.197416921764924425e+01
-3.598669012758189467e+01
-3.439106987057651565e+01
-5.967848652858235958e+00
4.171118499555960568e+01
1.785532608569539548e+01
3.468210637889486581e+00
1.060399972459990359e+01
3.423097061143351283e+01
2.389455203999268562e+01
2.493610618436861515e+01
3.425297303917113823e+01
-3.603566902157005813e+01
2.864981045233482604e+01
-2.942854192311560091e+00
2.817433684982032460e+01
2.085260036858138832e+01
1.988906103750140097e+00
1.513182802038848784e+01
-5.101539685013386283e+00
3.947330635690038037e+01
1.160684478637004347e+01
-4.938885207573927261e+01
2.072762841002006695e+01
4.805092414943140255e+01
-4.266554393131940515e+01
-2.672658749504097742e+01
2.665092962009789446e+01
3.041824035198005305e+01
3.773121453351972576e+01
-4.637440489513707575e+01
-1.863875089649434358e+01
-2.281031127726309649e+01
3.746316087988400056e+01
7.833903464875223044e+00
1.918253893937138344e+01
-4.215673369868725473e+01
4.879766184072416735e+01
2.458944713058812326e+01
4.047159993019153035e+01
4.380682677174220174e+01
-4.546557245806355496e+01
-1.243024101975560214e+01
1.359080259714338723e+01
-2.196359076481345873e+00
-4.083925062799988837e+01
-3.191818358866861605e+00
2.592714151950308121e+01
-2.948024201379956466e+01
-2.032100600744049501e+01
-1.037245608592641410e+01
4.538116375276591441e+01
-9.906603308328055135e+00
-1.101344519662450416e+01
-1.818267507031054464e+01
-4.861262669800278502e+01
-3.216190944707140176e+01
4.930483850105837718e+01
-9.460569310434353341e+00
-1.675431380095257694e+01
4.836886800131728137e+01
-4.399705488430542033e+01
-7.351944724061263869e+00
1.322072642971775913e+01
4.707586931831782806e+01
2.386247258639412294e+01
2.702651733280005075e+01
2.662363246265194405e+01
1.463204680169509864e+01
4.209283269288013329e+00
-3.207610319317550029e+00
-2.097395852850327103e+01
4.996319532165683341e+01
