-2.720799816155679807e+01
-1.844289692997523744e+01
-4.057955342760497075e+01
-3.484736022584185378e+01
-1.917833978650865845e+01
2.909740515071953837e+01
1.000047362043579291e+01
3.163503361504890421e+01
-1.132022006850503892e+01
-1.256160501362117543e+01
1.281973792416673241e+01
-2.947146832065586253e+01
-8.626415728979514697e+00
1.955936216472597522e+01
-5.314287545534639889e+00
-2.277388697974564735e+01
-2.478791415367970075e+01
7.608345826016691404e+00
1.850892814047340096e+01
-1.688242430377585990e+01
1.037118175255262109e+01
-9.073599311468525386e+00
1.241993593982566146e+01
-1.300153891248281113e+01
1.905081932336793216e+01
2.599694024329910036e+01
7.750550507642081755e+00
1.405565918589109131e+01
-7.202670318012575024e+01
-1.402196323895499575e+01
-1.273497995017687501e+01
3.594036967744206379e+01
2.643719222979301975e+01
1.150823505665640489e+01
-8.500459928649593877e+00
5.085749160084149878e+01
3.496678915874922211e+01
8.174722783882261368e+00
3.189934495767029787e+01
-3.165254042873277740e+01
3.854575406465095710e+01
-1.024162153722996749e+01
3.280691769336144858e+01
1.701724348372486872e+01
4.841530075021164947e+00
6.663918334324824500e+00
-7.498010680630997626e-01
3.512033446179268026e+01
1.683376768725050709e+01
-5.387659419471484767e+01
