-3.408435171150213705e+01
1.970299506053772909e+00
-4.101975971654855613e+01
-4.790133255623702979e+01
-2.597459570986006128e+01
3.053403511863556474e+01
4.430078047152269960e+01
1.510154497553176434e+01
-5.029545413451436531e+01
2.300676132793888939e+01
-8.616199786774341618e+00
-3.084125903565217897e+01
1.222398079798997550e+01
1.288669966082729523e+01
-2.720110180921297527e+00
-2.254113407106263267e+01
-3.759950361249801887e+01
1.958937548335715206e+00
3.289955572763523151e+01
-2.934735016305207722e+01
2.345381641120118488e+01
-2.242719848821295159e-02
-3.629765421987722007e+00
-1.254408347364589105e+01
2.868514499649123906e+01
8.445587242661506622e+00
-3.770489601218089959e+00
2.481413069202726973e+01
-3.594732900399134223e+01
-2.297738308856547462e+01
-2.551966837360289730e+01
4.296462985547221081e+01
2.622083246779741472e+01
-1.602800884743712118e+01
2.946247569246262188e+01
3.654873904458113998e+01
1.235351324252922467e+01
3.007673079207508238e+01
3.028180061203322992e+01
-2.722885068230641181e+01
2.559164852143669222e+01
8.118833581600721772e-01
3.628212158616163663e+01
1.282056913327662251e+01
3.855500937149198393e+00
1.980400883003047063e+00
4.824807122536105553e+00
3.973271997185402427e+01
2.067021514977180630e+01
-5.741105959591416763e+01
