-2.913712931968246167e+01
-1.570238359674829987e+01
-3.416600528856438501e+01
-4.580791492387381680e+01
-1.807949768766070520e+01
2.572583569513282242e+01
2.471639971654116863e+01
1.121551104712982827e+01
-1.213652036229807152e+01
-9.154276179290522508e-01
2.340512328280185272e+01
-3.146461565636933599e+01
-9.066418156228021275e+00
5.734859697838543546e+00
1.568423370126234140e+01
-2.158261862132767206e+01
-4.337004445823548338e+01
3.353788857838070570e+00
3.114544653446054667e+01
-2.990412624587738932e+01
2.543255400438021141e+01
-1.867384833180284431e+01
1.974939791947732104e+01
-2.442766518070023096e+01
3.031106076439087360e+01
7.076281019160007624e+00
-1.241651886193118415e+01
3.172463494962405406e+01
-3.595444779832612880e+01
-3.430058936106293288e+01
-5.950175785211867741e+00
4.163381706574232055e+01
1.788034224537717520e+01
3.648037772758146779e+00
1.070594971053005118e+01
3.417774381432521835e+01
2.369299798507107013e+01
2.464496578385510972e+01
3.438069097782643979e+01
-3.611367963094915012e+01
2.847957013188033670e+01
-2.843757658175402270e+00
2.829976280669705702e+01
2.101027403020070139e+01
1.845698097123687820e+00
1.516365201007990748e+01
-5.468561385953758069e+00
3.968647442378249224e+01
1.171364176718571315e+01
-4.941082111218963746e+01
