-2.913697896517184560e+01
-1.570264425434348254e+01
-3.416621260904219781e+01
-4.580771530075436004e+01
-1.807948046353950744e+01
2.572558389305264370e+01
2.471635980775885955e+01
1.121562996866880191e+01
-1.213675180712594504e+01
-9.156664634924345236e-01
2.340541966628860138e+01
-3.146455580174062305e+01
-9.066175507840597447e+00
5.734836848049282843e+00
1.568403756527413151e+01
-2.158260282219577064e+01
-4.337006529467768701e+01
3.353480177455462119e+00
3.114513093879160621e+01
-2.990374580199447152e+01
2.543244691053139661e+01
-1.867405339652004059e+01
1.974932712054312489e+01
-2.442765539574020295e+01
3.031138644641783131e+01
7.076556103933437036e+00
-1.241655396865736627e+01
3.172499167502042638e+01
-3.595483914345527410e+01
-3.430069428991547653e+01
-5.950274870278036587e+00
4.163377483888142905e+01
1.788011083912556742e+01
3.648115095050713741e+00
1.070587000253294363e+01
3.417776356547533112e+01
2.369296080870295640e+01
2.464501513430965929e+01
3.438055642512198773e+01
-3.611364388346821386e+01
2.847970630865799890e+01
-2.843562592499268682e+00
2.829991040003795177e+01
2.101047060993095528e+01
1.845648277909485602e+00
1.516345506056292081e+01
-5.468861295883165496e+00
3.968661753707227291e+01
1.171361583297338171e+01
-4.941097043532038668e+01
