-9.274606507607201422e+01 -5.771466920880347118e+01 -2.987316804083548050e+01 -5.863723729222244430e+01 -2.091626634580237010e+00 6.599294823809725585e+01 4.183139798201037252e+01 -8.163740550444504152e+01 -9.145842045608870308e+01 4.237871944766553867e+01
5.682626909116407887e+00 1.195343910353669692e+01 -3.965581012967443542e+01 1.748521590713309593e+00 -2.730569174666163690e+01 -7.815475833376268611e+01 3.993302789371922046e+01 5.556450355739193725e+01 1.819239124098302440e+01 4.856867014110403602e+01
-2.563337020507761110e+01 -3.725765688884398941e+01 -2.716407835148770644e+01 -4.682063902794008925e+01 -4.615379906110142372e+01 7.888896605587419231e+01 2.015357168941662280e+00 -2.189449993116555149e+01 -5.502881712255231150e+00 -8.786753068349449691e+00
3.103640242652382142e+01 2.532075757484846434e+01 -6.928055843209756404e+01 3.479077935201190286e+01 -2.243729820067925829e+01 -1.275366578206480028e+00 -2.647738425718445399e+01 -1.040130340555953126e+01 -2.821009977277341463e+01 -3.208536915482267915e+01
-5.829475028628354494e+01 -5.138265303645985682e+01 2.940698217984215290e+01 -8.213683878181348064e+01 -1.043021833945747545e-01 7.420630457026686599e+01 4.339523274079232351e+01 3.299513053273486207e+01 -3.648932136526823911e+01 -2.193630551315264654e+01
-2.098753972390532851e+01 -1.923773620004994811e+01 -3.327385865575156743e+01 -6.949279166645533223e+01 -1.883517714282425359e+01 -1.353082028252947566e+01 4.426727012536468919e+01 3.713047654118722818e+01 -1.251026925755822106e+01 -2.652878308473013647e+01
9.756043166583808102e+00 -9.401249090365043415e+00 -8.844028302382803020e+01 -8.507326923263227059e+01 -1.841385407674844998e+01 -1.865955308287523451e+01 8.386592342241655729e+01 2.072949022136900510e+01 -3.447043270288102690e+01 -4.373302144563435689e+01
-4.253019264650996689e+01 -4.300940269604588906e+01 -3.160805688103637934e+01 2.330349381307424750e+00 2.334397754640006539e+01 9.206061254350846212e+00 3.044773107316269645e+01 -2.198485125262728701e+01 -3.417233282675221062e+01 5.368245340874618421e+01
1.636801016826974475e+01 5.736950782438825058e+00 6.990548388743007990e+00 -4.156509524730126515e+01 4.825056584975136786e+00 1.221994473742581988e+01 7.062032835553223720e+01 2.215221806876235178e+01 -9.678566612726802632e+00 -4.388220686743913745e+01
-6.868640676804536938e+00 -9.422321360029626192e+01 -1.273437451056214798e+01 -3.361019906635114296e+01 -1.967088519808847025e+01 7.122452199861783129e+01 2.034302184441333949e+01 -1.327367919540281349e+01 -3.123341307852214754e+01 -7.512018184785722497e+01
-2.418601487865435473e+01 -1.689765009249769889e+01 -2.465658799984619520e+01 9.244626412420037909e+00 3.212637432846526053e+01 -4.019467235599082500e+01 -2.502668102083859836e+01 1.356735079037582281e+01 2.820772088009688261e+01 -4.907919514968693164e+01
-2.288008732939491452e+01 2.103799759554063087e+01 -3.913804735818528258e+01 -7.930174241031426874e-01 -4.396613908068187726e+01 4.764095306267948615e+01 4.476830437860870404e+01 2.236281903439585506e+01 -4.565748704634070343e+00 -5.511759252727834735e+01
-3.447718470879806318e+00 -1.793146545517272017e+01 -9.907803370370987750e+01 -8.969753576167191511e+01 -3.581909742682782394e+01 -3.454411639690180280e-02 4.824005620809796113e+01 2.843581566770355096e+01 -1.388742689288039678e+00 -1.452852888807838028e+01
-5.197063192243788876e+01 -2.342553280460592191e+00 3.765813427299352867e+01 -3.162488102887645525e+01 -3.864412903148224387e+00 7.404077046473211965e+00 1.552954437121767839e+01 -5.440286728067789568e+00 -1.669192991628203870e+01 -6.835275795453066294e+00
-4.740587570081807200e+01 -1.148310016249681276e+01 -3.697050876128653840e+01 -5.076196571353685982e+01 -2.383169581623412725e+01 2.764835791565398182e+01 1.880752764045458036e+01 6.055816870860917689e+00 -1.659346716690097168e+01 5.450253244181693546e+00
-5.792958631997063890e+01 -3.916206002759483340e+01 -3.773459676740404234e+01 3.137284064968788755e+01 -1.145112123121616143e+01 5.145257963640794685e-01 -5.494094691212428927e+01 -2.112568103720791157e+01 -3.484934098646648692e+01 -1.210618944291713817e+01
-5.843612408728233731e+00 -8.479287932429249608e+00 -3.615386118777618663e+01 -4.516832731966715642e+01 -4.765590800637186675e+01 -3.459372421328126990e+01 1.212829369311563354e+01 -7.828693536514576579e+01 2.136247381559876146e+00 -4.372608405877986826e+01
-3.490552820498076159e+01 -2.092697638000304750e+01 -3.450800333771730521e+01 -4.420383206468559223e+01 -1.697195074940590942e+01 9.821004755632266381e+00 4.966104357186463858e+01 8.592265199959446420e+01 -1.903563499283143301e+01 -6.794734477452927024e+01
-3.315151147443725677e+01 2.012555250376930971e+01 -3.955612166447437517e+01 -2.287895191697301911e+01 -6.401195150882267626e+01 -8.901153078978325084e+00 -1.265508808000983265e+01 -8.197895329547691290e+01 6.449175828813750400e+00 -3.751484705435601086e+01
3.065436453473482459e+01 -4.750713758255112396e+01 -6.087999287847583219e+01 -7.172130274068670985e+00 1.135124715802890094e+00 -3.581746094922131363e+01 -7.044151076098311037e+00 7.252424262936220600e+01 6.484786665546332074e+01 -5.712130687689315423e+00
1.059732067892143803e+01 -4.258657392230922767e+01 -3.203870404551202000e+01 -7.457274162312965871e+01 -2.784790211846845409e+01 -5.272032144831612754e+00 2.674398648445738047e+00 9.053433467375754162e+01 -2.188857892845735620e+01 -2.629811325093790941e+01
-1.488971833458889904e+01 3.561092978278656318e+01 -8.525531541923805889e+01 2.705760767398119526e+01 -3.374084300606907050e+01 1.290482658911995983e+01 2.887217453400248246e+01 1.065070475346501766e+01 -2.312650016925832830e+01 -5.936177601879226984e+01
-2.140247209326766153e+01 -5.150887064192866660e+01 -5.946985332242722677e+01 -5.396984267560124948e+01 3.859488167254434643e+01 3.169437665101701640e+01 5.576955935028489186e+00 -7.449719039651427011e+01 -5.669531485225951428e+01 2.366136758461461653e+00
-3.933721076512674131e+01 -6.067918846300337066e+01 -4.145059746462062833e+01 -2.197988090191889654e+01 -9.485603561153073571e+00 -1.389840157770553475e+01 -2.331941333497680446e+01 8.819467836896298252e+01 -4.721651622646277247e+01 -7.093125016543987726e+01
2.895135008394174392e+01 7.120134805712101667e-01 -3.233076855624803869e+01 -6.017714058113247688e+01 -2.697766414150476777e+01 4.641490933298302934e+01 9.323423968567018960e+01 2.257012189788463985e+01 1.600952895314095414e+01 -4.030493448490223329e+01
