-2.959461918449721196e+01
-1.691465002622278391e+01
-3.407389833198531193e+01
-4.539770564050527923e+01
-2.021247418184073652e+01
2.591001564383278222e+01
2.603806187308051534e+01
1.112098226477144358e+01
-1.236953696332316888e+01
-1.851713468890586300e+00
2.341292723219993022e+01
-3.116454813276761726e+01
-8.902284900778660415e+00
5.776432740548247402e+00
1.610530611956120950e+01
-2.040691197021584458e+01
-4.317167285059540660e+01
4.298192408286919175e+00
3.042762463472368495e+01
-2.865292208486998149e+01
2.535078281249063537e+01
-1.628081701191385022e+01
1.919961498308505909e+01
-2.315246962489958449e+01
3.076778536587063684e+01
6.725014799911281926e+00
-1.295884639150952822e+01
3.176819803099494521e+01
-3.620029999214619920e+01
-3.455725482401966531e+01
