3.177966005715048325e+01
3.374226694887018851e+01
-2.640857058460579054e+01
-4.939441474519658470e+01
-3.568307132453773534e+01
2.417730387690555460e+01
-9.430556544099594873e+00
3.676559397012742636e+01
6.052308732559939841e+01
-3.913384427906792240e+01
-7.241115263094457077e+01
2.832437064212696498e+01
8.513899459177166307e+01
-2.937916950753080769e+01
-4.482096033706311999e+01
7.365920427575646556e+01
3.351770799019698188e+01
-5.897889257214600889e+01
-4.800145437163158846e+01
-2.917342788944807808e-01
1.409687236572153779e+00
-2.678764163828774514e+01
4.640983369847521800e+01
7.783527005806988086e+00
9.565691884555178603e-01
2.833050392585168353e+01
-4.486074763390514875e+01
-7.457949041146568447e+01
-1.108602240067734357e+01
1.756381481441622761e+00
1.452318827903347653e+00
3.545418934901110219e+01
-2.193561210538844364e+01
-2.101504628554414467e+01
-3.925997134132364863e+01
-3.278491746831745246e+01
1.183702562998420227e+01
3.498008385807376897e+01
3.469386787525024118e+01
-3.393527461508007548e+01
-6.541522247751672126e+00
3.223110084087382177e+01
-3.646032906106496085e+01
2.796656544599360217e+01
7.418907979201283354e+01
-2.265482003797272625e+01
-8.308496726784397879e+00
-1.209543421236429595e+01
-7.177412290071652023e+01
8.106745170173003601e+01
4.403716225141646134e+01
-3.868746297272997481e+01
-6.595946877593931390e+00
9.648917367952179802e+00
-1.467510322531817124e+01
-3.374674664560351545e+01
1.914607742211160257e+00
2.979231614052186217e+01
4.792456595325157309e+01
-8.263097419702084778e+00
-4.907011565214557436e+01
-2.118455331368515004e+01
-7.416325260512337536e-01
-1.081014677918903644e+01
7.094868106562316257e+01
-2.273917516875429712e+01
-8.662667010960035441e+01
3.101645325810009268e+01
5.087369106310786293e+01
-1.953566811162966488e+00
2.325218496487586961e+01
4.495902333562797537e+01
-4.586760562801822516e+01
-1.815914377072601127e+01
6.104470404043897958e+00
-1.314477824493960867e+01
-4.051577851754144177e+01
-3.780548834800863744e+01
6.408486148817939210e+00
2.545475099898369109e+01
4.172464449399767261e+01
-2.145778822852144785e+01
-6.075163234023674974e+00
2.998407975230737676e+01
1.696810704262722425e+01
-1.121253281600558971e+01
-1.711751843909628690e+01
-1.922463993797990156e+01
-3.132443612188781756e+00
1.114138564512671969e+01
3.277267834074530839e+01
8.444433181207323003e+00
1.623589904825821151e+01
-1.943944614435877583e+01
-3.966314264790291588e+01
7.863719129141008679e+00
1.108168097607696367e+01
1.247280369882195927e+01
-1.761227106015177668e+01
-1.884478041206447685e+01
