-4.948956646706386664e+01
-5.337066163569043908e+01
8.515361658479534412e+01
5.290300874086251781e+01
-8.201585761799488239e+01
-3.640956635677781605e+00
1.007821947485729197e+01
3.262122557526826938e+01
-2.267258212434479958e+01
-2.526883851595069785e+01
8.788612822343108633e+01
9.588356461904012917e-01
-4.140988561684521585e+01
2.353759547539009134e+01
-2.041195797793783129e+01
2.449138192093667499e+01
3.702835831293341329e+01
-6.592281697919450778e+01
-3.173881282558158290e+01
-6.613959878552888583e+00
-2.032906184503870506e+01
-1.333135627760412945e+01
-3.814801782843307620e+01
-8.961158180043796051e+00
1.900832248805624047e+01
3.488558786692961888e+01
6.712052185177157071e+01
-3.663258042669259140e+01
4.710937212146383501e+00
3.196027967414687510e+01
-1.495195055911076309e+01
-3.622137403169548975e+01
3.111765840235095482e+01
3.953155720509367654e+01
-3.092067035597439428e+01
2.873288327746026383e+01
-8.692261509775619288e+01
1.441587090445135644e+01
6.480177807067101980e+01
-6.341443985825181073e+01
1.188928084845673894e+01
3.177236537315864240e+01
-9.208109073311732118e-02
-3.734328312208214129e+01
-3.366288618481905104e+01
-6.882951398852190650e-01
7.780212940650699238e+01
-1.198952856283690593e+01
-2.596327838224651785e+01
4.410301870705893634e+01
-5.924965978713038339e+01
1.050659658745014724e+01
2.403310653766090610e+01
4.510713970452652433e+00
-4.958099451473862729e+01
-2.868168816069433547e+01
-1.180210642295878287e+01
3.705924928759664283e+01
2.899005324363370306e+01
-2.125800895301756555e+01
5.342373564386534213e+01
1.101363349457527363e+01
-2.454188851410078342e+01
-6.573160105966677236e+01
2.164471695903368698e+01
4.810861648255661294e+01
-4.859181586721212653e+01
2.944614978442949038e+01
1.112973216345284300e+01
-4.296788575672083255e+01
-4.560009271102085648e+00
1.473841392623917557e+01
1.128062292725564575e+01
-6.661351874692138963e+00
-2.039748286957774681e+01
-9.108036960653368652e+00
2.377648667892303180e+01
-9.851497656096352529e+00
-5.354647194339970895e+01
-1.206788103323409800e+01
3.996252834311567881e+01
2.625498965607293300e+01
-1.470236156437659147e+01
-1.686069156247350520e+01
5.866363590430327690e+01
-1.588412963796459465e+01
-1.743406679504784051e+01
2.527469825136400061e+00
-2.989474368600883381e+01
3.181224746203734810e+01
4.376408959156290734e+01
-1.214973074272250386e+01
-4.776343029901351400e+00
1.040676536493997162e+00
-2.739546493856126474e+01
-1.722079034256435293e+01
-4.900783333307265011e+00
3.668668588066654479e+01
-1.216093985853720749e+00
-8.105744854257793008e+00
