-1.317656987239882938e+01
-1.016175249915573175e+01
-5.929236696645070026e+00
-8.203028292816478029e+01
5.383701380976728501e+01
1.307345129906322256e+01
-8.901702284158250222e+01
7.639409036733778180e+01
-2.627998756573140682e+01
-1.247084798415957607e+01
7.903523279080570774e+01
-1.497230630448642330e+01
-9.026812339358251336e+00
6.869506036758306777e+01
-6.569708455851925422e+00
-5.352130165359112368e+01
6.997933023975303968e+01
6.785497631085294756e+01
-4.119287439614119251e+01
-7.958388228054924696e+01
-8.369436757399850535e+01
2.737666298265510534e+01
4.702955331290228003e+01
2.885513185414531989e+01
3.347929012351386291e+00
-3.522206092657646082e+01
1.209889815272474323e+01
2.493318296941199819e+01
-7.353314576600895691e+01
-1.506272793168991342e+01
2.092219728989348937e+01
2.752571044409388179e+01
2.752142430102529858e+01
-5.168327297258679209e+01
1.233757544059544387e+01
-1.545942705719173915e+01
2.279055818975922065e+01
-1.359468426031229882e+01
-3.670400986419481626e+01
-4.131168562805535238e+00
-7.805031311107070380e+00
4.823551206018975535e+01
-1.492938661293671743e+01
-4.427046263380078983e+01
2.068728502696054505e+01
5.871480006307281485e+01
-4.345073946207132565e+01
-4.726130300944525686e+01
4.104938444222159433e+01
-5.598551360252219666e-01
-8.349372456737135906e+00
-3.954039788482227635e+01
3.861007208426177328e+01
6.947293495628127857e+01
-8.091565709638979342e+01
6.488997104208181099e+01
7.429552123220693716e+01
-5.072731590618219855e+01
-2.585784456094302897e+01
-2.834825721370709317e+01
-3.304832228195020605e+01
2.898703029983857959e+01
2.483896054001454345e+01
-3.398166936764003765e+01
-5.302744203379883459e+01
2.012515645352980798e+01
7.044188094323112637e+01
2.317275118119674815e+01
-3.619669259264111361e+01
1.831574847743211620e+01
2.525963446470640150e+01
-4.015805251629737427e+01
1.102666781121497763e+01
-9.250696237671464317e+00
3.903617927528803477e+01
-6.110119738917951793e+00
-4.703540983574708889e+01
1.126058553169776033e+01
2.077934125015202582e+00
-3.812697757250793273e+01
-1.933466783789178933e+01
1.882632497012775730e+01
-2.673784354931870411e+01
3.649142906930148200e+01
3.720253842487215934e+01
-1.507571940858883153e+01
4.829086914113996443e+01
-4.248032607121716353e+01
-4.814135490567635145e+01
-3.407346424767220938e+00
1.784236472851767275e+01
2.103723618107327553e+01
-8.504379892125516704e+00
5.106665128434116241e+00
1.616304330649364118e+01
2.000476825170684947e+01
-1.366708463713330701e+01
-3.332089991495267611e+01
-1.399951969299317867e+01
7.430228996039467404e-01
