-1.087943450877260076e+01
6.242593180431998690e+01
2.564481005589708218e+01
2.272775341048500763e+00
-1.331830321627005276e+01
-5.788649330973763085e+01
-5.866703733367145901e+01
3.283232270125324703e-02
1.827003137850667258e+01
-2.658928293186789915e+00
6.108355354530964121e+01
2.261802847616890233e+01
-8.557068113150080535e+01
3.832481963362825184e+01
4.849106243909396596e+01
-3.743508393759056929e+01
5.469292500692755965e+01
-3.076543733612453480e+00
-9.462430278957253904e+01
-3.096938162919667548e+01
-8.262795880047382013e+01
-5.526611810652392620e+01
4.807463844027211053e+01
6.714018176551813610e+01
3.631428133866174335e+01
-4.545914404639790973e+01
2.204462374561416027e+01
9.463780720129888380e+01
6.189037205715069945e+01
-7.016542300398545251e+01
-9.476059745242156396e+01
1.069923927929394836e-02
-2.724731660042080605e+01
-7.785108573516119179e+00
1.886982328732293368e+01
-7.347952150896631451e+01
2.608920308795066489e+01
4.237646441415951415e+01
4.055418409185050166e+01
6.884641832204425782e+01
-2.557657477252640632e+01
-4.728655703585673109e+01
1.372349229859447917e+01
2.564540791152202814e+01
1.370993809934863350e+01
1.343333223713811719e+01
-3.885966924708145598e+01
-5.819695511747671191e+01
3.194273625630047775e+01
2.162460131909026018e+01
-1.625742884313611114e+01
5.309715740954943897e+01
-3.534481899691101603e+00
-2.621538761877881285e+01
6.976383832218473913e+00
-1.855781181926332124e+00
-7.575069812753189069e+01
2.977817518927924567e+00
7.234767232827383054e+01
2.154273008727204797e+01
-1.977715288288910500e+01
-6.418100226894769378e+01
-1.012325510592539501e+01
4.046475520575297935e+01
-9.025339177490408815e+00
-1.626092875960793549e+01
-6.728592414095416530e+00
2.996286758891030644e+01
5.894813184188977573e+01
-4.059117632803317122e+01
-5.394475112709297804e+01
7.073448229944055754e+00
6.725148313655654242e+00
2.272128490024093672e+00
-1.165265399165934213e+01
5.965961686880540071e+00
8.924104917904504219e+00
-3.728714572392814830e+01
1.283670636757252481e+01
4.092086757082978465e+01
3.730627508723200236e+01
-1.852055130760763646e+01
-1.995151172530172801e+01
1.004261252205023958e+01
-2.846097276838122880e+01
-3.638439631858796730e+01
3.993105693278489809e+01
1.673344337460214604e+01
-5.294651349173009436e+01
1.377270995034324486e+00
2.780817770547779233e+01
9.012869986545929635e+00
3.631134805344656513e+01
-1.713364173870584750e+01
-3.427914671485936537e+01
2.461567801807873934e+00
-6.171275699040783103e+00
9.647416255153849818e+00
-6.614223912624524360e+00
3.439166897610590468e-02
