8.801252445173677330e-01
6.734191595618893800e+00
5.484618143536363455e+00
2.362055235331283587e+00
3.071993854487550024e+00
4.132561797397062087e+00
-4.418089956141358243e+00
-3.761395929756568446e+00
4.914286312036764137e+00
5.299560442073158129e+00
3.464936455252382697e+00
-1.444306627802108389e+00
-1.576070310431874955e+00
1.297714280585080537e+00
4.245495759551745962e+00
-4.991900822415630934e+00
-5.859973591280871474e+00
3.998103579274717934e+00
-3.815248414721204018e+00
-4.658173612167082922e+00
6.936411448002284708e+00
-2.054328176515547444e+00
7.659573572944079478e-01
3.217435459565323619e+00
-8.734496141175989159e-01
3.214818875345874183e+00
-2.380796772220363788e+00
-4.394091558605961012e+00
-1.485802643266042722e+00
2.769314896081731092e+00
5.565246442292997031e-01
1.591456572766836830e+00
-1.713371545142558627e+00
1.262774518820717784e+00
-4.035468738467847594e+00
1.152329950975143902e+00
-4.747873212723447978e+00
-1.625657527784798217e+00
-4.548172709616180143e+00
1.105004136294400752e+00
-1.804895453706783170e+00
3.821091586504810067e+00
2.719314087273671188e+00
-2.173951648127493197e+00
2.647073656598339486e+00
4.008540519006920988e+00
5.158093555590770762e+00
2.615535657934616953e+00
3.821894217417090900e+00
-4.955238695156266360e+00
