-3.464455595339632765e-01
4.603897235399990073e+00
1.157244613941986078e+00
3.238546882349991218e+00
3.301689657243302989e+00
4.260372419024475832e+00
-4.277878575017662222e+00
-5.179159655333043233e-01
4.970394748876442392e+00
8.330496083819831199e+00
-1.552558383977250323e+00
-1.391005459957197044e+00
-7.132720862737980116e-01
2.242309641377650209e+00
4.127003469372037436e+00
-3.799014717584281442e-02
-7.140194083016870863e-01
4.247217553165238968e+00
-3.985045172884639442e+00
-2.391731079164028273e+00
2.120594121878360383e+00
1.948185087314381558e+00
-1.592200191273415166e-01
3.064876355369909433e+00
-6.084054415780371983e+00
4.218400771797298887e+00
-1.441826017946227445e+00
-1.707502065322162199e+00
-4.972222427413277579e-01
2.777550336202852410e+00
5.666771885685490062e+00
1.752417354324477872e+00
3.134406510706693627e+00
9.979760249428148988e-02
-5.154031236377354830e+00
1.212706937907513716e+00
-6.547954159243327688e+00
4.748535507233883068e-01
-3.514205502176677154e+00
1.225365707797548609e+00
-2.975061888386777653e+00
5.086619637119855319e+00
2.931999624879449762e+00
-3.250689824321566945e+00
3.607154290733422641e+00
3.314207524953574957e+00
2.191815530820201197e+00
2.805035635895908985e+00
3.923571525924338665e+00
-4.761608855199852997e+00
