-3.359839465996050656e-01
3.842272063221150447e+00
1.240138357155488258e+00
2.510872502775594928e+00
3.254512678200732978e+00
4.302662579246392838e+00
-5.247086418326968982e+00
-5.765565710421736156e+00
3.973919182857122756e+00
5.198528344372420840e+00
2.486467817521699875e+00
-1.496558186508994748e+00
-1.707044713101332212e+00
2.249462882598470603e+00
1.241699352970365489e+00
-5.031977110367675365e+00
-1.961900818415712511e+00
4.030898313076352935e+00
-4.120607486699068289e+00
-6.682691496252569863e+00
7.447728123648144738e+00
2.282858797037079501e+00
3.862424284998075219e+00
3.268446026805153171e+00
-3.101142514871259692e+00
3.043963837778173254e+00
-3.238940737485669352e-01
4.031479146581986583e-01
-3.880036061109497503e-01
2.791270858604022465e+00
7.514000928108846011e-01
-1.648080711440583990e+00
4.134786264857659432e+00
1.059849289219272128e+00
-4.109433468655932842e+00
2.317875544116508202e+00
-4.498061632302872148e+00
4.039214248615188296e-01
-3.453636966585241108e+00
2.143581268667649198e+00
-1.936328794591161584e+00
2.354513212932821009e+00
2.739898667663017484e+00
-2.343795515731978085e+00
2.470050968213745257e+00
4.189055641346858927e+00
2.180626196940685713e+00
-3.260115376005178756e-01
3.971607506045572222e+00
-4.843987763981676409e+00
