6.481374680520297638e-01
3.599755137802036931e+00
1.370789309266557066e+00
4.017035394818155858e-01
3.997805802827198995e+00
4.124586684822343585e+00
-4.141995191851423286e+00
-3.674508262301847239e+00
4.579556964367621497e+00
3.200357237119325848e+00
2.783753136467407074e+00
-1.475292004568283799e+00
-4.692454284818523114e+00
1.196588982392774669e+00
8.270246943707649123e+00
-4.959424189945254469e+00
-2.783599384806778154e+00
3.933106134227658757e+00
-3.985453883674504816e+00
-1.784817288658682166e+00
7.234840405593518042e+00
1.999789539296991325e+00
-2.190867807635262565e+00
3.185364549432966541e+00
-7.034075792057957521e+00
3.252866639963026607e+00
-4.707152030024979172e-01
-8.383265651376088812e+00
-3.442976831659337322e-01
3.961310751349751413e+00
-1.342168234058354948e+00
5.627822169818101017e+00
3.149276978023387574e+00
3.334961002183838730e+00
-4.147707161271886989e+00
2.627142174541771680e-01
-5.614084343208363137e+00
-6.703534901110932420e-01
-3.479305394325626910e+00
1.132427646173444602e+00
-3.895194167989477929e+00
4.177411351782697402e+00
2.665487769259328843e+00
-4.253538569604425668e+00
2.567600062218272861e+00
3.201177930856450082e+00
4.330677765305559923e+00
-5.022397827251048330e-01
3.770042225924397084e+00
-8.631278712832048949e-01
