-7.421809646775879843e-01
5.887153543912319265e+00
6.497040119748782594e+00
9.126504097249645397e+00
9.308883002259713990e+00
7.074084547526067190e+00
-9.490414498060333770e+00
-4.284433791821200543e+00
-4.293661170062923915e+00
-8.677180722684175507e+00
2.631348589255469328e+00
-2.064846799825841739e+00
6.382896028953108036e+00
-8.094316188124588862e+00
-6.198418796741480996e+00
-9.495210516695072656e+00
-9.798821346845365099e+00
-9.732554181387955694e+00
-4.074169797658802494e+00
-7.743476042810900850e+00
-8.657876308534755427e-01
2.344696748654327423e-01
-4.219002417455969267e-01
-4.020480092470428701e+00
-9.333166797128733094e+00
5.739500476854292543e+00
9.196201985634390397e+00
5.150564445494850929e+00
4.123418072649556620e+00
-4.180896269080382588e+00
3.923846032216297797e+00
1.722826174954335432e+00
-3.182262229819886379e+00
1.296001419548872935e+00
-7.851168168605880737e+00
9.202825772141990157e+00
3.382958839636140080e+00
3.950433482992742107e+00
-7.006181318113068102e+00
-5.937347234681775276e+00
1.787785508762309433e-02
2.588870795933375213e+00
9.268646492209363430e+00
9.975692621494728130e+00
-5.025617502113596480e+00
2.606278303495932480e+00
-9.530718975904568069e+00
-3.713354403009915927e+00
5.486351302747579872e+00
5.410702363025285955e+00
3.534157585443455929e+00
-8.663284187357593424e+00
-4.189341243493806266e-02
4.092182862213823213e+00
-8.495560388343540437e-01
4.138869434410110237e+00
2.410242079260605408e+00
4.106594641034453375e+00
3.763413894456743236e+00
2.855430301923258973e+00
-9.291784946878225426e+00
-2.970970565347142767e+00
-5.121958716309782389e+00
-2.144114100152724411e+00
-9.005067747446050319e+00
-3.138318037648074821e+00
-3.466086838261820624e+00
-1.124475803147370279e+00
-7.541133130231481019e+00
5.953983732276261875e+00
-3.753605972403362134e+00
7.877841954369099398e+00
-1.472061565843827413e+00
-2.552459711316919400e+00
7.898933170678624549e+00
8.060961286161207440e+00
-1.347308058483783988e+00
9.851987716151121788e+00
2.708712946844484826e-01
3.989002081378388187e+00
2.974222537097520602e-01
-6.254541372002311306e+00
-7.274421523499182030e+00
-9.197726700291163349e-01
4.624362761986073878e+00
-2.743672786082580028e+00
9.775309291891259633e+00
9.085503176469114095e+00
5.280094635152946303e+00
5.805089436385489632e-02
6.692733626046758033e+00
-5.756429134279908766e+00
8.929853627635095492e+00
7.540722504466032206e+00
-1.885152889461177317e+00
-1.258827346148455373e+00
-9.164691580126634207e+00
6.405260781614041221e+00
-2.484887245472790607e+00
4.642306405042626594e+00
