-2.861325783274550716e+01
-1.579218245043550617e+01
-3.419690173313655635e+01
-4.607481826846176887e+01
-1.794076930302783524e+01
2.570989724846266355e+01
2.442144074674311938e+01
1.131897717645644796e+01
-1.227588659163656182e+01
-8.214464943126761343e-01
2.376467822063105473e+01
-3.162034943554976252e+01
-9.374712762176558911e+00
5.839914793087813472e+00
1.566897606431188095e+01
-2.151909432958333213e+01
-4.338183063355529612e+01
3.101752548973655710e+00
3.107269018575641795e+01
-3.002230984834987737e+01
2.531152033035080251e+01
-1.853862214151261512e+01
1.982082882715550554e+01
-2.417412979686416108e+01
3.040398051472455521e+01
7.353723378346376904e+00
-1.247112033483100113e+01
3.175509844195128295e+01
-3.590732788210273441e+01
-3.421634695060843256e+01
-5.914370154583752814e+00
4.147078943538508611e+01
1.749336403067708190e+01
3.469854008602979878e+00
1.081299341253021673e+01
3.420433375229327311e+01
2.352302320287934378e+01
2.446877559828900672e+01
3.430353411814470377e+01
-3.593284574315651980e+01
2.844127343861358526e+01
-2.998640050836067772e+00
2.808726468783167718e+01
2.116170763321011350e+01
1.763862664399783009e+00
1.479099286943738001e+01
-5.286288468209476399e+00
3.943526857772204863e+01
1.183400099948939577e+01
-4.935567773013162451e+01
