-2.913695552985215542e+01
-1.570272460932440595e+01
-3.416630450501250493e+01
-4.580776661367112723e+01
-1.807948336239850917e+01
2.572549391103541083e+01
2.471636496678399553e+01
1.121589150197702267e+01
-1.213679465759019571e+01
-9.156363435853294153e-01
2.340547024566560097e+01
-3.146485306206272980e+01
-9.066154221508273992e+00
5.735160881266496702e+00
1.568403732011822349e+01
-2.158259923326540886e+01
-4.337009776928058358e+01
3.353775395393525649e+00
3.114521508840703490e+01
-2.990407480870410595e+01
2.543257459726487113e+01
-1.867403987986873659e+01
1.974910439259438277e+01
-2.442740715377271599e+01
3.031111756088348841e+01
7.076274862719277081e+00
-1.241629296341312028e+01
3.172496641449825816e+01
-3.595482196658524288e+01
-3.430037948665253111e+01
-5.950066475457428616e+00
4.163401649657046733e+01
1.788029738691328419e+01
3.647858826315003355e+00
1.070610997536801179e+01
3.417773623599217103e+01
2.369292718741685277e+01
2.464524263721424546e+01
3.438051767721913876e+01
-3.611389070862978912e+01
2.847941942820796157e+01
-2.843860338686261979e+00
2.829970815744441026e+01
2.101045298993514976e+01
1.845298095337375210e+00
1.516342565611422977e+01
-5.468873998139931025e+00
3.968653128679486741e+01
1.171368972647545981e+01
-4.941127863134602194e+01
