-2.800864394697733317e+01
-1.570264839900610276e+01
-3.416619732482853067e+01
-4.580777553136511671e+01
-1.807942402283783423e+01
2.572588535359255957e+01
2.471637396339300707e+01
1.121588389286776355e+01
-1.213643238230432253e+01
-9.156780825242485378e-01
2.340547121462663682e+01
-3.146456168218247740e+01
-9.066176140052471411e+00
5.734900519328311574e+00
1.568430958745069326e+01
-2.158235787770747649e+01
-4.337032916823448403e+01
3.353749652642928236e+00
3.114545790468614683e+01
-2.990384680830795361e+01
2.543281900367891524e+01
-1.867410290004747964e+01
1.974913139752501579e+01
-2.442760222212234567e+01
3.031116115039691650e+01
7.076508780051387504e+00
-1.241651938593320992e+01
3.172474751243549207e+01
-3.595461417928881076e+01
-3.430058790477396258e+01
-5.950282098955053556e+00
4.163378994923701271e+01
1.788028806217903011e+01
3.648106763157933141e+00
1.070607689497084714e+01
3.417750950701280033e+01
2.369314436352626885e+01
2.464495117940437297e+01
3.438051906039538608e+01
-3.611389258319701412e+01
2.847940316129982463e+01
-2.843589769325650440e+00
2.829970528787655937e+01
2.101045068113642600e+01
1.845317309376199644e+00
1.516377475510744155e+01
-5.468888509210700022e+00
3.968653164804498346e+01
1.171337797954383397e+01
-4.941089696886109550e+01
