-2.800864982952550974e+01
-1.570267201272864455e+01
-3.416625305172300386e+01
-4.580783081284297964e+01
-1.807949509388169318e+01
2.572550536836908819e+01
2.471672810879608662e+01
1.121552051680208351e+01
-1.213677702659911262e+01
-9.156832834164251311e-01
2.340547657507016055e+01
-3.146485506767179530e+01
-9.066132376575396279e+00
5.734867738154259875e+00
1.568428616733305780e+01
-2.158260176343987524e+01
-4.337035003282515078e+01
3.353506093067685434e+00
3.114521711525060255e+01
-2.990407186409376905e+01
2.543283434053719816e+01
-1.867404627517367643e+01
1.974933463887074225e+01
-2.442742534518740172e+01
3.031134783635851448e+01
7.076529455375764499e+00
-1.241651836731733027e+01
3.172494001934946084e+01
-3.595481021968682001e+01
-3.430061562706850964e+01
-5.950299348795556220e+00
4.163401836352403507e+01
1.788004191121044428e+01
3.647815854689749226e+00
1.070611101826286493e+01
3.417745927402438610e+01
2.369319378605076309e+01
2.464498225935874842e+01
3.438075698321626561e+01
-3.611388132877422663e+01
2.847967585552493830e+01
-2.843594407916632427e+00
2.829970153657790988e+01
2.101017310339494060e+01
1.845624773652568384e+00
1.516344690310567245e+01
-5.468547925754188910e+00
3.968684983782213749e+01
1.171341271409870721e+01
-4.941121544781490371e+01
