-2.857287715014063423e+01
-1.602069240307507059e+01
-3.426734960824568788e+01
-4.581811264228708325e+01
-1.807978118268232492e+01
2.572567825114415285e+01
2.471656428509056624e+01
1.121571924813035714e+01
-1.213661651264462726e+01
-9.155064760478223151e-01
2.340530850203346702e+01
-3.146470431365002440e+01
-9.066299758585099511e+00
5.735012304021275042e+00
1.568416790131396077e+01
-2.158247277433164157e+01
-4.337022984363476752e+01
3.353631072844136085e+00
3.114533363174981417e+01
-2.990395136321885161e+01
2.543268823550652868e+01
-1.867393028371655816e+01
1.974923156530601887e+01
-2.442752444683664592e+01
3.031123819194719715e+01
7.076420780192526294e+00
-1.241641721804178289e+01
3.172483365321553705e+01
-3.595470369369480323e+01
-3.430051280544208225e+01
