-2.857325155584014098e+01
-1.602106392346293973e+01
-3.426701310096442654e+01
-4.581852684795465080e+01
-1.808016713841260881e+01
2.572609995558101303e+01
2.471617175320359294e+01
1.022036070539624575e+01
-1.213620951261771808e+01
-9.151083091813174697e-01
2.340572155835892687e+01
-3.146432164620589234e+01
-9.065906562375987576e+00
5.734619126266702338e+00
1.568455947503510117e+01
-2.158203576733596307e+01
-4.336977928519598890e+01
3.353208219919073585e+00
3.214074395172793430e+01
-2.890853141518985225e+01
2.543223939561455182e+01
-1.867438172078995251e+01
1.974876006007757212e+01
-2.442709315089710032e+01
3.031072945055613843e+01
7.076875841869222583e+00
-1.241590887958539291e+01
3.172436048061499037e+01
-3.495924074502060819e+01
-3.430099500074020824e+01
-5.950635345538549004e+00
4.163430281935971067e+01
1.787981264211483534e+01
3.647569166024670295e+00
1.070637355526170076e+01
3.417796612917010890e+01
2.369340794011688800e+01
2.464473721212237933e+01
3.438028329064633937e+01
-3.611411699655612040e+01
2.847916213497748217e+01
-2.843397798403607624e+00
2.829952745946812342e+01
2.100998856897615497e+01
1.845804493245279287e+00
1.516321967891276223e+01
-5.469112083121531853e+00
3.968634727945031671e+01
1.171316926727217300e+01
-4.941139385540913054e+01
