4.654100003894342308e+01
2.799102680307932189e+01
-3.036359818435705193e+01
5.836896510726104736e+01
3.294587839036672960e+01
-2.820144589327279760e+01
-4.808560539889201380e+01
2.279571512847580905e+01
6.287505155163659509e+01
6.585352911652299213e+01
-6.736625551690130465e+01
5.769972339011347628e+01
4.818270147903419343e+01
1.493621815870163161e+01
4.686591736773844019e+01
-1.956980008658781856e+01
-4.721108214819060578e+01
4.530809869541565149e+01
3.651223839104800106e+01
4.036781666401094526e+01
-9.528269387177424221e+00
-6.549836411266743141e+01
2.119628897209328855e+01
1.974130682484231514e+01
1.520568191063641095e+01
4.383333354960231532e+01
2.378808180637528125e+01
-1.263989606715744074e+01
2.367493358598468944e+01
-3.458949302288559835e+01
2.420133933545579907e+01
-4.732327541861931763e+01
-8.672915079329789023e+01
-6.405810968646612480e+01
-3.567878547123211774e+01
-8.906587949345066590e+00
2.287430868154778807e+00
-6.834685543125395668e+01
6.739332384440118062e+00
-3.264020658800789931e+01
-8.780263990378825767e+00
5.085777457781293975e+00
1.407219950181532830e+01
7.693279697231382386e+00
-6.952908227515086992e+01
-4.908151017998422816e+01
2.010291393227582546e+00
-3.993083878686599064e+01
1.530115903382154841e+01
3.960264101235660661e+01
