-3.613011893356109283e+01
1.788435006684193596e+01
-1.841062852747274547e+00
-6.460822465511181178e+01
-2.067322793067405229e+01
-4.009233281178752861e+01
-1.243921229300180897e+01
8.416523673359534996e+01
-7.692563587822093041e+01
2.287707412461124079e+01
-5.459651048953689667e+01
-2.336876260714273457e+01
1.835364978679946546e+01
9.268542411613626086e+01
-1.093937615036920974e+01
3.914290383963771092e+01
2.852434649905779906e+01
2.529571315737595683e+01
3.424013517821181551e+01
2.023559630902853357e+01
2.505973182894199169e+01
-3.734200891176828918e+01
1.723781883220435418e+01
-6.209793648561029755e+01
2.764981911402593084e+01
1.928319983934534321e+01
-9.471330941464060516e+00
2.278804977659638809e+01
-6.551800004599581939e+01
-5.172596890617737131e+01
