3.575430622977953021e+01
4.080632738324425191e+00
5.789842680317562440e+01
-6.126169861690578244e+01
8.333460339701241537e+01
-5.898584970485245549e+00
-3.565010494571062338e+01
6.723059111358617201e+01
-5.360757134808613955e+01
8.791226847855696747e+01
3.496826019089340321e+01
-1.814119588668759775e+00
-1.453235807119071410e+01
6.068639280665379943e+00
4.598357653576798043e+01
9.662946858919164583e+01
6.687186118756463316e+01
-4.246779472790600352e+01
-7.888222177365777554e+01
9.975553499641128496e+01
4.042406124912918131e+01
-8.382356131377656538e+01
5.671827441115563317e+01
-4.209890940463887432e+01
6.081109467982321348e+01
-6.560186438925617836e+01
4.576440611517179491e+01
2.164903298678291321e+01
4.470952493691865470e+01
8.365803526312265603e+01
-9.645248534859400991e+01
8.960097795352118055e+01
3.823522168123611209e+01
5.202929767249605675e+01
-2.514391649810798413e+01
6.260052817665953739e+01
-9.357981893378000393e+01
6.939407945960846291e+01
1.168553643857576674e+01
8.234663071336888152e+01
-4.181069581019583126e+01
4.527430611165107166e+01
-9.020956547790935076e+01
1.620898348060883620e+01
-7.832956227050982534e+01
-8.600235447609910011e+01
-3.999187290853683407e+00
-5.810213757673074753e+01
-2.290380258422221971e+01
1.586973578258633211e+01
4.523826984994383338e+01
-5.390782630562998179e+01
3.143532232012475447e+00
7.702215586205960562e+01
-2.004275287753391410e+01
-9.336524949082966884e+01
5.190034179332322850e+01
9.105709961504001626e+01
3.055609156094533319e+01
6.960802816191730358e+00
2.082252618030540248e+01
7.317182806324021271e+01
3.741923491421474068e+00
2.267617867705662960e+01
3.550302072872622716e+01
-1.807929163415574081e+01
-8.100263936030661682e+01
8.020606613273687913e+01
8.420871288333330540e+00
1.449060277141418851e+01
3.850648166380460680e+01
4.467145567021005093e+01
1.447602373114978391e+01
6.618141046229598601e+01
-5.183727332708929225e+01
-2.658152167736908922e+01
9.594348564363548348e+01
-4.515403787723591478e+01
-5.631795050572732464e+01
-6.490341401868009541e+01
5.898130362419270512e+01
-4.497911925866917215e+01
1.975643712912470562e+01
3.569999841958190245e+01
-7.679172678630375515e+01
7.524820795660257033e+01
3.205900770391514953e+01
3.312959391721455660e+01
7.397689258436800230e+01
-8.968798981471541865e+00
-8.898987493660825976e+00
3.425738657447619318e+01
5.434180318195275561e+01
-9.123835025634576823e+01
-4.721844606567076141e+01
6.438909562770513162e+01
-7.679815236492009944e+01
2.297213415276340243e+01
-1.847135172093414468e+01
-5.574579876278773582e+01
