-2.857287676277792343e+01
-1.602069291702542131e+01
-3.426735013558897691e+01
-4.581811209945686159e+01
-1.807978114681630188e+01
2.572567904829628915e+01
2.471656391568460620e+01
1.121571948881871883e+01
-1.213661711182719039e+01
-9.155066609501993913e-01
2.340530968460673122e+01
-3.146470652712738314e+01
-9.066299490288782792e+00
5.735014631527051598e+00
1.568416698424950262e+01
-2.158247350591001279e+01
-4.337023138818130263e+01
3.353632175778812563e+00
3.114533337181723027e+01
-2.990395090998045191e+01
2.543268921944755689e+01
-1.867392971641019273e+01
1.974923095075392254e+01
-2.442752402088931518e+01
3.031123770270696127e+01
7.076420613335178800e+00
-1.241641670178645995e+01
3.172483307837025279e+01
-3.595470423486034406e+01
-3.430051214840717932e+01
-5.950190291745586002e+00
4.163390336729611363e+01
1.788017874597874979e+01
3.647973510556613341e+00
1.070598804513747382e+01
3.417760166924112752e+01
2.369305365981712441e+01
2.464509163476122211e+01
3.438064711136880192e+01
-3.611374658746494504e+01
2.847953610082165810e+01
-2.843728540488110745e+00
2.829985668823474043e+01
2.101032318643254371e+01
1.845463127671681525e+00
1.516357855373162877e+01
-5.468721732845150285e+00
3.968670065542213621e+01
1.171355235419855489e+01
-4.941107406399544288e+01
2.073509620142315768e+01
4.802637624150623452e+01
-4.279755115176524782e+01
-2.678821569626804688e+01
2.648576185439490871e+01
3.041237526477229736e+01
3.774266451874689210e+01
-4.626394065098369879e+01
-1.839456148586105755e+01
-2.268409153361278641e+01
3.751905241752316300e+01
7.855536152126670224e+00
1.926812280508780617e+01
-4.202561085571893784e+01
4.896307472554660478e+01
2.461281095263566954e+01
4.058018495755543853e+01
4.402366852452143320e+01
-4.531879981081880260e+01
-1.255021614401837660e+01
1.379595324415752877e+01
-2.560425301847709889e+00
-4.083788474789206902e+01
-3.029882196034176634e+00
2.590618078417165648e+01
-2.964044709638884356e+01
-2.036560940732735858e+01
-1.032501208524383252e+01
4.527341821043009418e+01
-9.840186297187091924e+00
-1.111151018843098726e+01
-1.823645637867214830e+01
-4.879068420136112394e+01
-3.230855107914642588e+01
4.906478956112826495e+01
-9.465411990478953541e+00
-1.702629695244689501e+01
4.844474694386998692e+01
-4.403309804348371159e+01
-7.477364041648895565e+00
1.331788785664128838e+01
4.697544920360665799e+01
2.382466455323494969e+01
2.720392157929730104e+01
2.677428516807680126e+01
1.466167848802556861e+01
4.063552233934618840e+00
-3.106116727732005867e+00
-2.122634209933417537e+01
4.980461843169040037e+01
