-2.857287676325543657e+01
-1.602069291624138714e+01
-3.426735013495640203e+01
-4.581811210027985481e+01
-1.807978114728270214e+01
2.572567904647013037e+01
2.471656391377843676e+01
1.121571948773712890e+01
-1.213661711315963210e+01
-9.155066623412890792e-01
2.340530968579733440e+01
-3.146470652872935858e+01
-9.066299489893728136e+00
5.735014632537241752e+00
1.568416698583246927e+01
-2.158247350491557981e+01
-4.337023138716904924e+01
3.353632175181627151e+00
3.114533337200838758e+01
-2.990395090905199282e+01
2.543268921717337960e+01
-1.867392971716955685e+01
1.974923095066391099e+01
-2.442752402164333958e+01
3.031123770188466793e+01
7.076420611983976983e+00
-1.241641670286895582e+01
3.172483308042821193e+01
-3.595470423312298891e+01
-3.430051214844029772e+01
-5.950190291879489557e+00
4.163390336833285232e+01
1.788017874420143372e+01
3.647973508007663845e+00
1.070598804476613175e+01
3.417760167001105742e+01
2.369305365801261942e+01
2.464509163265544345e+01
3.438064711111383787e+01
-3.611374658788493264e+01
2.847953610092329413e+01
-2.843728541321376646e+00
2.829985668814368438e+01
2.101032318446929636e+01
1.845463127575228457e+00
1.516357855384136322e+01
-5.468721734663812839e+00
3.968670065805594760e+01
1.171355235411909845e+01
-4.941107406318157302e+01
2.073509620105687645e+01
4.802637624156209739e+01
-4.279755115278267397e+01
-2.678821569729005603e+01
2.648576185610217948e+01
3.041237526316621853e+01
3.774266451722356663e+01
-4.626394065061980143e+01
-1.839456148564763893e+01
-2.268409153568602932e+01
3.751905241840119487e+01
7.855536151204342232e+00
1.926812280390231535e+01
-4.202561085754940251e+01
4.896307472462132182e+01
2.461281095378130246e+01
4.058018495730105002e+01
4.402366852411953602e+01
-4.531879981232940935e+01
-1.255021614315360878e+01
1.379595324288164981e+01
-2.560425302016458460e+00
-4.083788474521759326e+01
-3.029882198268191384e+00
2.590618078477891828e+01
-2.964044709843025771e+01
-2.036560940687063948e+01
-1.032501208633620315e+01
4.527341821080717210e+01
-9.840186297337952581e+00
-1.111151018942715574e+01
-1.823645637698782807e+01
-4.879068420069859968e+01
-3.230855108154437261e+01
4.906478956226673205e+01
-9.465411989502960921e+00
-1.702629695418536215e+01
4.844474694318761010e+01
-4.403309804427284746e+01
-7.477364040409409718e+00
1.331788785542721953e+01
4.697544920082360420e+01
2.382466455147662643e+01
2.720392157791320287e+01
2.677428516814726578e+01
1.466167848863039858e+01
4.063552234534006047e+00
-3.106116726139771966e+00
-2.122634209843649344e+01
4.980461843340003014e+01
