-3.057285176268733906e+01
-1.602069291717913302e+01
-3.426735013481393821e+01
-4.581811209892833858e+01
-1.807978113231867567e+01
2.572567905000153132e+01
2.471656391085857152e+01
1.121571950245167493e+01
-1.213661711729260695e+01
-9.155066601314093555e-01
2.340530968241588994e+01
-3.146470652411510471e+01
-9.066299472452785224e+00
5.735014624984056120e+00
1.568416699621138655e+01
-2.158247350556223054e+01
-4.337023139068492128e+01
3.353632168181562623e+00
3.114533336491619764e+01
-2.990395090312731341e+01
2.543268921891387535e+01
-1.867392972505808402e+01
1.974923094557030723e+01
-2.442752401992542843e+01
3.031123770220724367e+01
7.076420603181339253e+00
-1.241641671238262390e+01
3.172483307505152794e+01
-3.595470424605444748e+01
-3.430051213799930565e+01
-5.950190281806473358e+00
4.163390337171556155e+01
1.788017875592337802e+01
3.647973507739292742e+00
1.070598803237736085e+01
3.417760165975445830e+01
2.369305365458609813e+01
2.464509162414930188e+01
3.438064710246563749e+01
-3.611374659799612630e+01
2.847953609810721787e+01
-2.843728537094714515e+00
2.829985669741764198e+01
2.101032319495302048e+01
1.845463124715034597e+00
1.516357856378558466e+01
-5.468721732724853624e+00
3.968670064426726185e+01
1.171355235056923938e+01
-4.941107408689710212e+01
