-2.657290176299984097e+01
-1.602069292333014516e+01
-3.426735012740621045e+01
-4.581811210122655353e+01
-1.807978115051081147e+01
2.572567904836415309e+01
2.471656391416984277e+01
1.121571948303831512e+01
-1.213661710996676035e+01
-9.155066615794328344e-01
2.340530969197951805e+01
-3.146470653070045387e+01
-9.066299486621147707e+00
5.735014632731584960e+00
1.568416698706957213e+01
-2.158247350629711647e+01
-4.337023138782438991e+01
3.353632171331648149e+00
3.114533336928603191e+01
-2.990395091663080862e+01
2.543268922174191360e+01
-1.867392970792475282e+01
1.974923094618917219e+01
-2.442752402444338600e+01
3.031123770307386778e+01
7.076420617260607671e+00
-1.241641670732282243e+01
3.172483308069744012e+01
-3.595470422840497093e+01
-3.430051214666112713e+01
-5.950190295776105032e+00
4.163390336251314494e+01
1.788017874980798894e+01
3.647973498499427869e+00
1.070598805645987461e+01
3.417760165876812550e+01
2.369305364610066533e+01
2.464509162830588096e+01
3.438064712056710448e+01
-3.611374658124594106e+01
2.847953610010470271e+01
-2.843728536116750139e+00
2.829985667624595536e+01
2.101032317461195120e+01
1.845463134360585844e+00
1.516357855361176199e+01
-5.468721729549719690e+00
3.968670066210319192e+01
1.171355235345117407e+01
-4.941107406218219467e+01
