-2.659076368593423467e+01
-1.603189571789592449e+01
-3.425772187667799074e+01
-4.584264728418052925e+01
-1.804600258138945534e+01
2.572220946549913734e+01
2.466931819952922567e+01
1.099953239796194460e+01
-1.217811956230732129e+01
-8.912849602203052335e-01
2.333668417407589146e+01
-3.148597611868886759e+01
-9.138280231968659351e+00
5.767148694262754560e+00
1.564836990143702877e+01
-2.160575997921166547e+01
-4.337757343938844912e+01
3.384257187572239367e+00
3.114541361784888451e+01
-2.990318841849819265e+01
2.544088906907417069e+01
-1.868965389637200758e+01
1.973406310572420708e+01
-2.442990524304441990e+01
3.031463619292813050e+01
7.094094865029895836e+00
-1.241641669796814007e+01
3.172483307034618250e+01
-3.595479947266434095e+01
-3.429827456286264464e+01
-5.952358897518593039e+00
4.163163318167219273e+01
1.790870251559425697e+01
3.644847551934611740e+00
1.070788081466521469e+01
3.418019476376382926e+01
2.369693875676858852e+01
2.464509305324800437e+01
3.438064780806841725e+01
-3.612102292148603055e+01
2.847953609670011943e+01
-2.843728541489419115e+00
2.829985671537289704e+01
2.101028059639450873e+01
1.834457045447346113e+00
1.516314329102511671e+01
-5.433272602475585522e+00
3.969986795109816313e+01
1.172902676957388834e+01
-4.942123763018315685e+01
