-2.857343932434807954e+01
-1.602003665890174489e+01
-3.426789230057752889e+01
-4.581863325739562498e+01
-1.808032659735554404e+01
2.572628393943397640e+01
2.471599487610698631e+01
1.121635029724528110e+01
-1.213717843089789739e+01
8.017472541199358038e-02
2.340459217240165657e+01
-3.146419080678679592e+01
-9.067018594124572672e+00
5.734364716482934554e+00
1.568470806353465186e+01
-2.158314809565462156e+01
-4.436576187599391119e+01
3.354381906053470974e+00
3.114615420862376993e+01
-2.990465902571392576e+01
2.443718818930198466e+01
-1.867447002659175226e+01
1.975002968548684379e+01
-2.542327264822964139e+01
3.031210138667567833e+01
7.075555560370299091e+00
-1.241732545589714576e+01
3.172414933505302770e+01
-3.595579940459833779e+01
-3.430001938520629778e+01
