-2.857238659896502497e+01
-1.602013362396355234e+01
-3.526293447425391037e+01
-4.581905973112416319e+01
-1.807879099554773461e+01
2.572482040940441550e+01
2.471733711736786177e+01
1.121520639879255832e+01
-1.114117917743188890e+01
-9.162722310087012545e-01
2.340590267918703660e+01
-3.146389181458022222e+01
-9.065480013154484595e+00
5.735675937131581748e+00
1.568482017080551216e+01
-2.158295473974204626e+01
-4.337074594845945796e+01
3.353169987877156366e+00
3.114477001124841138e+01
-2.890830242808130990e+01
2.543185720221099189e+01
-1.867324696571408893e+01
1.974850654195760669e+01
-2.442821859988186617e+01
3.031050609588247369e+01
8.071947609443359539e+00
-1.241589541618741777e+01
3.172546452420784391e+01
-3.595392641001680545e+01
-3.429976488853962735e+01
