-2.141546854162255187e+01
1.354190708576439306e+00
-2.695046702726922305e+01
-1.159294445194508683e+01
-2.176596757380507086e+01
2.590730409598009487e+01
-1.036450216979118721e+01
3.116500435431669302e+01
3.491732778038816321e+00
2.717939381332107018e+01
-4.727629641460275423e+00
4.718139814082856276e+01
2.734394995408733564e+01
4.308494103287628718e+01
2.985336860386972546e+01
-1.401039410679489094e+01
4.196738464764750631e+01
-2.545515438936588737e+01
1.688154183258234298e+01
4.262923293861992136e+01
7.760107614430715728e-01
-9.184325677067093352e+00
-4.791610547553300847e+01
-3.078108784241765505e+01
-1.495340705096961642e+01
-2.036637589241798807e+01
7.181180951061662654e+00
-2.188174775062901034e+01
-3.765656201946081438e+01
1.325250562128374554e+00
2.044227032870131211e+01
-1.828085906147747153e+01
-1.073722327486035510e+01
1.012649602184779951e+01
4.332665559681365153e+01
-4.973499220668501408e+01
-3.798210945777057646e+01
-1.166562567040899978e+01
-4.146703977270626496e+01
-4.915396248038963734e+01
4.144566740335879729e+01
-2.403736828520216662e+01
2.317897105111606493e+01
2.592427891972474185e+01
4.732627227565716055e+01
3.774988306808315031e+01
1.994116737315814447e+01
-2.840186758967309544e+01
3.705028511695823568e+01
4.900133958019794989e+01
-3.076070187978096726e+00
-4.000424569834871846e+01
-2.817543026427462394e+01
-1.885728443291504419e+01
3.584030190441561103e+01
2.838168288720423504e+01
-6.174577348379983732e-02
1.895501465169556754e+00
-8.760340511062629787e+00
4.833289113181001539e+01
4.689669619334858908e+01
4.846162526832543449e+00
3.399919665362506294e+01
-4.107031755865526890e+01
2.939022958713560740e+01
1.664321073319843336e+01
4.509840433513544156e+01
2.423788293420822271e+01
-4.229036771015827156e+01
4.317398242848892664e+01
-1.798904910003174606e+01
2.020917674845118484e+01
3.401292322043894956e+01
4.211571577785667841e+01
3.004316965585275057e+00
4.434940009428792962e+01
-4.077973775087453134e+01
-3.235284054558250944e+01
2.266146026161347038e+01
3.053732849592431009e+01
-3.080699962016193894e+01
-2.651736321341601865e+00
3.448872887246720609e+01
-1.131282367601192185e+01
2.805832337412364552e+01
-2.023445375949133762e+01
-5.587278370816770590e-01
2.568992930004375097e+01
4.750819671843522940e+00
1.530453406965886032e+01
-5.206709929590733310e+00
3.234167335045221137e+00
-1.546125500834759947e+01
2.607143972266429444e+01
-2.573652075525585303e+01
1.309646261324590633e+01
-2.946505599890374327e+01
3.492507145393724954e+01
4.686635525961759186e+01
-1.634697508419279188e+01
