-3.004808604555887541e+01
-2.003023316479259108e+01
-3.541918901059278824e+01
-4.413536575682601182e+01
-1.851997845853949087e+01
2.530463576874807075e+01
2.265221658047808262e+01
9.214882011228393566e+00
-1.290558626401687370e+01
1.079673795001724890e-01
2.164988016567734164e+01
-3.080041670737026749e+01
-8.278380609017430558e+00
6.216531870385099801e+00
1.644210666335903070e+01
-2.201111314310557887e+01
-4.506043738390352615e+01
1.976424368008151244e+00
3.258090260242049396e+01
-2.989996594212272285e+01
2.309728210896465583e+01
-1.771798458348195382e+01
1.745884892031909175e+01
-2.680096922790275471e+01
3.322369579074715773e+01
5.369839645463058808e+00
-7.566474792304385133e+00
3.345363110153284936e+01
-3.537398916241515678e+01
-3.242668048268080128e+01
-2.495724251696756824e+00
4.530572831831846514e+01
1.992382774864336170e+01
6.885455290795220229e+00
1.059433741665991313e+01
3.444459259532209217e+01
2.278584054060531372e+01
2.259017104993132108e+01
3.325445689498099711e+01
-3.730388808293887593e+01
2.585867207944296453e+01
-2.239708527290728668e+00
2.540813993775560675e+01
1.972814151072941513e+01
2.576342612672839039e+00
1.611935796055205472e+01
-3.530418997780190082e+00
3.957402217944697043e+01
1.134417199407327281e+01
-5.020707522074013696e+01
2.068935245723014305e+01
4.994848818246964584e+01
-4.235327257027422831e+01
-2.760571591302592509e+01
2.455498309425033199e+01
3.024499707168187967e+01
3.963998848794742003e+01
-4.757510010919050103e+01
-1.665933416048478222e+01
-2.322662923825113168e+01
3.874600132073796033e+01
8.171425415423382077e+00
2.301354501105956984e+01
-4.207723488882418650e+01
4.677716459250280678e+01
2.390403156122220096e+01
3.918488235301109057e+01
4.321999081592039715e+01
-4.552691485196658050e+01
-1.297784280489112341e+01
1.251413742112199934e+01
-2.193208049045204611e+00
-3.585142337630702514e+01
-2.830925093760600308e+00
2.488646788463774229e+01
-3.026495678620497998e+01
-2.005784589934535234e+01
-9.981639507527138022e+00
4.707872301956901850e+01
-8.493575178399879633e+00
-1.090163500254859485e+01
-2.119138868709667634e+01
-4.626271365549271763e+01
-3.211453947073938764e+01
5.184111741717389776e+01
-7.944173504237550532e+00
-1.752630551700049466e+01
4.557992499806079678e+01
-4.118398450742696326e+01
-7.187210725251125254e+00
1.313666064216439544e+01
4.617270521024303065e+01
2.379630987336941317e+01
2.857169406065615291e+01
2.736930248932304366e+01
1.399379818536364795e+01
4.261877071693001007e+00
-3.512223503689519077e+00
-1.852060154406415293e+01
4.788011034598091697e+01
