-2.841375074540669488e+01
-1.680872729076061489e+01
-3.241038267789065941e+01
-4.512840083737942365e+01
-1.728687836488896323e+01
2.575153186503069946e+01
2.335465256312528126e+01
9.655014106311726962e+00
-1.102645507899974753e+01
-1.019112754213097549e+00
2.256536809363299056e+01
-3.084132997137917087e+01
-8.992591170463764882e+00
4.351097396801796080e+00
1.584221982037848520e+01
-2.167636415586214582e+01
-4.250362950634091419e+01
3.116381833373548016e+00
2.857923405397875172e+01
-2.980482962113688927e+01
2.313378977202973985e+01
-1.635593289374911308e+01
2.151649040137734659e+01
-2.185665483915386176e+01
3.177389469543561518e+01
9.857992917858318549e+00
-8.350048205227516007e+00
3.118474560854519595e+01
-3.392931342887329293e+01
-3.346815252535375862e+01
-7.823415628749632589e-01
4.085939017541867457e+01
1.840467726411749894e+01
4.910359567186718621e+00
1.014284962143869606e+01
3.648819345048978846e+01
1.999622535794391709e+01
2.340915902178767283e+01
3.353486672965497917e+01
-3.651326993589236736e+01
2.984929318229599815e+01
-2.107833919794479982e+00
2.693265883582992970e+01
1.972949434283104964e+01
1.813616354526817576e+00
1.483487639239509548e+01
-6.298917326972151010e+00
4.131717142798542852e+01
1.179813133509782830e+01
-4.905886252103920242e+01
2.001248468346956244e+01
4.713067212629763958e+01
-4.287689436126244402e+01
-2.754289325671914668e+01
2.632377879387389896e+01
3.101884203102070714e+01
3.818571576134038281e+01
-4.833935265872101184e+01
-1.851496632562185951e+01
-2.345534941371480286e+01
3.472402545048674227e+01
7.156570483350084722e+00
1.972346353277862363e+01
-4.317672686043197672e+01
4.550392341787551231e+01
2.369408282860413095e+01
3.878307908787439828e+01
4.485602022505368325e+01
-4.524684288839900859e+01
-1.188421287032675977e+01
1.578613453428049240e+01
-2.030035801732413603e+00
-3.561408686974590410e+01
-5.771095839872657507e+00
2.576798797751279935e+01
-3.007415755971611304e+01
-2.216365456722841998e+01
-1.104819027134638709e+01
4.573957776226449568e+01
-8.120015309840082907e+00
-1.157351499169015696e+01
-2.066513729427794033e+01
-4.802048112379041811e+01
-3.173097552132607291e+01
5.295027673313453676e+01
-8.460428040285314921e+00
-1.631057319043959097e+01
4.899776996880757451e+01
-4.374345364879638254e+01
-6.834289538526121532e+00
1.371210622920222910e+01
4.637761441826519615e+01
2.333931918475568068e+01
2.730403377014952682e+01
2.642121151635292620e+01
1.392204625851050004e+01
3.005998021550660315e+00
-3.156962456552196539e+00
-1.800483106981360137e+01
4.920585969361849266e+01
