2.652603310083151200e+00
-7.564520058942591163e+00
-4.902595834743176795e+01
-4.294078319897097629e+01
-4.227892743343134896e+01
2.613155293330373752e+01
-1.686005301913760590e+01
-1.831774005698993690e+01
1.539235782642437655e+01
-4.497087587240515916e+01
-3.898961493845772708e+01
-3.875977423720290460e+01
9.826668401185614243e-01
-2.034433073273751091e+01
-4.329716401415364402e+01
-4.115471072824064436e+01
-2.339540392009423897e+01
-4.244951968755910343e+01
-4.783085875382469254e+01
-1.069170510766078053e+01
4.649633274775584368e+01
-4.272361960142707460e+01
-4.064926126680372676e+00
2.391768542050989765e+00
-4.188304100666514529e+01
-3.907530452649771036e+01
-4.257361684744491015e+01
-8.249173207981662870e+00
3.782827723757275606e+00
-7.476975604768636430e+00
-4.630714220760629019e+01
-4.983968434109431200e+01
-4.462202081352843663e+01
2.754706825632706924e+01
-4.396125286435355406e+01
3.278785482606759416e+01
-4.902888232724664341e+00
-2.630328667670979570e+01
-4.659423641315205344e+01
-3.355107202552145651e+01
-4.296031168498429764e+01
-2.247175764477541193e+01
-1.427529553660615491e+01
-2.810370894237961537e+01
-4.682890202605079821e+00
-2.535246635426791073e+01
-4.154642066918998466e+01
-1.377255628347567828e+01
-4.480212510016652061e+01
-1.798274314234678073e+01
