1.947439548851111368e+00
-3.204613592396480470e+00
4.891961345487477963e+00
-1.685570345887263954e+00
-7.767178118744765491e+00
-8.730722230854924604e+00
-9.089066861268186415e+00
-7.888849837428097977e+00
8.629439591100577900e+00
7.330278534385795908e+00
-6.773403796623998829e+00
-9.594291634932970325e+00
2.485409873628422694e+00
1.769619743823249491e+00
-1.305002644927544031e+00
-3.176490379822998200e+00
-7.849033618290152781e+00
9.828386357394587325e-01
-2.812178626376753421e+00
-6.794589064805153455e+00
9.682540965208460193e+00
-2.255493897566145378e+00
-1.307393115760538072e+00
5.408323724486654882e+00
-8.506708733476576745e-01
3.636479154166443628e+00
-9.294424496769874366e+00
7.101402251945220456e+00
-3.409885228486618125e+00
3.809441978313623967e+00
