1.718311614894380809e-27 0.000000000000000000e+00
1.243405023999687623e-27 0.000000000000000000e+00
9.310161055321669484e-28 0.000000000000000000e+00
1.968815627942477515e-26 0.000000000000000000e+00
2.044319477333443608e-26 0.000000000000000000e+00
2.223231898042404677e-27 0.000000000000000000e+00
1.691650581488239425e-27 0.000000000000000000e+00
1.124126789939941823e-28 0.000000000000000000e+00
1.329477144330286458e-28 0.000000000000000000e+00
1.928900498733458726e-27 0.000000000000000000e+00
2.502291443264337603e-28 0.000000000000000000e+00
5.879984298242760823e-27 0.000000000000000000e+00
1.054768660038713175e-27 0.000000000000000000e+00
1.989655114387120713e-28 0.000000000000000000e+00
6.537684752019135337e-28 0.000000000000000000e+00
4.979684464207637022e-30 0.000000000000000000e+00
9.296725768029624127e-28 0.000000000000000000e+00
3.001578766511017685e-27 0.000000000000000000e+00
2.969198491542023966e-28 0.000000000000000000e+00
1.232595164407830946e-30 0.000000000000000000e+00
4.226075780688689181e-28 0.000000000000000000e+00
6.616570842541236518e-29 0.000000000000000000e+00
1.632892770000918124e-27 0.000000000000000000e+00
6.480110231889645554e-27 0.000000000000000000e+00
2.065841821499168744e-27 0.000000000000000000e+00
