-2.857480926568528545e+01
-1.516321465359374443e+01
-3.428504226560480816e+01
-4.673927990573150026e+01
-1.606605653032621461e+01
2.666041740289375639e+01
2.474525365338064375e+01
1.135658417631325356e+01
-1.205286366971506951e+01
2.277598604939942151e-01
2.351650047472920591e+01
-3.249435574023968343e+01
-8.194725397127468725e+00
6.856041062519452112e+00
1.664830376496664144e+01
-2.148528886125259518e+01
-4.340100333911559716e+01
3.376933443836835025e+00
3.119310053509738978e+01
-2.978170255412890199e+01
2.637610764332324820e+01
-1.874627775325733836e+01
1.993431007756777973e+01
-2.558413973389442830e+01
3.038681617491780784e+01
7.118786934929229204e+00
-1.139746930258797519e+01
3.262720933473190144e+01
-3.501657092425410411e+01
-3.333272061349563131e+01
-5.871971590204888791e+00
4.152149954830689182e+01
1.686089359241509555e+01
3.672213435247798863e+00
9.827788060460195041e+00
3.398780187679025744e+01
2.364011780887156178e+01
2.561257024239795754e+01
3.449474928769309656e+01
-3.515214899552665884e+01
2.848063785488253430e+01
-3.808193567965882487e+00
2.824515598366947700e+01
2.100044077108278628e+01
2.860545392840792012e+00
1.508897818456698481e+01
-5.506623913838478046e+00
3.973881267301769071e+01
1.263644210685606595e+01
-4.836379978638771604e+01
