-3.056628219494138676e+01
-1.599577633770265450e+01
-3.422244213285830483e+01
-4.474090331142197385e+01
-1.720599096133654271e+01
2.676920476327271459e+01
2.464276277072413279e+01
9.198004514496496142e+00
-1.216866845042093992e+01
-8.478165205817826955e-01
2.348867093377367254e+01
-3.143151075209325995e+01
-1.010617670032407389e+01
5.749809791606729448e+00
1.562450336637123449e+01
-2.053501896253410663e+01
-4.248147392643952713e+01
2.590990628856171263e+00
3.111510543397544382e+01
-2.987876745849969495e+01
2.635852006937186687e+01
-1.775578520945915884e+01
1.871993400292194565e+01
-2.632770405135131497e+01
3.224348589157260392e+01
8.017974656278081369e+00
-1.041612334979327237e+01
3.176153489621471593e+01
-3.412707258167689872e+01
-3.329732624610389280e+01
-6.039944301547685690e+00
4.163979241059189462e+01
1.881975832803369997e+01
3.651136925373196895e+00
1.069604241224705987e+01
3.418096679856131459e+01
2.269072751907520313e+01
2.354866203808912317e+01
3.436827426734045332e+01
-3.612618727320366929e+01
2.842887022486116777e+01
-2.833930785935492747e+00
2.825337691451149880e+01
2.209461045936043888e+01
2.857038718846288017e+00
1.402667602235539057e+01
-5.374659866730662650e+00
3.890438105837735350e+01
1.274480510595777893e+01
-4.929664018919514490e+01
