-2.862340774587982750e+01
-1.487709491328040734e+01
-3.427514913807617347e+01
-4.671513359146126021e+01
-1.812972733897667155e+01
2.670453813360437323e+01
2.581631043562246219e+01
1.113193504734634232e+01
-1.215079860524278210e+01
-1.870737722932642511e+00
2.424615233532811231e+01
-3.148125464242005478e+01
-8.178477976443762287e+00
4.833480212322964320e+00
1.560593162736370765e+01
-2.165784661063253225e+01
-4.433740326379630403e+01
4.422847860435056511e+00
3.207868375221729451e+01
-2.995375327270237165e+01
2.446100225417853480e+01
-1.968935128569356152e+01
1.967054890826021207e+01
-2.447062250000861994e+01
3.026263445803091656e+01
7.037421186681910079e+00
-1.144960935890929221e+01
3.167548975914813170e+01
-3.593701373691516920e+01
-3.440783047862247201e+01
-5.076836301193033307e+00
4.141027025415007756e+01
1.785399333400082966e+01
5.499707585205650950e+00
1.065822641035726015e+01
3.512340108910093761e+01
2.368740194607461902e+01
2.469917721641894204e+01
3.336213309575029484e+01
-3.519307922578320813e+01
2.953727403898189863e+01
-2.817039106985164576e+00
2.919445720947030409e+01
2.114761942930581640e+01
1.890458638674560543e+00
1.455674290310736296e+01
-5.412645224288893608e+00
3.975067608572612698e+01
1.168554580681410471e+01
-5.043023639992499341e+01
