1.568726610116439701e+01
-5.666494188825694778e+00
-1.056225312448253817e+01
-2.975208100381212972e+01
-4.178481390964623188e+01
-4.794492100288549352e+01
-4.099880201575813032e+01
-1.021433828367345598e+01
2.292307500693313926e+01
-7.154637018931961023e+00
-2.207907600546892724e+00
-3.904139852696912527e+01
-3.512326770397616826e+01
5.855352639555682970e+00
-4.145440749279934067e+01
-1.469905712651963192e+01
3.624974201577427380e+01
4.455685273839296912e+00
-1.181139094093196462e+01
-3.670489797134339938e+01
-5.070908638467944485e+00
-1.125260571722467517e+00
-1.665284609964277962e+01
-2.330440710440085539e+01
-4.211033455735155684e+01
-1.086200232551114198e+00
-5.243999749130514587e+00
-3.252210056420187811e+01
-4.592310205575591198e+01
-1.923552667104784675e+01
1.297645884246647086e+01
-2.561750889623768046e+01
-3.204846533945327991e+01
-4.452684956547678041e+01
-3.129272173497773935e+01
-2.929758766061059561e+01
-2.917362510562338684e+01
-3.008264871846463517e+00
-4.777926399920451672e+01
-2.304461770109192997e+01
-2.202745616851900934e+01
-2.545107819570719698e+01
-1.513577320590592379e+01
-4.010364096230243547e+01
-1.616370196353730648e+01
2.246935026736596797e+01
-3.018981159037181783e+01
-3.839513873743682382e+01
-4.410682201367995958e+01
-3.266299633012676651e+01
-3.378433991733601260e+01
-4.373514105877897151e+01
-2.639077187103996636e+01
-2.191944531174840094e+01
-2.480636161721732691e+01
-6.868901564842019525e+00
-2.906354271057719529e+01
-8.885211003971384969e+00
-1.595504887112070591e+01
-2.814613463863877030e+01
4.741981695342758485e-01
-2.506441553432640745e+01
-7.421008962119778118e+00
-3.131974851082848943e+01
-4.956901671110964003e+01
-4.333849003497659425e+01
-4.100710724688319431e+01
-4.625659748111311842e+01
-1.002502130129053270e+01
-3.852827055320133809e-01
-3.348714902852023556e+01
-3.587959289494883564e+01
-1.726695328752740366e+01
-4.179679015040645140e+01
1.943160882406572654e+01
-4.479309322279432592e+01
-1.999887132489341468e+01
-1.773033000638652368e+01
-4.151017843151598186e+01
-3.550422855911055819e+01
-3.720959838477294568e+01
-2.726392731232544264e+01
-1.761315657897117859e+01
-8.456231108758419879e+00
-3.882252937077980448e+01
-2.197613502231386207e+01
-4.024755470069383279e+01
1.884283992077745040e+01
3.061308393560074137e+01
-4.331600782946992467e+01
-4.598805193848181005e+01
-8.538999007848488532e+00
-2.137603708634625121e+01
-2.899742929685606541e+01
-3.545126316781772857e+01
-3.031276679609200642e+01
-4.664752954979071120e+01
-3.943792090340231482e+01
-3.534265862213580789e+01
-5.730851134399927105e+00
