-3.547821276065351981e+01
2.012414965971174752e+01
-4.073550455577735363e+01
-1.773145743801472918e+01
6.822987388895233707e+00
-4.727007435021846504e+01
7.131013441612434889e+00
2.769622632121004813e+01
-4.613539829831749728e+01
-3.546883574232965231e+01
-3.969441169031061634e+01
-1.563151271499722128e+01
1.564116002557119955e+01
-3.011203774259032429e+01
-1.748099509205998459e+01
-3.878562300802089879e+01
2.821519021487544876e+01
1.976845810967328987e+01
-3.674153532432179503e+01
1.179707039207058727e+01
-4.022128003657790885e+01
-1.339908398249869492e+01
-3.822243711855337978e+01
-4.814944762695797209e+01
-1.805669606690907614e+01
-4.092889969377642956e+01
3.290115312136769887e+01
-3.446601487016824450e+01
-4.410109120809973149e+01
-8.110412465435064888e+00
-4.583311642035388900e+01
-4.838123363034785740e+01
-3.266839714910545922e+01
-4.850986116436746443e+01
6.663278150445066217e+00
-2.963518565267204963e+01
-2.202098361643907509e+01
-4.161035554859330432e+01
1.517487093508274931e+01
-3.414562649008902184e+01
-4.275161668329634068e+01
-2.468881097613014219e+01
3.480537520202331336e+01
-1.595179395652509768e+01
-2.928047563349531046e+01
-3.803343172763220537e+01
-2.888739706032398402e+01
2.437868121732948623e+01
-4.413474628275020706e+01
-4.571762146192364185e+01
-2.174802102448350993e+01
-5.664362058304648784e+00
-1.656301511980247909e+01
-2.099678757958885100e+01
-3.442645859111653550e+01
-3.532879660177151493e+00
-4.566065564568473434e+01
-3.259897663902444975e+01
-2.863131897769110168e+01
-3.182904941302701474e+01
-2.682943892636205874e+01
-3.904085826930366920e+01
-9.217646741273000544e+00
-4.060018456608094084e+01
-7.972248330198716815e+00
-6.388293214192461988e+00
-3.690747322811134978e+01
4.671871702971300166e+00
-3.550292371784470191e+01
-1.316891807496956801e+01
-4.387405117241700481e+01
-4.889841068410232339e+01
-2.009116421568461419e+01
-3.061025060083913374e+01
-1.454363878882845285e+01
-3.263228328218981034e+01
-3.876861538161286092e+01
-4.504387173453800841e+01
3.436306927831500957e+01
-4.956169863485598626e+01
-3.524116462334053068e+01
-3.675713794320628836e+01
-4.222711922808056073e+01
-4.336452679472214555e+01
-4.152710811101684385e+01
2.815471605175071090e+01
4.467480030199759966e+01
-3.251434509569367037e+01
1.799582249603052375e+01
-1.938845213937252510e+01
-3.320462408776998586e+01
3.299953449259703575e+00
2.326789452484653964e+00
-1.864499344911233436e+01
-4.560855356693243579e+01
-4.248862569327951633e+01
1.303015485295298959e+01
-3.965246920655609841e+01
-2.352354099790767705e+01
-4.091042834816959584e+01
