-2.701367956246581414e+01
-1.920264186630798875e+01
-2.307259911451542678e+01
-5.825555397647875111e+01
-1.758780157070346206e+01
3.328549053952244208e+01
2.304547723249420699e+01
9.856314116515180856e+00
-1.030998547158908529e+01
1.000105833196958116e+00
1.075042447888488439e+01
-3.516732700279067103e+01
3.751042440218876450e+00
1.672543055508768362e+00
2.219789097024111868e+01
-2.831584351097721353e+01
-4.159888263709344614e+01
1.413246568296698591e+00
2.353866468499654729e+01
-1.836281451431703715e+01
2.543491414875980183e+01
-2.356748133532110856e+01
1.979075229822875315e+01
-3.086875694839529416e+01
2.883417065090453946e+01
1.549803345002171540e+01
-8.783049021037223625e+00
2.698413952635638680e+01
-3.735226062836188987e+01
-3.469903098423031906e+01
