-5.857652294566802809e+00
-9.060887912805565492e+00
-6.580944730129637321e+00
-9.390611906986086055e+00
-7.438039071776508138e+00
8.438306330559033341e+00
-7.264169313390603122e+00
2.930776330833736232e+00
-1.497404991374411409e-01
4.476854170174349612e+00
-9.935250164727547073e+00
-2.631885670860276694e+00
-3.840970153474965620e+00
7.633226855679855483e+00
-5.635653154815652321e+00
-1.335528333001979151e+00
-2.118384283299108439e+00
-4.064025598812152751e+00
-7.346273154587803056e+00
-8.783345075141637537e+00
6.155408459761854800e+00
-2.205179819575406874e-01
-6.808234799902704637e+00
6.386980028801618303e+00
-9.105035729543224932e+00
4.319227257734216785e+00
-1.439157714224627016e+00
2.274684081485545573e+00
-1.621115482881371417e+00
4.186967576869659702e+00
-3.754698481413399680e+00
-6.762262442943271168e+00
-7.872737878878153239e+00
6.758670820578842608e+00
-1.950127325348239182e+00
8.670711426015882850e+00
-9.791940406786627804e+00
-1.121154190830663921e+00
-9.757386394298539045e+00
-5.533674272171205111e+00
5.698111527209394289e+00
9.295162811815594894e-01
-6.547906714956861940e+00
1.083946715691179730e+00
-7.717790556609493535e+00
5.474421348726004055e+00
-6.825642168126850429e+00
-3.278334525189532833e+00
-8.859001684213909655e-01
-9.767397914146314974e+00
