-1.406419656813914543e+01 1.374829032337297008e+01 2.911281384160028907e+01 1.955043794602364216e+01 -2.353614621734885759e+01 -7.416397900786364517e-01 8.050887051103657654e+01 1.906241248076940309e+01 1.824219203226354580e+01 -5.391246250077303159e+01
9.661809736385416159e+01 2.124257165693241234e+01 -2.061984970227227620e+01 6.037654585665875828e+01 -2.005122561116952085e+01 1.597775582806181660e+01 1.984139278203287660e+01 4.380601925543155772e+01 -8.562857451505976769e+01 -7.434384361156966747e+01
6.011594350772689666e+00 -6.232829159158100651e+00 6.576035647968120657e+01 -2.577216626723802761e+01 5.334824270571674276e+01 -5.582480177980954750e+00 -5.844994496689319874e+01 7.785388844538861264e+00 8.614355127869113460e+01 8.427099622758899500e+01
-5.843420064201337993e+01 -5.511192675294723387e+01 6.325761906331059947e+01 8.666396638767643879e+01 -3.539134642921308682e+01 -7.537573531213853428e+00 6.331112840150993293e+01 -5.780869928812504099e+01 -9.280426187754819978e+01 2.789256749251653389e+01
-6.087243672620257939e+01 9.421383622033332017e+00 8.717387630972498869e+01 -4.961416283323650589e+01 2.172938855190485441e+01 -8.630718652266034496e+01 -3.096785096861911413e+01 -1.829388377952679434e+01 2.436355789135339478e+01 -8.892808298784423471e+00
7.371267363028723096e+00 3.955606901730969582e+01 -1.482941757377977865e+01 6.661150790016540668e+01 -4.950608861674668049e+01 8.630693633301122247e+01 7.211766874281656214e+01 -4.005581546568809159e+00 -4.928565311157957751e+01 8.629103833923917932e+01
5.691189414822237325e+01 4.867064659656925585e+00 -6.779901859923397467e+01 -5.822115173395352627e+01 -9.845484055639508014e+00 4.601843239802689567e+01 2.891941893753507031e+01 4.583772780153549320e+01 -7.967810231689881562e+01 -3.374356803934784921e+01
4.719489505191570089e+01 9.167125274059549156e+01 1.435825599417754006e+00 -8.057463353067325329e+01 8.908316230132506064e+00 1.958815148399881068e+01 -7.207591339226109284e+00 1.218615052435888657e+01 1.877324017980251369e+01 4.412648166584233422e+01
-3.412759385392181599e+01 -7.075357487648332722e+00 3.132285524375030761e+01 -4.443068756604780845e+01 -5.837467460956963805e+01 2.083481635413226840e+00 4.809123349090010890e+01 1.812115718064703174e+00 -2.854630933377556801e+00 -2.949811317424628498e+01
2.944594052213757962e+01 -5.573401658683786764e+01 7.931597725580898839e+01 -3.860509433180868655e+01 -6.489127583132178856e+00 4.240220666717036124e+00 -5.386084222040356195e+01 -5.383493490436512019e+01 -1.617053063085916875e+01 1.749737491260768962e+01
-6.143664176955532241e+01 2.659224314829583591e+01 2.763960912570947670e+01 5.911506711253248625e+01 -5.037771074966170204e+01 -5.559875112371011596e+01 8.901951589207147464e+00 6.725718205620253798e+01 -1.204441768236734589e+01 -4.884828386376393894e+01
-6.265340725323056148e+01 2.240349774154504914e+01 -2.282981732282209464e+00 -5.642598364466391558e+01 -1.173456846052040703e+01 -5.227983286258469064e+01 -6.256357752721953602e+01 -5.487897370889971427e+01 3.416269221242202292e+01 -8.736095838174111350e+01
6.829786697302703047e+00 2.131759039941817591e+01 6.490836151738358595e+00 4.335064900072403304e+01 -5.264696870876761636e+01 4.170039915692839827e+01 6.546488905578048900e+01 6.146792671973462063e+01 8.659922302931626348e+01 1.075806861601268238e+01
-1.487643480345887781e+01 -2.114035626732695050e+01 -4.675666362831847778e+01 -2.952583927829694588e+01 2.379691995749498190e+01 -4.872651371061290604e+01 3.740030710430515626e+01 6.025136369842577722e+00 2.901394306786367139e+01 -1.761034306350537548e+01
-2.742376587161295731e+01 -9.546133163737171401e+01 -2.642185463207891161e-01 -5.966202327847083353e+01 3.279136394933317433e+00 3.804824221440051701e+01 8.829902045552103118e+00 6.302980375666120949e+01 1.293955399756512747e+01 4.533348445263874993e+01
-3.419441545321610931e+01 -2.118405561184037111e+01 -1.272887672737142850e+01 7.184802004753542803e+01 -4.256237145242022990e+01 -3.971601977232307235e+01 -3.551402393426300819e+00 5.153594228349529516e+01 9.345934161209244451e+01 -6.719207407482164740e+01
4.708993103183595963e+01 -9.412298289762020431e+01 2.391252176851507727e+01 4.090633750703925386e+01 -9.578405562616286772e+01 -1.854056999758217827e+01 3.865621104195071212e+01 -1.370077263747268148e+01 -2.869331779132662774e+01 1.182998754816388498e+01
-5.075208274962879074e+01 5.227864345121709277e+00 7.453204140997387128e+01 4.922592064426549285e+01 -8.815903496457094946e+01 -4.350975717351261096e+00 8.386765524595679722e+01 3.763263134566096824e+01 5.639401713562042318e+01 -5.291377933823680735e+01
1.838251269465692417e+01 3.600869978590200304e+01 -1.356673511946470967e+01 1.134090195356483122e+01 -4.954544489100626237e+01 -8.082871970521026128e+01 2.315478729994096341e+01 -4.648141815035178581e+01 4.638478294746683162e+01 -8.209226338686990232e+01
5.213456533382121449e+01 6.038912320503089681e+00 3.825892394788995432e+01 -3.554452290060904573e+01 8.438185702894270435e+01 -6.434962675734843174e+01 4.862136169263722252e+01 5.506626157367615093e+01 -2.209614980699771536e+01 -4.026941666174400325e+01
-1.607597030934200433e+01 -9.964087228328386914e+01 -6.105598883781001263e+01 -2.030346673104931909e+01 3.778174508291934330e+01 -1.552455260874963017e+01 7.664112120009080797e+01 -2.060713389037328724e+01 5.650010497714698232e+01 8.054729395512973156e+01
-3.403135704526738436e+01 5.182240231860441781e+01 -5.013382173090619176e+00 -8.250979052434577454e+01 -3.679789082618952989e+01 5.469758615944114410e+01 1.865910666583013722e+01 2.761865822514932489e+01 -5.445787821590678845e+01 -2.072991548649284255e+00
-3.655788654952108629e+01 -8.262241960294545606e+01 -1.520861963005431861e+01 1.010764699491038243e+01 -4.728770873142661912e+01 9.485633665398314918e+01 3.608829842855556080e+00 -4.568128394814647208e+01 5.064554037948739307e+01 4.955159670258446170e+00
8.961017678477881887e+00 -2.504088040201238741e+01 -8.349957296135241336e+01 4.980455610283935641e+01 -1.666581841045477574e+01 -5.082383138236298947e+00 1.271261848803917260e+01 -5.978688831862240960e+01 5.930574461201878478e+01 4.710577441015846034e+01
-7.196194172937214262e+01 -7.028985431779550197e+01 3.814192113919146010e+01 8.853957656564935519e+01 2.218868130034519659e+00 -5.064414979392068972e+01 -1.842683373496188182e+01 3.682104338939594612e+01 -7.103471306436365751e+01 -1.981192677463501539e+01
