-2.851741005269699869e+01
-1.610227698688285258e+01
-3.410327933250217569e+01
-4.594820559471354926e+01
-1.811378098997657915e+01
2.572931535244307355e+01
2.472904071573591978e+01
1.099083721757746090e+01
-1.232967892598356130e+01
-6.888181939599770098e-01
2.327122183472851802e+01
-3.139515219041229699e+01
-9.137345857478242905e+00
5.837709958544492928e+00
1.567972571011380545e+01
-2.156335350375248794e+01
-4.351674239066439043e+01
3.522205233850689510e+00
3.111069885058194018e+01
-2.991938114127162862e+01
2.544719419705669594e+01
-1.885986153961612644e+01
1.986848974481276642e+01
-2.460542091404034082e+01
3.024541488789085975e+01
7.154405821853243808e+00
-1.257971110361149414e+01
3.158646040492052975e+01
-3.591849024430476334e+01
-3.413934368401454122e+01
-6.078766615853843369e+00
4.155413655875514678e+01
1.791547765799127490e+01
3.892060113304740998e+00
1.080993599778330427e+01
3.413746312116293780e+01
2.354217801812251665e+01
2.444757617337519662e+01
3.448685069069205156e+01
-3.616581185685037525e+01
2.804337261078264021e+01
-2.749456361163143292e+00
2.837824245144840773e+01
2.106833298786196096e+01
1.642337410319791191e+00
1.529325281620092802e+01
-5.827829178681240840e+00
3.987628049128189645e+01
1.186489541238963774e+01
-4.943538629110373250e+01
2.077117824294871795e+01
4.800389190330247402e+01
-4.294938621628874387e+01
-2.673729246665808290e+01
2.637860671929058398e+01
3.045111223762213015e+01
3.779019520979771585e+01
-4.620767297581103605e+01
-1.815802397673715518e+01
-2.261489629503908461e+01
3.767446386757994503e+01
7.922980131622815669e+00
1.924076382626150661e+01
-4.188544611212633839e+01
4.918258180386855827e+01
2.463397140084166637e+01
4.066849016343913092e+01
4.417024599513149496e+01
-4.518694037300664235e+01
-1.268625096605234326e+01
1.397917432993910047e+01
-2.975502720364541442e+00
-4.074299930898646949e+01
-2.877824982504937346e+00
2.591198500603971411e+01
-2.975279972897114433e+01
-2.045399929738631783e+01
-1.028947239546038617e+01
4.512836554298768021e+01
-9.742488330751285730e+00
-1.120909203703254597e+01
-1.827491338105644303e+01
-4.895051409355777139e+01
-3.248972723852658362e+01
4.879399239460570925e+01
-9.453504395395871285e+00
-1.731055153029027949e+01
4.852014910922031987e+01
-4.398818591315339432e+01
-7.519227948177054088e+00
1.336994889108697571e+01
4.685972371197012620e+01
2.389515860418369542e+01
2.734602641610846874e+01
2.690587227647272783e+01
1.462527296343807315e+01
3.961345706006395684e+00
-3.028563070978282923e+00
-2.135672878806508379e+01
4.973872967101835485e+01
