-2.859478879273047269e+01
-1.597523796269281604e+01
-3.442918389742003171e+01
-4.566468093747351986e+01
-1.805853153112078147e+01
2.573463246629811252e+01
2.474984249403933489e+01
1.143161495508608638e+01
-1.193105001113879915e+01
-1.156521574684766351e+00
2.354192793627060709e+01
-3.158792930488968054e+01
-9.007926140428937245e+00
5.630482498777110933e+00
1.573517390683297101e+01
-2.156274711757520635e+01
-4.324330809266591302e+01
3.188432245343217897e+00
3.117068692836422272e+01
-2.984044131754290774e+01
2.545332169335282657e+01
-1.848091433574094822e+01
1.965120031690555891e+01
-2.429033383045445404e+01
3.036072249009410129e+01
7.011447460019299527e+00
-1.226746677749683911e+01
3.185950480437511700e+01
-3.599559859044257593e+01
-3.440861695758788130e+01
-5.826461673036638089e+00
4.170155179378159715e+01
1.783353438750431152e+01
3.483175881341807223e+00
1.059906480774087001e+01
3.424036453294135640e+01
2.389295967435991130e+01
2.491488674266922843e+01
3.423219521830541368e+01
-3.606697617372694253e+01
2.890482901913524216e+01
-2.942054728283152620e+00
2.820346383108817534e+01
2.094449627243977119e+01
2.021065424221422102e+00
1.506944773133955096e+01
-5.132862514452721570e+00
3.947975731355835194e+01
1.161021529266345098e+01
-4.935787604312822907e+01
2.071590496519685587e+01
4.805769202541043938e+01
-4.258889035941124490e+01
-2.678418946910121790e+01
2.657338821415530106e+01
3.035444800550168054e+01
3.775287831457861643e+01
-4.631468795744674338e+01
-1.868510825713075008e+01
-2.275078389385239319e+01
3.735980419580008771e+01
7.817980739327466289e+00
1.930883427867066260e+01
-4.215331617702533862e+01
4.875229266061512590e+01
2.460083648172124171e+01
4.049736268716971921e+01
4.381124312395485276e+01
-4.542040767923228373e+01
-1.241127945592199389e+01
1.362746106252269840e+01
-2.127383146766584687e+00
-4.086436840518826585e+01
-3.179045341177126449e+00
2.589933530977473808e+01
-2.952980339742557803e+01
-2.030287771780848516e+01
-1.039244617476037824e+01
4.541791811006781643e+01
-9.954330171456984289e+00
-1.103962470375763516e+01
-1.816946272841238397e+01
-4.863488295024906449e+01
-3.210943480904431624e+01
4.936175588198349118e+01
-9.470697301200715401e+00
-1.670436966215306640e+01
4.837386513241104780e+01
-4.402715554796428421e+01
-7.447081188327019596e+00
1.321961162210695662e+01
4.705889329982775138e+01
2.374629442488477693e+01
2.708703004889036237e+01
2.666098889935804905e+01
1.473971377052492926e+01
4.193218823547783636e+00
-3.152803446190890035e+00
-2.108941214324608282e+01
4.986424156387670337e+01
