-2.855136309330032418e+01
-1.597755297615400671e+01
-3.444236396764467401e+01
-4.560753131567026486e+01
-1.804903089375808989e+01
2.568653162323624173e+01
2.475571803249058078e+01
1.140691037383574802e+01
-1.194432835541365989e+01
-1.188291610191102521e+00
2.355972617386770906e+01
-3.159164488454106134e+01
-9.047954633877330011e+00
5.652105134116914620e+00
1.565756866060491959e+01
-2.161147872491937960e+01
-4.322747033622632529e+01
3.161092145178314716e+00
3.119303094430909340e+01
-2.990824942249749085e+01
2.542206139041999435e+01
-1.847228241535465543e+01
1.963767631568623528e+01
-2.427241523473091789e+01
3.037425169382107271e+01
6.994549246318912061e+00
-1.232769775895533826e+01
3.186867105919707654e+01
-3.602256627891760843e+01
-3.443301901722969660e+01
-5.799195648961847915e+00
4.168525082477250976e+01
1.788771214503935880e+01
3.481504202255364611e+00
1.061062630590758715e+01
3.427287343206771197e+01
2.386208625329670241e+01
2.490438401662404289e+01
3.423750126369339597e+01
-3.607565648517159929e+01
2.891683823563405298e+01
-2.925970036777970851e+00
2.821581115075657209e+01
2.092529167491764852e+01
2.050509775422069136e+00
1.504182464127360142e+01
-5.160928633962595491e+00
3.951488700583653468e+01
1.159464669002154125e+01
-4.937500540604267485e+01
2.067878322785875511e+01
4.807503903631872788e+01
-4.268072823622231482e+01
-2.681089998639491512e+01
2.653646021314611403e+01
3.033909918268570749e+01
3.778266833708473627e+01
-4.632163791474684444e+01
-1.863207449974774121e+01
-2.274376594941456275e+01
3.738105949019750085e+01
7.788886840360778052e+00
1.932118517566465954e+01
-4.216814049732282399e+01
4.872277187144821653e+01
2.456694598273860564e+01
4.048574187026029847e+01
4.387122363296681726e+01
-4.545291344603179340e+01
-1.242389378221861307e+01
1.362030801572172045e+01
-2.115282122279479537e+00
-4.092378500852387901e+01
-3.210112121626013781e+00
2.589451943367822651e+01
-2.948547417642202717e+01
-2.031948037139440189e+01
-1.038130941425232656e+01
4.539427693409564313e+01
-9.966230678859288261e+00
-1.100971410836548436e+01
-1.816864066991043103e+01
-4.863472359699686365e+01
-3.213215882329264872e+01
4.935393678944535623e+01
-9.505195534876063945e+00
-1.667655316175852320e+01
4.834429016010565050e+01
-4.402084126381890883e+01
-7.429015663704329420e+00
1.326845341323021366e+01
4.708171984351785966e+01
2.374188491551778668e+01
2.708139354086816297e+01
2.664128853989194212e+01
1.469171859157662574e+01
4.150359679294346016e+00
-3.220805120178678038e+00
-2.109208816820692434e+01
4.986649795616553149e+01
