-2.856263733172058039e+01
-1.597272915580200703e+01
-3.446252162641513195e+01
-4.562082286759854100e+01
-1.804020281460437047e+01
2.570741203831324029e+01
2.474067820091296355e+01
1.142648161032265719e+01
-1.196833830324767511e+01
-1.174886235771883669e+00
2.351749880520727487e+01
-3.155616233995898767e+01
-9.013103359067033082e+00
5.630144141712173145e+00
1.570103783277134823e+01
-2.157332376751697112e+01
-4.322901399014547508e+01
3.175407803274335361e+00
3.119384863218212445e+01
-2.985842134179434737e+01
2.542606133331833007e+01
-1.847787524382526314e+01
1.964582185368616507e+01
-2.423331255472821510e+01
3.035872835384421364e+01
6.996698827867446013e+00
-1.230325129992228206e+01
3.187501390755238972e+01
-3.599740772654728715e+01
-3.444116466676492649e+01
-5.789345196217853484e+00
4.172741713804754227e+01
1.781311904426446802e+01
3.448908708687565827e+00
1.058526036267100423e+01
3.426146015633381836e+01
2.387490343045577745e+01
2.487462713263964886e+01
3.421948966953138438e+01
-3.609530603212619582e+01
2.884936925921033080e+01
-2.939581544093202048e+00
2.819399934303461919e+01
2.095303779385925225e+01
2.040109346077084940e+00
1.503886103003697450e+01
-5.110374918333429939e+00
3.954865384536373085e+01
1.156471916400712452e+01
-4.940123679538807266e+01
2.064746233094018280e+01
4.807494494279721664e+01
-4.261103292794246755e+01
-2.680552059908444917e+01
2.654149162665196471e+01
3.036913656842265752e+01
3.774057144866434754e+01
-4.628814368886990138e+01
-1.864479133582131354e+01
-2.273795222129678706e+01
3.734490716486566697e+01
7.825627794399824033e+00
1.933701730522224693e+01
-4.217909804961900733e+01
4.875586844584925927e+01
2.459218101143988378e+01
4.050954406043390321e+01
4.385511693638839148e+01
-4.533962578042349634e+01
-1.241258955407888287e+01
1.366686942996109089e+01
-2.171910286473126561e+00
-4.091424685812889095e+01
-3.177764868954894073e+00
2.589503237512450085e+01
-2.950011248594216795e+01
-2.029208046805688781e+01
-1.039224297947222553e+01
4.546138673979545786e+01
-9.949755999095691195e+00
-1.101549921538131294e+01
-1.815660116874313701e+01
-4.864468034112456962e+01
-3.210227992330639069e+01
4.932495376082996330e+01
-9.482611031025360404e+00
-1.670454685491251823e+01
4.837695094191253986e+01
-4.401269034308162986e+01
-7.444565055378641993e+00
1.325864415544580410e+01
4.709454198736396080e+01
2.380286787725973241e+01
2.705380383747926132e+01
2.665673435629615184e+01
1.469889460402066383e+01
4.164798216830239319e+00
-3.184794856110406247e+00
-2.103986603888316509e+01
4.987699252637828806e+01
