-2.859040511189546763e+01
-1.593461848930041924e+01
-3.441661203511375078e+01
-4.565931180808821210e+01
-1.805144495206882738e+01
2.574188143328715483e+01
2.475155975584511481e+01
1.141930081074923287e+01
-1.194699382862289916e+01
-1.181882364204798863e+00
2.356897726877292953e+01
-3.157981548573326336e+01
-9.024093266288035764e+00
5.643918948626080123e+00
1.570521779040896249e+01
-2.160573482984425908e+01
-4.319725848453587247e+01
3.154467965420704623e+00
3.118745062325454143e+01
-2.988271502212160513e+01
2.539377460292928035e+01
-1.852172945450473662e+01
1.967584313920975703e+01
-2.424575781643950378e+01
3.038714754247421013e+01
7.005312530320377817e+00
-1.230104971373558165e+01
3.188801506765783600e+01
-3.598045242401142474e+01
-3.440673211598231518e+01
-5.811527773512232820e+00
4.170115679431665967e+01
1.783667783260605688e+01
3.417633097231777661e+00
1.058145229868031301e+01
3.424335886177080823e+01
2.388754067620806154e+01
2.491863518152603518e+01
3.426537659479596698e+01
-3.607161384287966399e+01
2.890875687224833968e+01
-2.930354974345342978e+00
2.822110828843441155e+01
2.096535329628142463e+01
1.928639568685259320e+00
1.503145117608254111e+01
-5.151743747147082608e+00
3.954760787706862146e+01
1.158043264206419920e+01
-4.938505941121127307e+01
2.066620646276152229e+01
4.807471045906901708e+01
-4.264165842448402088e+01
-2.677835048128773821e+01
2.655191135532684399e+01
3.037809744944741652e+01
3.774925014116821842e+01
-4.627641558933482457e+01
-1.871742851505581484e+01
-2.273874869778508057e+01
3.736016122251331240e+01
7.794565918740250510e+00
1.932487378226923980e+01
-4.217138943403239892e+01
4.874722556459752809e+01
2.460195382421855470e+01
4.047313972325591180e+01
4.383307775652045990e+01
-4.545739647451387100e+01
-1.240855901421025109e+01
1.365830609987441946e+01
-2.148229749679556821e+00
-4.089363835782936718e+01
-3.168384639608363251e+00
2.588465770365590757e+01
-2.951930427014013958e+01
-2.029274675132310435e+01
-1.036775674847338991e+01
4.538176820669908551e+01
-9.946231621845578630e+00
-1.104827939868467190e+01
-1.815783276420577863e+01
-4.868430367614697474e+01
-3.209413157514313042e+01
4.934450392767847404e+01
-9.515350835171963340e+00
-1.669084518650194937e+01
4.837489285160513219e+01
-4.401854330791569936e+01
-7.444580778025590817e+00
1.325588926389508870e+01
4.708129363104210086e+01
2.376662658712841392e+01
2.708259330625899253e+01
2.667502558421971059e+01
1.469412765840390911e+01
4.175502096991769996e+00
-3.203583160609412062e+00
-2.110558999888365861e+01
4.988530084680778032e+01
