-2.589435839367471459e+01
-1.635352922766148254e+01
-3.474252247553280171e+01
-4.280522903696716952e+01
-1.820860444521849786e+01
2.883171639544293896e+01
2.749278459643901229e+01
8.165723763504679766e+00
-1.623773760503435426e+01
-3.786225318137351969e+00
2.512370325112923197e+01
-3.282302049803425348e+01
-9.802434895419182226e+00
5.577096462241382113e+00
1.596222942997779448e+01
-2.190029690959147146e+01
-4.206173521922191583e+01
5.572180024876027815e+00
3.315131543496051592e+01
-3.136186954413156158e+01
2.562441217975018404e+01
-1.901064869988858064e+01
1.715668113248725035e+01
-2.503079256885836656e+01
3.079844730217360649e+01
9.097258885624846414e+00
-1.460123710633710203e+01
3.579776226697713781e+01
-3.891298911545763417e+01
-3.065861005219253954e+01
-6.247335279185300294e+00
4.492504090508339232e+01
1.921357937383154990e+01
9.136170781161983001e+00
9.297078079711027954e+00
3.605662655207846967e+01
2.449916484484859680e+01
2.395706899235598897e+01
3.420770489291192717e+01
-3.563784205915947467e+01
2.913255724413867398e+01
-5.774404793623183707e+00
2.894791903138224853e+01
2.207014804605777414e+01
1.378894314090069795e+00
1.812955640085460018e+01
-5.448527629106656889e+00
3.924872782309115848e+01
1.016387513323587655e+01
-5.115735322513826588e+01
1.916639326233227436e+01
4.574669681279354450e+01
-4.512940673319912577e+01
-2.450858244850749657e+01
2.453607283372699754e+01
3.063403793092420457e+01
4.019781287122722802e+01
-4.759869683271825380e+01
-1.988276163828942344e+01
-2.375967066784384585e+01
3.545853036474490239e+01
9.890385580651146924e+00
1.674953298109517874e+01
-4.337156327899518260e+01
4.995187581278766231e+01
1.933446601800332232e+01
4.126272979709413846e+01
4.334104513919268697e+01
-4.476878836081020552e+01
-1.282193153637880378e+01
1.476825457619190374e+01
-3.343420846046905037e+00
-4.225095594529634724e+01
-1.198716685983538532e+00
2.684618029387245031e+01
-3.332563699219195286e+01
-1.884897859720200231e+01
-1.029807158073336382e+01
4.085683659384205413e+01
-1.272072230396525683e+01
-1.087903838528874978e+01
-1.620752544061851808e+01
-5.137888926710439108e+01
-3.270109848411674136e+01
5.090526351574621344e+01
-7.029361998281459911e+00
-1.912039958015233054e+01
4.919845108184299676e+01
-4.344349532481954412e+01
-7.191119773415589833e+00
1.664548264119886412e+01
4.918339673869940043e+01
2.580092151724457139e+01
2.785255780005233817e+01
2.616665984419964630e+01
1.315370688760789086e+01
4.355053577424467193e+00
-1.711030700602305332e+00
-2.062819992878302244e+01
5.078643827002021283e+01
