-3.530672891775633104e+01
-1.552687730348010042e+01
-3.410429841350443780e+01
-4.679884208992984895e+01
-1.697275565012525789e+01
2.572910933328073568e+01
2.496522904475957816e+01
1.185908697217115026e+01
-1.024166651090444979e+01
-4.349993148982056468e-02
2.259707120597924757e+01
-3.105188133583222765e+01
-8.256705550466907795e+00
5.901725398732328820e+00
1.493293353807123403e+01
-2.134280239573623206e+01
-4.525840215800189270e+01
2.220440834885408776e+00
2.700643435028524308e+01
-3.021713662810079626e+01
2.699183753663303165e+01
-1.349156672880553742e+01
2.176121331641105883e+01
-2.746424016070636043e+01
3.212859275845653428e+01
4.689727241557960724e+00
-1.382530223506775435e+01
3.478183721349674329e+01
-3.491042662710759714e+01
-3.806571106339427502e+01
-5.238899596355613753e+00
3.938331601513046110e+01
1.985256628772549448e+01
2.648691493994640211e+00
1.291088264498739058e+01
3.929557462462244644e+01
2.399021145067328220e+01
2.757165444647889174e+01
3.322221664314787404e+01
-4.027154932201889181e+01
2.602641520455138746e+01
-8.848359980658237589e+00
3.027318743131895573e+01
2.323001518426282530e+01
-1.729852275784361737e+00
1.544534424557369512e+01
-3.677461182434720310e+00
3.998748747987431784e+01
1.196101962080767400e+01
-4.977079840962836244e+01
2.185598822121464124e+01
4.846578604785118927e+01
-4.083877697662072137e+01
-2.749518215516341968e+01
2.893684810289689580e+01
3.058408110338854868e+01
3.825343085369129881e+01
-4.652286014206588760e+01
-1.869444989179327976e+01
-1.990259903741512559e+01
3.770249917059015843e+01
4.922901136390446908e+00
1.898426719638282734e+01
-4.608335851389605153e+01
4.916311107195848251e+01
2.454188595361163294e+01
4.107550471774724343e+01
4.431486323106672387e+01
-4.441726810799107739e+01
-1.254679050850848832e+01
1.286732055277885678e+01
-3.136634209093160486e+00
-4.095811908276322555e+01
-1.801925127307133501e+00
2.416612625180680496e+01
-2.985026648171535868e+01
-2.029234701209696112e+01
-1.037049125727010690e+01
4.562275553388360549e+01
-1.081517383003509458e+01
-1.170953109388043067e+01
-1.772403725407015074e+01
-4.878078188998993880e+01
-3.253855302384445736e+01
4.891363421614708784e+01
-9.232759185256989909e+00
-1.745368334566024160e+01
4.810570345161914219e+01
-4.404677332473455920e+01
-6.189479377877480815e+00
1.207206483721330592e+01
4.695284177918043866e+01
2.899675999953888095e+01
2.940789034005788594e+01
2.827455864168643984e+01
1.302624969265356469e+01
3.898161687906382067e+00
-3.222426353497990448e+00
-1.850416598363852927e+01
5.254459744594886672e+01
