-2.914607802006930370e+01
-1.544126136633330937e+01
-3.511021068696105374e+01
-4.457264393308145145e+01
-2.013599542701963685e+01
2.705616926996887628e+01
2.363104434674655963e+01
1.096902597984228400e+01
-9.852573050243996988e+00
-4.138928995569298053e+00
2.152850407965691559e+01
-2.902840271123318061e+01
-5.305604501413549556e+00
6.234708670667959751e+00
1.807512516597031649e+01
-2.290359771627571916e+01
-4.148361864883275985e+01
3.783194168543908553e+00
3.091922802810139359e+01
-2.815204776845854440e+01
2.544541348553792304e+01
-1.644401821926359375e+01
2.057438557584351102e+01
-2.886545817771306588e+01
3.096523031870218290e+01
1.109876648106241603e+01
-1.100936206264823980e+01
3.359546925018094754e+01
-3.732842726127290689e+01
-3.367243701120122523e+01
-4.839291582312259976e+00
4.053269702625302529e+01
1.710039178336776899e+01
4.347131556574802325e+00
9.859256330990930906e+00
3.462338610359387303e+01
2.699229887906798808e+01
2.572237431255735629e+01
3.703808857060590753e+01
-3.575649691602684754e+01
2.601267785466381355e+01
-5.879757853743237561e+00
2.796684021252062990e+01
1.996307558787907865e+01
2.322672981192911656e+00
1.830850422675116107e+01
-4.968862682389398877e+00
3.831844501883963261e+01
1.211726494665844989e+01
-5.087271204394372859e+01
1.955034269566763783e+01
4.764075917609710586e+01
-4.119672744023320377e+01
-2.801608499050084333e+01
2.600440776029883594e+01
3.200231101814350154e+01
3.855191022685032465e+01
-4.502570162374372131e+01
-1.980608584837028019e+01
-2.432817016046448799e+01
3.781447686103877714e+01
6.595806496332373925e+00
1.803263403455189362e+01
-4.220340591743810421e+01
4.662637459872543388e+01
2.305574143723174529e+01
4.017414109505659070e+01
4.307980919226692151e+01
-4.365533612851667300e+01
-1.085444639549567647e+01
1.152030135843048342e+01
-5.410583609605306599e+00
-4.358831612326318350e+01
-3.511214068897119400e+00
2.734007511167685323e+01
-2.937593427569740356e+01
-1.769046941838868037e+01
-7.504985631760546561e+00
4.461774914559511274e+01
-1.009667677617228954e+01
-1.206792027744335982e+01
-1.730072606775960509e+01
-4.985966477952004539e+01
-3.363893807848826611e+01
4.930369011232068033e+01
-8.515621744407788185e+00
-1.858939890965872266e+01
5.080588340066406516e+01
-4.072609018433148265e+01
-6.426421179832413344e+00
1.096643101063995651e+01
4.591725173167834839e+01
2.313180839740098804e+01
2.764822302089462269e+01
2.722434834842647788e+01
1.407165354858627460e+01
3.590548557382839512e+00
-8.074776847202909114e-01
-1.971368607765988301e+01
4.615176648534055914e+01
