-2.856351751165763631e+01
-1.606138816706160100e+01
-3.428018983383014984e+01
-4.581634014694661516e+01
-1.822311375180351689e+01
2.573893853271804133e+01
2.501528916489503729e+01
1.123060316134299974e+01
-1.193382621785703002e+01
-9.390974550050085190e-01
2.302165156754276865e+01
-3.123437150435012200e+01
-8.742659877038878591e+00
5.619920674813187134e+00
1.557537810979632198e+01
-2.159338094332433400e+01
-4.339924480859748002e+01
3.631456429225329963e+00
3.126478746037333067e+01
-2.990346060063144051e+01
2.573598500059198813e+01
-1.867733860231552256e+01
1.975603695912409563e+01
-2.476293713213372172e+01
3.004113682238514826e+01
6.755598289889058528e+00
-1.245509831477555274e+01
3.168912017400448278e+01
-3.617405223939020686e+01
-3.429479949029868635e+01
-5.900239828479080018e+00
4.173498177287500255e+01
1.819590273434057082e+01
3.866401550788189034e+00
1.070884582690196751e+01
3.417760179568426082e+01
2.369305384007690662e+01
2.475977942270647603e+01
3.446529183202184754e+01
-3.622572804696321214e+01
2.856328094892293379e+01
-2.707007826683488272e+00
2.851458471930165572e+01
2.083542598666638312e+01
1.983012084118327190e+00
1.550787284301016733e+01
-5.612779087837656888e+00
3.969007391278513097e+01
1.171179174804145084e+01
-4.943524351141234519e+01
