-2.913555640462471530e+01
-1.570398949111306308e+01
-3.416723220184391607e+01
-4.580805622239006425e+01
-1.807946047858708027e+01
2.572559119429657670e+01
2.471644413907434767e+01
1.121560703018147542e+01
-1.213676271769825554e+01
-9.155153899771774073e-01
2.340504961899117120e+01
-3.146496234430870587e+01
-9.066353456477434847e+00
5.735193217698236090e+00
1.568422649435657767e+01
-2.158239132547170769e+01
-4.337026549517378982e+01
3.353618502036875171e+00
3.114537942212599120e+01
-2.990382886110749538e+01
2.543261261572886767e+01
-1.867380394125796172e+01
1.974922306904104019e+01
-2.442750734497017007e+01
3.031142158857203128e+01
7.076482532963808580e+00
-1.241643893796279130e+01
3.172489033990719776e+01
-3.595451332598035776e+01
-3.430031199905825190e+01
-5.950155527544955802e+00
4.163390290448673881e+01
1.788025569036967966e+01
3.647885806570046796e+00
1.070583697164743420e+01
3.417748062809519638e+01
2.369304734555784364e+01
2.464513128551605803e+01
3.438063962050249955e+01
-3.611370056713072074e+01
2.847958181387295440e+01
-2.843732152245479483e+00
2.829992709158775455e+01
2.101047528765856143e+01
1.845408236688591330e+00
1.516365892979732166e+01
-5.468934217722090985e+00
3.968678043448500148e+01
1.171362903136493472e+01
-4.941114694829664700e+01
2.073523759471883920e+01
4.802680706072090544e+01
-4.279744894140891631e+01
-2.678838731972707521e+01
2.648560196291548863e+01
3.041243989179665519e+01
3.774274850516345481e+01
-4.626398323969876003e+01
-1.839464766248442018e+01
-2.268388709335912523e+01
3.751884247221163093e+01
7.855519156316836948e+00
1.926792786812825398e+01
-4.202585829414017837e+01
4.896323808957163948e+01
2.461269967852848950e+01
4.058013669654616251e+01
4.402359764665566644e+01
-4.531894779588881050e+01
-1.255034255876351956e+01
1.379579939290504420e+01
-2.560233961133794089e+00
-4.083794276884896135e+01
-3.029855977017867907e+00
2.590634537995825326e+01
-2.964056528986198202e+01
-2.036542793532298390e+01
-1.032511066948567624e+01
4.527368843828667622e+01
-9.840265483278322733e+00
-1.111155984081328896e+01
-1.823645127123769782e+01
-4.879057166565557679e+01
-3.230842772540057695e+01
4.906503537579187935e+01
-9.465395210503935175e+00
-1.702633975784211273e+01
4.844496609360447792e+01
-4.403318984484765508e+01
-7.477388366017259536e+00
1.331783788376752398e+01
4.697545950825070094e+01
2.382473515378078943e+01
2.720363076479070585e+01
2.677418809887115358e+01
1.466163556574639770e+01
4.063753728556208422e+00
-3.105901861588540314e+00
-2.122629150786355723e+01
4.980466736126687266e+01
