-3.574338533259091832e+01
-1.540892529373145514e+01
-4.818746741399354505e+01
-3.796736958926461369e+01
-2.057392189864952314e+01
2.987683357306342913e+01
2.006013564992216658e+01
4.858461192242117477e+00
-8.498895617936771174e+00
-2.107053158116613201e+00
2.800959152998966317e+01
-3.766265413488766001e+01
-1.191078585808030788e+01
1.188434296559027459e+01
1.019957432962271682e+01
-1.974892495455455332e+01
-4.346145008043384195e+01
-1.613380366100359176e+00
3.005088070504505993e+01
-1.967446128592639809e+01
2.291317350195488345e+01
-2.052357903037575682e+01
1.520832394313622160e+01
-2.156009523217779744e+01
2.556767851717546591e+01
5.917226803701614912e+00
-1.246722381924563194e+01
3.345448739849672393e+01
-3.662592338787995061e+01
-2.756029221973735943e+01
-2.493612720796057758e+01
3.867881778532114367e+01
1.315405444063830132e+01
7.859637051858424428e+00
3.202214365096897097e+01
3.989882914148896020e+01
2.455517488824361649e+01
2.552105368802920182e+01
3.372481516050756056e+01
-3.506128710714004626e+01
2.537384885232815535e+01
8.425564453448881608e+00
3.300824615654411076e+01
2.821519657347144872e+01
-4.392766502802324169e+00
1.003007899397502811e+01
-3.000639167700594356e+00
4.653287991153591463e+01
9.516811108016066001e+00
-5.417955766838175435e+01
1.460905041505106183e+01
4.525749985728440095e+01
-4.856749187642003562e+01
-2.481408503833530332e+01
2.158362307358954624e+01
2.572734595293923121e+01
4.375720295211340982e+01
-3.941871764645990339e+01
-1.538340851160883993e+01
-2.624702157888075149e+01
3.463100236687773048e+01
5.359629772527403802e+00
1.312007887819791918e+01
-5.263106882893585947e+01
4.004863380597278422e+01
2.746001385972100550e+01
3.504212920768004835e+01
3.605952112311950941e+01
-3.993583104404745399e+01
-1.895119042606722104e+01
9.418534199218456138e+00
-1.016598477722228289e+01
-3.937181846110728856e+01
-5.718210618330491712e+00
2.711138296395455782e+01
-2.946913092860888739e+01
-1.114202793077185127e+01
-9.784369343512334893e+00
5.404967091696951087e+01
-7.457114588478926720e+00
-8.377925390976901809e+00
-1.846845586867441824e+01
-4.332781591596247495e+01
-3.796165617214819576e+01
4.308342629578808669e+01
-2.554972453073514949e+00
-1.615804685170350652e+01
4.711306218107160504e+01
-4.632486963933885704e+01
-5.802762459450264032e+00
1.111188219831898039e+01
3.007366260650499257e+01
4.081880809794753873e+01
2.787326244824278731e+01
2.182338333245829176e+01
1.208991645791975600e+01
1.179328771387779895e+01
-1.748507943212454396e+00
-3.962335342319249776e+01
4.614158328898662376e+01
