-2.887807251027038546e+01
-1.319156161500313651e+01
-3.061133685884536249e+01
-4.234697994323906300e+01
-1.512554486028214562e+01
2.351816667881194789e+01
2.957841694450411651e+01
1.468263218496695011e+01
-9.103070390047186322e+00
-3.804496835117451958e+00
2.122100486722590063e+01
-3.942584132413135478e+01
-2.017941242291867354e+01
1.361582707335128539e+01
1.645165480639991884e+01
-2.258052579935537807e+01
-4.659252279758685233e+01
1.542816998319791466e-01
2.022764481026023375e+01
-3.320221416625192745e+01
2.810082348257055429e+01
-1.390011663695249311e+01
1.391540615668918690e+01
-3.016755658470466983e+01
1.610629723110093181e+01
8.197004368124536366e-01
-1.388552196984806386e+01
3.509021674314860917e+01
-2.421726333449058188e+01
-3.314755539149165742e+01
-1.267255575831452497e+01
3.904125846568994973e+01
2.141279956419263542e+01
6.795355553785858760e+00
2.629867523599907742e+01
2.924625635281822156e+01
1.951163302650045850e+01
3.032154307153597728e+01
3.122780049642614486e+01
-4.260164617111588825e+01
2.772017821308404351e+01
-1.498058913260578073e+01
3.364699846967531016e+01
1.149842953563148740e+01
-4.642697149072702700e+00
2.084257496549220079e+01
-1.171827443218431242e+01
4.574080857437769509e+01
1.694121518083116129e+01
-4.865521054496561248e+01
1.358724843578378660e+01
4.878176667423284840e+01
-3.773667614054132002e+01
-2.114093587313791645e+01
2.253688557749028831e+01
2.926497833293966622e+01
3.701435250772752994e+01
-5.956920473325966014e+01
-1.866000614635242272e+01
-3.029879837057485759e+01
3.283470092867055001e+01
-3.660141870455346780e-01
2.556870726282261685e+01
-3.959600597334165428e+01
3.830668016665795506e+01
1.304809768818787141e+01
4.026852599842445812e+01
4.704667704946117368e+01
-4.341700665467797648e+01
-2.164074248539531098e+01
2.550570730460628255e+01
4.479570297590621308e+00
-3.734500948849107971e+01
-5.349594301232549753e+00
3.292036155855274160e+01
-2.315373711505932874e+01
-2.574804223716388663e+01
-8.767233056450223216e+00
4.313880795748387698e+01
-1.497540095611904754e+01
-2.094547136375931728e+01
-2.144248327421128764e+01
-4.614057736557855804e+01
-3.895218299057738420e+01
4.739745538696122651e+01
-7.483593135392704987e+00
-2.501114435152683058e+01
4.301519485742748827e+01
-5.068199369022491396e+01
-6.862427064747794070e+00
5.649146330350523826e+00
5.479394734091898300e+01
3.579479552261908282e+01
1.847734518269643189e+01
7.646882067484542134e+00
4.289839446781830823e+00
3.582724066013932784e+00
-6.782962445519686856e-01
-1.924452254091904635e+01
4.385536880311320118e+01
