-2.232446341514408061e+01
-1.004815701230565139e+01
-4.260150387807561145e+01
-4.378999550174633271e+01
-1.098024721733247233e+01
3.165978577154937668e+01
2.124322073475989114e+01
2.264028202519018151e+01
-5.250534149142906060e+00
9.552051758505060164e-01
2.214620490436790945e+01
-3.269916643402417833e+01
2.688294071639167004e+00
1.095340969563606670e+01
3.284398089198009352e+00
-3.215610930354281294e+01
-3.692287183866523037e+01
6.021385991777096436e+00
3.469947693569258718e+01
-2.486760706537332055e+01
2.135157688364506967e+01
-2.521537656378458081e+01
1.975274396986594638e+01
-2.052185497501144695e+01
3.624931256391609224e+01
9.238963305110841517e+00
-7.309528657528304940e+00
3.263491900661236400e+01
-4.521907417234994853e+01
-2.689976013432906043e+01
-9.917283425018293741e+00
3.871325197160371090e+01
2.143382077167855115e+01
8.560910016152741164e+00
1.522894606079236723e+01
3.897422706856951180e+01
2.957240721393141314e+01
2.770365119829049405e+01
2.880060774713857086e+01
-3.430645747388911815e+01
4.145021714631815257e+01
-8.644112394092690721e+00
2.750533980321732841e+01
2.080428197415871949e+01
1.431715244006525056e+00
1.231507103661573410e+01
4.867108780778973021e+00
4.036635994476059608e+01
1.271086188058076694e+01
-4.820269579121809045e+01
2.279655640515413495e+01
4.393004432324583064e+01
-4.017629269545263782e+01
-2.139387285105185299e+01
2.502309730926817366e+01
1.923821928243888735e+01
3.380000596047629813e+01
-5.969354117110652425e+01
-2.489293345162588622e+01
-1.984657151997736335e+01
3.269560610731227257e+01
-1.235817109721382501e+01
1.695889877136307788e+01
-4.444718459486145434e+01
4.345801318785496647e+01
1.372546316828494462e+01
3.859610071096942363e+01
4.316348021121228129e+01
-3.531743897446346381e+01
-1.060846690356920163e+01
-1.288794984363963003e+00
3.216388989079012717e+00
-3.989905232135530611e+01
-2.941911328280799154e+00
1.640814144681437270e+01
-3.129497876026127301e+01
-1.063200264772100923e+01
-4.292705628184458888e+00
4.433652586375080773e+01
-1.271651028168885134e+01
-2.006812370005302526e+01
-1.373702010064052814e+01
-5.103714406013548910e+01
-3.117803089476741363e+01
5.663653245821022608e+01
-1.605166893972796061e+01
-1.549046164154892047e+01
4.558726240373685101e+01
-4.443000271910641175e+01
-7.531621435535711839e+00
1.547931209166931055e+01
4.206535422955140291e+01
2.287680569884247817e+01
2.238723577478063831e+01
1.284207846259934271e+01
3.666270030419977566e+00
-2.261697159119015588e+00
-2.717665941254835182e+00
-2.061128555407312035e+01
4.742874715602076918e+01
