2.540677827688264223e+00
-2.609929716403065481e+00
5.485917549133172422e+00
-1.091555345222093409e+00
-7.169075912589297772e+00
-8.130344735624674968e+00
-8.487803846986349043e+00
-7.290107598275846534e+00
9.225279277284009538e+00
7.928869054953743500e+00
-6.174393875896733164e+00
-8.996018683794716253e+00
3.083844415441329812e+00
2.366325429606980890e+00
-7.124994754147679910e-01
-2.584409396615519938e+00
-7.256709050280139905e+00
1.571264407982575717e+00
-2.223459313723757713e+00
-6.208189261377624391e+00
1.026815881865550573e+01
-1.666732310571339859e+00
-7.190663504373926429e-01
5.998501081412922709e+00
-2.602282054029263492e-01
4.230911831162769587e+00
-8.702926890804633331e+00
7.690543189800620461e+00
-2.820359310193620406e+00
4.401227631666616347e+00
-3.321737499382273473e+00
-5.689755007769325523e+00
6.013239544205272402e+00
7.622057300190346218e+00
-4.834683454194378172e+00
1.213987438897941251e+00
5.046555236975320824e+00
3.601800489707361663e+00
-8.430290393286762551e+00
-1.279109267763017144e+00
4.459646992497195761e+00
-1.913415705926077459e+00
-9.237140446769378954e+00
7.015162598113037440e+00
-7.256281640644319353e+00
-5.171511120724091581e-01
2.828983703709853970e+00
-5.017064918788600281e+00
-1.732531443977100238e+00
-2.481762143560135137e+00
