2.457327842630852466e+00
-2.694283820537941576e+00
5.400712102411008964e+00
-1.178203561155604762e+00
-7.256673029771770977e+00
-8.219399190830229074e+00
-8.578835100607300035e+00
-7.377997075010872763e+00
9.140219196284700587e+00
7.843289144905641663e+00
-6.260674702383243861e+00
-9.082894167914023598e+00
2.996067002420356840e+00
2.276501165167886143e+00
-8.049098234248228678e-01
-2.680428978978193655e+00
-7.353755460237310082e+00
1.473561699095771615e+00
-2.322091916014771495e+00
-6.308162326053621705e+00
1.016631990857720957e+01
-1.771082379728897260e+00
-8.234636155561572135e-01
5.893599330790175728e+00
-3.654853703905499573e-01
4.124810011365694251e+00
-8.805628376040750993e+00
7.587258466722259342e+00
-2.924160933891901237e+00
4.296355820164216688e+00
-3.425116874085150531e+00
-5.791667548698322676e+00
5.912664836673553026e+00
7.522400143734417455e+00
-4.933011583889129525e+00
1.113615515754130536e+00
4.947164662850065397e+00
3.502988136956164400e+00
-8.528515818454129871e+00
-1.376840828613282497e+00
4.361514022176618433e+00
-2.014343607076353404e+00
-9.341545364344693070e+00
6.908202568160548118e+00
-7.367083846672931813e+00
-6.264635167864838206e-01
2.719816156166572796e+00
-5.127169302958172636e+00
-1.844406721127941351e+00
-2.593427871228619619e+00
