2.363791046823140007e+00
-2.787024781496372228e+00
5.308205506556405773e+00
-1.269432007734057954e+00
-7.346241248101998522e+00
-8.306453917468495263e+00
-8.664600931856996979e+00
-7.466018273007950512e+00
9.051063582443845235e+00
7.753210671635555329e+00
-6.350947674241147922e+00
-9.173892856407958263e+00
2.903333482139856869e+00
2.188591657221480524e+00
-8.893763894104699252e-01
-2.761803308282742453e+00
-7.432513886592041708e+00
1.395977743497696100e+00
-2.398535840178569689e+00
-6.384428699949577179e+00
1.009094712594048815e+01
-1.844986656445976925e+00
-8.964010282238699112e-01
5.822083127187691609e+00
-4.345274307206385411e-01
4.055886557306254581e+00
-8.876109144085694069e+00
7.518876729392637515e+00
-2.990085238729996764e+00
4.234147713701337246e+00
-3.483432280303914830e+00
-5.852148482524540007e+00
5.851425708637534306e+00
7.458586757919350774e+00
-4.998794199564909668e+00
1.047600120336183327e+00
4.881462706948643593e+00
3.436015357727461250e+00
-8.596726412861352529e+00
-1.445683446486045076e+00
4.293376494914548758e+00
-2.079282226103695841e+00
-9.403768811854410714e+00
6.844127331556070892e+00
-7.431579589778559480e+00
-6.907888882026091970e-01
2.657550313340957704e+00
-5.189033255543424872e+00
-1.905327413177618556e+00
-2.653449635392593819e+00
