-2.489330132100052850e+01
-1.251289580953889846e+01
-2.923056890864830848e+01
-3.818009151807413559e+01
-1.146271345868039404e+01
2.503380232072064970e+01
1.180561381893829065e+01
4.085191984925363506e+00
-3.494146647535398387e+00
-9.126828893669229892e-01
2.884880667111761809e+01
-3.531123161418509682e+01
-1.593147652191186481e+00
2.061692203695802306e+01
1.258086884059173016e+00
-2.856752075606307884e+01
-4.073207599972477055e+01
2.335225506396660045e+00
2.926778660660619025e+01
-3.676271937768639475e+01
2.524470739619646764e+01
-1.440536000050166621e+01
1.706180312804758614e+01
-2.399144009141816269e+01
3.421573501450015442e+01
7.627232144482538168e+00
-7.715681902643480861e+00
3.245863974625130055e+01
-3.489633322586171715e+01
-3.470500517535212737e+01
-4.862955381620892581e+00
3.384483272775337781e+01
2.030560768657759851e+01
8.267942202179353828e+00
7.602720769679929269e+00
4.111465316557423932e+01
1.114437554287690979e+01
1.470812949914912160e+01
1.413346984277127838e+01
-2.825057544509746776e+01
2.713034846503675368e+01
-1.956741276286138476e+00
3.318940739399844375e+01
1.261387920878556201e+01
3.657696265169416705e-01
1.037506216014164373e+01
-1.385315097441595000e+01
4.098381181414666230e+01
1.112748309305123762e+01
-4.831155093216379015e+01
1.442485026904937584e+01
4.819373422960330089e+01
-3.990660305596233570e+01
-1.922401341484175674e+01
3.076142948440748626e+01
2.693106774268457215e+01
4.683795348627258193e+01
-5.153944725146197925e+01
-1.977254021550072594e+01
-3.008420211424117952e+01
3.468949834435755974e+01
9.712487855513938229e+00
1.653469538640945302e+01
-4.193706189641474680e+01
4.978565651070824316e+01
2.925990218921878494e+01
4.462982244209115379e+01
4.088116482898498560e+01
-4.643893284226489726e+01
-1.649789114421921354e+01
1.851404382772251722e+01
-7.656890997867941806e+00
-3.383860661642461309e+01
-2.042028465668924486e+00
1.851667031481269987e+01
-3.184685836696197825e+01
-2.655457094609693058e+01
-1.904574587310075273e+01
4.921688084287760034e+01
-1.463864968931664023e+01
-7.618702988951723931e+00
-1.136201901154430161e+01
-3.481263823155759951e+01
-2.413305089338441434e+01
4.392774458174027785e+01
-8.745351697399858182e+00
-1.195751728232443156e+01
4.252139853001700942e+01
-3.949073988629474741e+01
-1.943573078450518210e+01
4.159204059259547392e+00
4.112805378819465574e+01
2.045521810880171643e+01
2.680378037221849041e+01
2.354229182500102979e+01
2.022160671795527875e+01
6.351317534612738847e+00
-1.225093498982170903e+00
-2.297376629184301322e+01
3.322623755882547414e+01
