-2.611442786464507115e+00
7.094691541325006234e+00
6.868038937063158045e+00
-9.633453709596551562e+00
-7.551467426042488107e+00
8.994361874647498922e+00
-9.360133912971457804e+00
-8.237269965825641194e+00
-6.581718096840845078e+00
9.864310073408217860e+00
-1.697553905321614653e+00
-2.554766728332134917e+00
-3.141445761028249795e+00
-6.688567531469474803e-02
6.709945683418197526e-02
9.508536113207895824e+00
-3.294348420281826062e+00
-6.080633848892922799e+00
-8.172478622691144778e+00
-8.087527325618887986e+00
-2.306714398076551209e+00
7.058704038591300245e-01
8.488046588649003965e+00
-5.529680066590872300e+00
-4.490654817745202365e+00
-5.191831728561346893e+00
-5.336561461098814352e-01
9.931030132438656288e-01
3.006692871127230049e+00
-4.649391800141543740e+00
