-2.611445036440477097e+00
7.094685637070175410e+00
6.868037650399838157e+00
-9.633453077774346340e+00
-7.551467516195565999e+00
8.994354288444560197e+00
-9.360128500835628529e+00
-8.237277476101830587e+00
-6.581721880992472684e+00
9.864306895210235737e+00
-1.697558818528982272e+00
-2.554750211680469008e+00
-3.141448015668069971e+00
-6.687347452581990370e-02
6.709862931249015172e-02
9.508531278824394306e+00
-3.294344625397004123e+00
-6.080635262302832800e+00
-8.172460400002755421e+00
-8.087531238299058955e+00
-2.306718290115396197e+00
7.058886167461098093e-01
8.488055725187255263e+00
-5.529685299927486142e+00
-4.490652603179224656e+00
-5.191822635414268916e+00
-5.336444413580568868e-01
9.931257445235563974e-01
3.006709798506290277e+00
-4.649384296037085917e+00
