-3.621360167054430690e+01
-1.711574285807798290e+01
-3.457516312182753637e+01
-3.810326980957759702e+01
-2.235175128075331230e+01
2.309765526704214267e+01
2.998503154664316384e+01
1.155495105025049796e+01
-6.310841505318956379e+00
-6.537600101607989878e+00
1.564793748245604732e+01
-4.135334280130496865e+01
-4.576116012889478668e+00
1.022970379554438836e+01
2.080471213146831033e+01
-1.991129764649822320e+01
-4.427458368900311569e+01
1.049243517848027718e+00
3.124763608941535864e+01
-2.588870314652265492e+01
1.153001559680588350e+01
-1.776933695783280243e+01
1.703610744243409059e+01
-2.524266075233311568e+01
3.677988122100001078e+01
1.224671724772516690e+01
-1.833213620229075147e+01
2.717816868061107627e+01
-3.479248742052503474e+01
-3.031443307906604900e+01
-8.798946416799832804e+00
3.748049612592879498e+01
2.279860925863431831e+01
1.088496186845988944e+01
9.248470787465816301e+00
2.851430083963270334e+01
2.656439791325621513e+01
2.301859989490767333e+01
3.643233868730386860e+01
-2.963621605344205889e+01
3.575732484044562653e+01
-6.816272758176369351e-01
3.734936535945682579e+01
2.514061599613498288e+01
9.141121075995533474e+00
9.500896634581117439e+00
-6.974872792048667058e+00
3.395518680845197679e+01
1.292767610273643442e+01
-4.772063702849725075e+01
