-2.093018109446544273e+01
-8.451090359292702914e+00
-2.945962873638331558e+01
-4.894849871061955326e+01
-1.246768177698147362e+01
2.486947491191746451e+01
1.625368840346088817e+01
1.106878456018933754e+01
-1.387117862574696225e+01
-6.792634760534557614e+00
2.749372496675120914e+01
-2.758780270897175413e+01
-6.153690630692818964e+00
5.903787464983790478e+00
1.394212965578378416e+01
-1.161617514556824915e+01
-4.471930107052773451e+01
5.022917051453460680e+00
2.373433157046101272e+01
-2.671058549539255722e+01
3.128592428190236774e+01
-2.110821023028791643e+01
2.711366719419106985e+01
-1.421775157580514204e+01
3.810833227749047580e+01
1.946281750189367443e+01
-3.110792362924974519e+00
3.584682954109986497e+01
-4.164472205707653529e+01
-3.636172644662767794e+01
-5.940648469411518917e+00
3.360207614575455892e+01
2.162077487336095416e+01
-6.192598444045171568e+00
9.658041040239814023e+00
3.466700159660768321e+01
3.093222530330740483e+01
2.639653821194790595e+01
2.689641637295451915e+01
-3.620714668088343302e+01
3.021975325718408811e+01
-4.091401981398732346e-01
2.720820980191049898e+01
3.038645529987063654e+01
3.994129849767755758e-01
8.358294192882569362e+00
-1.055854862262341376e+00
4.109648633407046248e+01
8.931727435982429242e+00
-5.123895582074674593e+01
