-3.498547940084954888e+01
-2.620709384790747620e+01
-3.476510837594761938e+01
-3.967836247521536563e+01
-1.711340814162803525e+01
2.645904832221978609e+01
1.803335466503672890e+01
7.275336241315851993e+00
-1.121306722426680125e+01
-1.083205337182877592e-01
1.921559719605046013e+01
-1.644163735833901185e+01
-4.125675025773794857e+00
7.164680591237718055e+00
2.244188144524899542e+01
-1.687861348264316774e+01
-3.727646033486031030e+01
-5.643808771742875763e+00
2.916836437276976213e+01
-1.670986165009594160e+01
2.193276203758781406e+01
-1.060427796598470174e+01
1.806861121144172699e+01
-2.626839684810402176e+01
3.613528501995489250e+01
1.549028816269293785e+00
-3.895760404463165294e+00
3.243756161515555192e+01
-3.756846088671627371e+01
-4.425836759380317886e+01
-6.596461678661361461e+00
4.614709345365556459e+01
1.862526725822697671e+01
1.222097792416510131e+01
1.900443608395780615e+01
3.145716189205009528e+01
2.172281475332478706e+01
2.147588878243321986e+01
2.593049308235954342e+01
-4.361783467204713105e+01
2.003558313818464498e+01
-1.889003296166612778e+00
3.221399921374465691e+01
2.530814230183003133e+01
-5.794413054352421710e+00
1.839399593594244209e+01
-5.757086553440435850e+00
3.943840712817370786e+01
1.332318399005927034e+01
-4.010067417009138069e+01
