-2.154314936446207440e+01
-1.898785919577821701e+01
-2.868076747737115539e+01
-4.728605261434007900e+01
-1.609464358150430030e+01
2.662579433322534328e+01
2.131161173629370609e+01
1.240012858611045488e+01
-1.853919744571071604e+01
4.473812895845102666e+00
2.689462122059275373e+01
-3.810648753347334861e+01
-1.992493472769673257e+00
3.027640386271511108e+00
1.184987469301124641e+01
-2.532069829773547553e+01
-4.955367189992047372e+01
3.034767829437818421e+00
3.210482436532716122e+01
-2.834517324975989894e+01
2.195151872974319573e+01
-1.592629554909891532e+01
1.862197439713049718e+01
-2.695212790839759620e+01
3.211636706384016549e+01
-1.102558723909735638e-01
-1.980758082299424316e+01
3.674765412234312123e+01
-2.784654573341641992e+01
-3.747495814433537475e+01
4.253836992497291192e+00
3.817959660256101984e+01
1.817456866502278245e+01
-7.648574034075497075e+00
1.579205291276935430e+00
3.421029324936353078e+01
2.518149385243822280e+01
2.814906902836565905e+01
3.709531293369239791e+01
-3.055364713757216322e+01
2.596754468080567335e+01
-3.916679451713029891e+00
3.034394751732979856e+01
1.252498787962274207e+01
1.960656049740662654e+00
1.487882288186328594e+01
-4.608647097281678207e+00
3.952213791801263909e+01
1.386414335038479351e+01
-3.984229902846421822e+01
