-2.129636201342255930e+01
-2.424205553754364217e+01
-4.233049027236122441e+01
-5.116069889527393144e+01
-2.156806477562892610e+01
3.041147590777357124e+01
2.205147680460984816e+01
1.069051061973448391e+01
-1.547397981634193265e+01
1.356055618061164303e+01
2.327027421867624923e+01
-3.146798862148099829e+01
-5.955212340428399642e-01
2.206932585889239906e+00
1.140100551022801412e+01
-1.116885639272690156e+01
-4.200198296195183190e+01
-4.571433387818153449e+00
3.172031287807159572e+01
-3.058581634770265723e+01
2.173948071403489379e+01
-9.270714972780904617e+00
2.055099257703936644e+01
-3.167005329813639491e+01
3.926650705134120756e+01
7.181924270180319425e+00
-1.096154434529151800e+01
3.217768749069453804e+01
-3.888052111594406313e+01
-4.148419921598915039e+01
-4.130691896007584241e+00
4.221620962013096090e+01
1.268526215777898258e+01
6.951551974213757035e+00
5.452585672730218214e+00
3.041758635133455613e+01
1.798884010774857600e+01
1.997431441299551125e+01
3.450662875577926059e+01
-3.167687539148783316e+01
2.996975337553646668e+01
-9.411906001436783242e+00
2.825252947495812705e+01
2.648504902554153517e+01
-5.131316176351341518e+00
2.146230671286071257e+01
-1.326413498378278177e+01
4.296826188958857529e+01
9.706143555214293173e+00
-5.567264967221797178e+01
