-3.828397598153550518e+01
-8.194493803043346958e+00
-2.976726907795604049e+01
-5.006114716827147504e+01
-2.151861322197589033e+01
3.012710541042812551e+01
3.167379551317115016e+01
1.639553367669973127e+01
-1.990897533575926559e+01
-1.052929988794360616e+00
2.973263648353595912e+01
-3.582768038962191071e+01
-1.508031962040166007e+01
3.302755145950836635e+00
1.563817645193207007e+01
-2.211004534293034851e+01
-4.430778363710112444e+01
-9.340114326284005841e-01
2.687587600889591855e+01
-3.164467098590733940e+01
2.099507964744095290e+01
-2.585898439231205970e+01
1.636964906965370758e+01
-1.639442124857492544e+01
3.502711739816970038e+01
6.222158832266948103e+00
-1.358576635248573794e+01
3.492227940392736940e+01
-4.658807219502667607e+01
-3.104982318115525430e+01
-8.698655846008758630e+00
3.600944348984350540e+01
1.715741276869436049e+01
2.608793972418735896e-01
5.150257641300689748e+00
2.030217375806081037e+01
2.378587648871211258e+01
2.984729194962025645e+01
3.668025314106233736e+01
-2.861598934036926778e+01
2.775032295181122777e+01
7.166011571880313014e-01
2.328585469851147494e+01
2.059050469369324432e+01
2.489428775242943814e+00
3.614171102339563291e+00
-3.189225483854265519e-01
3.913254950598445703e+01
6.181028426334508552e+00
-5.347245579905739277e+01
