-2.873383044908244344e+01
-1.623040424440201690e+01
-3.435001378907085723e+01
-4.570509550892791140e+01
-1.810689587354326235e+01
2.575392688467060509e+01
2.488491646447059580e+01
1.122890780360350682e+01
-1.202184529976604033e+01
-1.030178220881159401e+00
2.316536267443544261e+01
-3.135217261882119288e+01
-8.744234939329135869e+00
5.619758217069678707e+00
1.572282210848664441e+01
-2.165585969227968732e+01
-4.331058688066108431e+01
3.480149082661285309e+00
3.110527179741432136e+01
-2.968877097611566285e+01
2.557202140691098435e+01
-1.885594011600759146e+01
1.955368033319342302e+01
-2.474300308215426725e+01
3.016912384275928005e+01
6.821453449941430769e+00
-1.228934136917383668e+01
3.177561994060937778e+01
-3.609167111544238793e+01
-3.440867319933332169e+01
-6.034984141478987318e+00
4.185487461311586799e+01
1.817921176703309527e+01
3.831171910500427380e+00
1.060398211996125539e+01
3.419831859300394683e+01
2.377409887599318949e+01
2.474332668990750506e+01
3.454763768778530419e+01
-3.622577133594235477e+01
2.855094963991202661e+01
-2.652030937679765277e+00
2.850781099440162336e+01
2.078028203511666661e+01
1.946498945937524372e+00
1.553590499762592181e+01
-5.763825070277612816e+00
3.988158313391178922e+01
1.143421642955086170e+01
-4.951676002186022885e+01
