-3.124801954559891826e+01
-1.482468545960239403e+01
-3.252353202019629208e+01
-4.774284929562352175e+01
-2.135703018928483488e+01
2.864232089854573715e+01
2.491232844989954742e+01
1.021222699337920758e+01
-1.277203224279844562e+01
-2.388671475929267096e-01
2.163049763414289828e+01
-3.082946428579450782e+01
-1.214308952741482628e+01
6.496635973690228383e+00
1.414379329552961728e+01
-1.960208875477610135e+01
-4.278102505045725223e+01
-1.601944439274252119e-01
3.206580618696233387e+01
-2.990974029691477654e+01
2.349685458971659457e+01
-1.922927029229386164e+01
1.827975285043844167e+01
-2.275585006130882704e+01
3.130670646694561299e+01
7.522409919008110180e+00
-1.541243906609034653e+01
3.396105030420996229e+01
-3.443622966087210813e+01
-3.915516460480717598e+01
