-2.842300444339170085e+01
-1.485542736968954003e+01
-3.727405324191387592e+01
-4.093316944651149925e+01
-7.613487625930126512e+00
1.397712822917123354e+01
2.277269073653745224e+01
1.296466598509663015e+01
2.030893099221626308e+00
9.790422776872418353e+00
1.347475134476347591e+00
-2.437071351498360272e+01
2.367987367681511301e+00
-5.593336224717229577e+00
1.980003428969658863e+00
-2.308187458483013899e+01
-5.998351210025541747e+01
-1.002665417928975167e+01
2.920563710261826884e+01
-3.732187506424388346e+01
3.822727414877883945e+01
-1.156323550308661297e+01
1.026135182368268417e+01
-2.925967055201803646e+01
3.055088636326189544e+01
1.596117342092190583e+00
1.750013023693011149e+00
3.220907862735115401e+01
-4.256959818783219873e+01
-2.130950835859788484e+01
-1.770841822497007811e+01
4.100687000986431485e+01
3.393313704720160473e+00
6.376362324999380604e-01
-4.084145665168016137e+00
4.676429142778472681e+01
3.794878128540317874e+01
2.930042150903562259e+01
4.488561318485943730e+01
-4.787750932994390496e+01
1.562318505505530197e+01
-1.220064739135016474e+01
3.400669465823645510e+01
2.266409858541055655e+01
7.957776378140269280e+00
1.525807104864980879e+01
-6.127946791195975962e+00
4.724727222516763447e+01
1.122477382365205223e+01
-5.683629965995992706e+01
2.943322982909829122e+01
4.559457650809911655e+01
-2.769322742659721115e+01
-1.777495939085028809e+01
1.815386724304866917e+01
1.788104779278682699e+01
3.484813664481018947e+01
-5.183490056353632269e+01
-8.296079938907814366e+00
-2.039809878481312566e+01
5.203554677778328852e+01
1.474097491342755362e+01
1.833446837972912036e+01
-4.067324042232521464e+01
3.739598227205692638e+01
2.429536954285244121e+01
2.686464862630134220e+01
4.149039930578513946e+01
-3.521157867179358192e+01
-1.713081801836403528e+01
2.023814632926810475e+01
-2.664562909832456139e+00
-2.896669330636315465e+01
-4.617001154135625285e+00
2.376788576780955609e+01
-2.705539411540227235e+01
-1.620292805884870191e+01
-2.034036657726375452e+01
2.925716641351913694e+01
-1.177976917684275904e+01
-1.114998683938183355e+00
-3.870585454623254407e+01
-4.902857239068674744e+01
-2.217500135743213718e+01
3.814631381315172121e+01
-8.903120075573287551e+00
-1.965982268791992382e+01
5.427257616718252109e+01
-4.420623660116499565e+01
-1.134378360534676133e+01
1.489093158343437828e+01
3.707746794693373715e+01
3.189955701213184369e+01
1.962345201534266437e+01
2.340008383734688380e+01
-1.132698091698012988e+01
8.251223031862409130e-01
1.343416714662709666e+01
-3.111617964189906616e+01
5.047026089267721005e+01
