-2.647436146194188211e+01
-1.675081988147763212e+01
-3.405686477739837414e+01
-4.502682045570511349e+01
-1.775376633683586292e+01
2.666436528551366436e+01
2.357211600000273677e+01
1.227516163883185918e+01
-1.379629382397345161e+01
-5.115317183102232601e-01
2.499485449746433119e+01
-3.207901398325835629e+01
-9.405410913180510590e+00
5.437659654975471213e+00
1.744254004277547310e+01
-2.068851994915140580e+01
-4.425116900752031057e+01
1.686469639681642541e+00
3.315220983666874588e+01
-2.840276078305672414e+01
2.761907856485218460e+01
-1.980854973729712043e+01
1.788903585689282494e+01
-2.446961767864926074e+01
2.996591494289347324e+01
4.817302212557586394e+00
-1.448272311069413654e+01
3.400963840790004866e+01
-3.457323902395540216e+01
-3.427898427865800102e+01
-6.724018435935189331e+00
4.046520878979723079e+01
1.618865917001384958e+01
1.531393664579818070e+00
9.055664900081524138e+00
3.477744005723575071e+01
2.168051454897590347e+01
2.246723211030432310e+01
3.469136409361293261e+01
-3.593964688063464763e+01
2.612334623652044385e+01
-4.541712254851405284e+00
2.820559389570572151e+01
1.885203309865493182e+01
2.295609763308391615e-01
1.469228182900991975e+01
-4.380352896698887832e+00
3.780711285695203827e+01
1.221794654086870935e+01
-4.715409184790032526e+01
