-2.855756492118236523e+01
-1.604040732826643989e+01
-3.426033325360652526e+01
-4.580660724681666807e+01
-1.808088961976898901e+01
2.570466037517045876e+01
2.473666284240664126e+01
1.121076489878574023e+01
-1.215833425979829308e+01
-8.883016594884590722e-01
2.336709125926453723e+01
-3.142678227147359138e+01
-9.090276176318935697e+00
5.727653340874963916e+00
1.569458190574721357e+01
-2.155640546322869255e+01
-4.340131187169036053e+01
3.363254485617372058e+00
3.115461323156537077e+01
-2.991424041782973831e+01
2.545264944237568727e+01
-1.870249857750251721e+01
1.975847204591796924e+01
-2.442553739989775607e+01
3.031573878001033151e+01
7.074916377649851817e+00
-1.240367581872083846e+01
3.170906575493929580e+01
-3.596022587974181306e+01
-3.430129973077994521e+01
-5.943300922789773288e+00
4.162143339403093734e+01
1.788359856641629975e+01
3.644439328989618865e+00
1.070659817865904806e+01
3.419732720541871629e+01
2.368689970039785564e+01
2.465377404170760300e+01
3.435002028040250366e+01
-3.608833269034848001e+01
2.847450352608336033e+01
-2.846930498790305464e+00
2.830061982207152838e+01
2.101814280811648317e+01
1.835751898707465912e+00
1.516504052248089884e+01
-5.475084268141552357e+00
3.971299772444734799e+01
1.169547192285575932e+01
-4.940374610161183000e+01
