3.355919934846158981e+01
-5.240486261641980548e+01
6.967723129197614185e+01
-1.321815046909349256e-01
-7.899061189153734119e+00
-3.946201230129381177e+00
4.184793424948046692e+01
-7.207019010968362238e+01
5.998779292105986372e+01
-8.495677075206464757e-01
4.540638495064424518e+01
6.618623652669373314e+01
8.894786363623606462e+01
5.520540752879829682e+01
5.473743203871291030e+01
-6.206149541214039544e+01
-3.906144272888846558e+01
7.273545029843991472e+01
6.851922439586660118e+01
-2.568166279905897298e+01
-8.801668743923328009e+01
-7.897469869355279570e+01
5.345828912694925350e+01
-6.147354965980292718e+01
6.461161890943512454e+00
3.211028847822624499e+01
3.137120531547239466e-01
-2.010660941390686673e+01
3.911564359233150867e+01
-2.420977032517850347e+01
