2.115802745983433653e+00
-4.724778053893408547e+00
1.681312277822103463e+00
-6.587083544288281800e+00
-1.431132397710753956e+01
-1.692009469490796647e+01
-1.891482940502464771e+01
-1.933794837831404223e+01
-4.444240581642180388e+00
-7.206164929238166650e+00
-2.277912653416093036e+01
-2.703366292770200729e+01
-1.638771179049095394e+01
-1.853487152215408784e+01
-2.300251265715559512e+01
-2.608580333737129564e+01
-3.196562695050704761e+01
-2.411330337118722866e+01
-2.887641637229012304e+01
-3.382984214446292981e+01
-1.827923301682317714e+01
-3.110802497212277729e+01
-3.069364422639106493e+01
-2.445405356859243895e+01
-3.117657585525447672e+01
-2.715165156494777321e+01
-4.020367021613091651e+01
-2.393618967507206463e+01
-3.451478461898346239e+01
-2.735401328085395889e+01
