-2.857858226429339155e+01
-1.600744158490064706e+01
-3.429526716339493930e+01
-4.581469878799538265e+01
-1.807308753960441905e+01
2.574612936605247171e+01
2.469943954215986537e+01
1.122446727379877274e+01
-1.213855458938691534e+01
-9.118016376676891799e-01
2.339592747791713023e+01
-3.145284030187768209e+01
-9.071088702101365087e+00
5.740715508234451647e+00
1.569234259432229805e+01
-2.159150025029723352e+01
-4.338532568025466674e+01
3.366414505087823361e+00
3.114790149562362487e+01
-2.992065155887772221e+01
2.544329613370706511e+01
-1.868524435996992850e+01
1.976977779995529261e+01
-2.441677922250122634e+01
3.029255971859227614e+01
7.057575628626631570e+00
-1.239557177272369159e+01
3.173232739386573087e+01
-3.594835427909966086e+01
-3.431577936837211951e+01
-5.964788102888041621e+00
4.164939514173285318e+01
1.787774914681160610e+01
3.646500959126766972e+00
1.070755944769715740e+01
3.417870965860371513e+01
2.369768151816868595e+01
2.466082159455764256e+01
3.435671843994261110e+01
-3.609819734744333886e+01
2.847718346326089289e+01
-2.855454753292691716e+00
2.829856129858390545e+01
2.100693551989849439e+01
1.852727946612529042e+00
1.515575926880312885e+01
-5.466123483871197841e+00
3.969501032128823681e+01
1.170565480103235245e+01
-4.940823228905655640e+01
