-3.036696738164955667e-01
3.580555840272832580e+00
5.265051998501438568e+00
1.304956746705720816e+00
4.115232032677932139e+00
4.073669943227385737e+00
-1.319347639925660509e+00
-4.720830737268136623e+00
6.892305559141150617e+00
9.368383569049667514e+00
2.548319611851131761e+00
-6.131088440237504322e-01
-1.772057523882183849e+00
2.425655404824863748e+00
9.259666873558472844e+00
-4.066064714891932219e+00
1.993095135682110941e+00
5.041432134523356368e+00
-3.999097829339838039e+00
-1.544733191963337804e+00
3.234368732225905152e+00
1.950070441690070489e+00
-9.268664534399118082e-02
1.987377828238149791e+00
-2.095706946744849919e+00
2.259769486155467799e+00
-5.467986882879920518e-01
-3.538778977340800935e+00
-2.703271358547008063e-01
7.576104069364476556e-01
