-2.000417077538604593e-01
8.547568687728546166e+00
1.396742458746325521e+00
1.454635411446682847e+00
3.335822378337249372e+00
4.053995497926394798e+00
-4.290376805484024558e+00
-1.909949034951017310e+00
5.775061889425041173e+00
4.298824164458999064e+00
2.643166865723929781e+00
-1.405474531032899765e+00
3.282905794167201741e+00
3.050991453817872401e+00
3.198789410153384249e+00
-4.907937117488502032e+00
-3.827468007014341644e+00
5.238348257771468397e+00
-3.974499892908841758e+00
-1.753638773007871077e+00
4.270030590397917436e+00
2.001965252387725158e+00
8.027559235967656193e-01
4.034241038181495931e+00
-2.989783724178046498e+00
3.342415621889243127e+00
2.598287350163395182e+00
-3.438707512810214695e+00
-1.533451484682114341e+00
2.662690102066219033e+00
