-1.066631936966831784e+00
3.616936966303670342e+00
1.290944484142454218e+00
4.446469984179289847e-01
4.297843849480795342e+00
5.127234793299850324e+00
-4.261546059513354301e+00
-2.892401364336894432e+00
3.937171207222249780e+00
5.318337438836723940e+00
1.468775484801892572e+00
-1.487799906838412012e+00
-1.828283751220571185e+00
1.440882525480751575e+00
-8.136516857974100958e-01
-5.789490767483944644e+00
-7.580087690555545876e-01
3.998774546309212585e+00
-3.912259960467084241e+00
-1.535897574560334489e+00
2.223843017000774580e+00
1.988779056276943846e+00
-2.841252156356472436e-01
7.145029883619288036e+00
-2.112198057843697629e+00
4.174118466244171266e+00
2.636576584334159090e+00
1.639049941068368987e+00
-1.518678724425098769e+00
1.823140287553696171e+00
