-1.250653349477788279e+00
3.740000706294832611e+00
1.263773735221037420e+00
1.376760560362916275e+00
2.252110370065955713e+00
5.219956014646488285e+00
-3.149267821938503964e-01
-1.762767763850022096e+00
6.027978633750826987e+00
3.122096870769128785e-01
3.377735915086044649e+00
-2.351923052907945788e+00
-7.779579661302837845e-01
3.354773643427503282e-01
4.243833822629627051e+00
-5.952132872762648574e+00
-2.711796139519667470e+00
4.104964272621629107e+00
-4.017246836236657792e+00
-3.530319184736412375e+00
2.374413303720092350e-01
6.920583042223459103e+00
7.517630441580775980e-01
3.084190394585041961e+00
-1.177636732403574804e+00
2.147528661218825352e+00
-5.306741454573320027e+00
-3.664520259550837267e+00
-1.463854079787905382e+00
1.919913177950508754e+00
