2.365303052605971068e+00
-2.787589387316268930e+00
5.307112924978875768e+00
-1.272313790898333075e+00
-7.350127472147312879e+00
-8.314256898454608802e+00
-8.675230419022449624e+00
-7.474669166406889609e+00
9.044380705962904443e+00
7.750195698031222769e+00
-6.352147539146227651e+00
-9.171671556042506168e+00
2.909882894234003370e+00
2.192044163927435285e+00
-8.861767682904478916e-01
-2.756751025663885191e+00
-7.425376530760951610e+00
1.406341626434301384e+00
-2.385754547754472377e+00
-6.371587245862489368e+00
1.010315450615545174e+01
-1.833623467917304684e+00
-8.847973781269701243e-01
5.834532856186702254e+00
-4.244457240414985510e-01
4.064595893794261450e+00
-8.867881580334037395e+00
7.527594363249787257e+00
-2.985956011062992577e+00
4.234034327744030435e+00
