2.242738082627264706e+00
-2.907087655468025833e+00
5.187277580194587401e+00
-1.390566477660475586e+00
-7.467524582235758324e+00
-8.430656826560998240e+00
-8.791376326491873172e+00
-7.592775989031380846e+00
8.924556735040411581e+00
7.628979034664221892e+00
-6.478995313016717716e+00
-9.303727198499212037e+00
2.774072242962518864e+00
2.056856713123249580e+00
-1.022068132438686217e+00
-2.892943960481768606e+00
-7.561363993276952300e+00
1.270421809829139548e+00
-2.518713849804306903e+00
-6.504698270397311965e+00
9.971243199832038329e+00
-1.963904717782378739e+00
-1.011757158015159197e+00
5.703343209710887152e+00
-5.559007351381928252e-01
3.934899804520060496e+00
-8.996025031766031077e+00
7.400405651411115393e+00
-3.106121024539894027e+00
4.115400023474372837e+00
