-2.838498529162031758e+01
-1.581118266244037152e+01
-3.206863969580807350e+01
-4.818106896582182230e+01
-2.134930401118546328e+01
2.245957147752984184e+01
2.429349709387157219e+01
1.069294387467782137e+01
-8.645502121460328482e+00
-2.903358370196115423e+00
2.535782646460872058e+01
-3.427081462282061608e+01
-5.744949638381656953e+00
5.157001770720858858e+00
1.675316551738202264e+01
-2.530558798079621496e+01
-4.401345205883558265e+01
4.861305840302776460e+00
2.931761741434299751e+01
-2.637526569886438566e+01
2.464528921889901270e+01
-1.915433207182724118e+01
1.557756447611793327e+01
-2.588256468496589235e+01
3.389922141492782970e+01
1.177419147370463293e+01
-8.913667295262913015e+00
3.085439516611109312e+01
-3.691874787534874258e+01
-3.505812771396131211e+01
-4.392059694491018185e+00
4.030774392820073615e+01
1.794918766485945127e+01
3.054599471713564718e+00
8.839836749235846725e+00
2.916832533807699335e+01
2.027556099784508348e+01
2.264837518004356198e+01
3.589924695165282742e+01
-3.600434393021755852e+01
2.886780290728470888e+01
-2.237888851060335416e+00
2.968052931958317231e+01
2.019782215054077668e+01
9.249831885322672420e-01
1.444867798311114626e+01
-6.212861432977824450e+00
3.999802696498678500e+01
1.180692926567316903e+01
-4.723451906008340018e+01
1.979563894732047657e+01
4.701247629690072927e+01
-4.192857314609054953e+01
-2.907490611586080931e+01
2.257684549431823839e+01
2.995103410635323371e+01
4.063725803206816067e+01
-4.569400145047143980e+01
-2.097229875350467054e+01
-2.050340910365780189e+01
3.575786848742305324e+01
6.411860269767742260e+00
1.734750884239739932e+01
-4.459596482289185104e+01
5.164357897940604403e+01
2.486138617834415143e+01
3.503980940514996689e+01
4.489492838081744708e+01
-4.865012670480543022e+01
-1.455752254060370987e+01
1.098948038334094157e+01
-4.319079135032335870e+00
-3.516577737099315470e+01
-4.092786443375244332e+00
2.662824782480483066e+01
-3.405404086029086841e+01
-2.155358955793780495e+01
-1.058659491036141986e+01
4.231554482177939747e+01
-1.466117500822762665e+01
-1.053518403236879664e+01
-2.333132338236781322e+01
-4.690150645811857544e+01
-3.465901802588387426e+01
5.123290005902751432e+01
-6.533516889247272807e+00
-1.844649230546579588e+01
4.641857329328350801e+01
-4.478111241317900948e+01
-9.698327258821727526e+00
1.633195585299947084e+01
4.634893147467197849e+01
1.978576979212248688e+01
2.505547352671119654e+01
2.681924764791687110e+01
1.468100395105111744e+01
2.568595575163845179e+00
8.544315922899059501e-01
-2.038248163256072587e+01
4.871272682402018006e+01
