-2.797798710195472438e+01
-1.442842417935688104e+01
-3.368379873308710160e+01
-4.204981203733303374e+01
-1.798749715638711777e+01
2.419886621314968878e+01
2.611245063508060227e+01
1.177416696245082761e+01
-1.015109035248754310e+01
2.633946561453258672e-01
2.391529393129751213e+01
-2.660211676636524203e+01
-9.656819053491188853e+00
8.747837166250343799e+00
1.610389952987101125e+01
-2.257269059647409293e+01
-4.192582075003623743e+01
3.974850722440123274e+00
3.214237112457839629e+01
-3.035637880566114433e+01
2.422758369449081428e+01
-1.627893877076485651e+01
1.949728256185116848e+01
-2.184055401636472737e+01
3.219303059182824001e+01
5.342678023886130667e+00
-1.157901727448346563e+01
3.010899384346641128e+01
-3.634867428579153881e+01
-3.429834722576094919e+01
