-2.980447357722876944e+01
-1.823368436721302643e+01
-3.408728707577311923e+01
-4.663746710126940087e+01
-1.733589665348127440e+01
2.608139818876863814e+01
2.058617473259811348e+01
7.226390442617557142e+00
-1.286252782450306853e+01
-3.186425229064103970e+00
2.237776547177720232e+01
-3.097223998193741679e+01
-9.669252210207210041e+00
5.253098377338819347e+00
1.621053984506388090e+01
-2.243584148049632887e+01
-4.418148217219199836e+01
4.489650063560982396e+00
3.075987968850257204e+01
-3.265866386053165371e+01
2.713172157175602806e+01
-1.875601517242819227e+01
2.020573196591580256e+01
-2.278810902049280074e+01
3.096403543071708597e+01
6.662710363326724838e+00
-1.238002856964747167e+01
2.915540255699183447e+01
-3.611490770071174694e+01
-3.310783632190375414e+01
