-2.860830247624601341e+01
-1.609806860311530130e+01
-3.436400971049955899e+01
-4.593167854002690120e+01
-1.786047364362447354e+01
2.585050167198206594e+01
2.457331020837459334e+01
1.152695607660467481e+01
-1.227409171536528554e+01
-8.679109604791982457e-01
2.359313671637734444e+01
-3.147022492438240704e+01
-9.258202167129768512e+00
5.732646883744560995e+00
1.564818543480012103e+01
-2.155422755577014016e+01
-4.341625115923016409e+01
3.401082438634167371e+00
3.119721546948213842e+01
-2.976533116749503094e+01
2.555695388110027721e+01
-1.874779415704393060e+01
1.968690648229260276e+01
-2.459091668592482094e+01
3.028300165740684591e+01
7.103791793629193663e+00
-1.254552333244962270e+01
3.181947909464219038e+01
-3.602976656904510122e+01
-3.432345766657869035e+01
-5.989412007438503771e+00
4.167876090376689291e+01
1.783179468178592941e+01
3.721521976962211653e+00
1.071436852426062813e+01
3.422386759774281728e+01
2.382353199467704030e+01
2.456982131578320150e+01
3.423967411357566704e+01
-3.613744400764084475e+01
2.835587316436421190e+01
-2.802726923234286183e+00
2.833522553474315941e+01
2.090715219656951973e+01
1.845233710497671709e+00
1.521271756145332255e+01
-5.608428660184462622e+00
3.961331576327580706e+01
1.172330497272857386e+01
-4.968910170457436237e+01
2.092501594393528208e+01
4.798646104359997366e+01
-4.261676495256148200e+01
-2.668003150753723673e+01
2.639261022469746720e+01
3.038946641820303185e+01
3.803855476790925394e+01
-4.613308518827593474e+01
-1.842130731667137056e+01
-2.272599660301134605e+01
3.749360306026375156e+01
7.882395178034999894e+00
1.928802924688189080e+01
-4.184749458937518085e+01
4.911884657794902154e+01
2.462522198076995394e+01
4.072606945525723177e+01
4.373112897110399899e+01
-4.519697217675157219e+01
-1.260136364200800152e+01
1.365091362348711002e+01
-2.503030013175812751e+00
-4.076193590903413622e+01
-2.931679754622570577e+00
2.590271559287624115e+01
-2.959125285395344918e+01
-2.042797590859348134e+01
-1.016994019715880171e+01
4.515368866787126478e+01
-9.920120778982971288e+00
-1.112342164249227849e+01
-1.808881186302339827e+01
-4.873843188247403191e+01
-3.206636263599281023e+01
4.911391783957914470e+01
-9.506244015232351074e+00
-1.702846976171723270e+01
4.852205266315866794e+01
-4.412787038453525668e+01
-7.489193201386725285e+00
1.317492141114010096e+01
4.694468197819239208e+01
2.391410996327671512e+01
2.716622332682331020e+01
2.669500420123975815e+01
1.449053648902538072e+01
4.251305581680679957e+00
-3.036391184321292958e+00
-2.119631255051798391e+01
4.976959936857994649e+01
