-2.861916937309268150e+01
-1.589874926337706640e+01
-3.432340982073050384e+01
-4.591050907751166221e+01
-1.787033883061036121e+01
2.564533248942997901e+01
2.467355659212892860e+01
1.129833410376736502e+01
-1.189273128343733887e+01
-1.013629776720597508e+00
2.345336006567416476e+01
-3.142997132842025820e+01
-8.989119244313638291e+00
5.781336100161143854e+00
1.587855547436017645e+01
-2.162647732051359739e+01
-4.318614265452244894e+01
3.242410526536461557e+00
3.131247809936932214e+01
-2.993094665518648867e+01
2.537973483101320582e+01
-1.880308464621168696e+01
1.976415478208468812e+01
-2.435437278181493781e+01
3.040774880861215479e+01
7.059007484701350421e+00
-1.248465409723858599e+01
3.172633573571108911e+01
-3.594927342617124566e+01
-3.437814781607283976e+01
-6.006695542206457183e+00
4.160123037560319403e+01
1.790216820139274745e+01
3.636680941221385410e+00
1.068956483235539068e+01
3.411111709187024132e+01
2.369516069146221682e+01
2.459067086286965775e+01
3.435091206217231274e+01
-3.607780925233925728e+01
2.832246064703519650e+01
-2.808560834137632245e+00
2.822001478816237352e+01
2.096608142213435144e+01
1.955277563738702318e+00
1.517200679929813134e+01
-5.292545094600606959e+00
3.952242751323731795e+01
1.189279309084760961e+01
-4.928606137470486459e+01
2.089607159669534653e+01
4.799495760313296699e+01
-4.267562814866371212e+01
-2.679577509429270776e+01
2.643157140884754952e+01
3.054631152010946948e+01
3.768587136780492131e+01
-4.623429290549484705e+01
-1.840305794436512699e+01
-2.289850037454571563e+01
3.765228428262354043e+01
7.999343560374799544e+00
1.920657175517493442e+01
-4.200549730387655245e+01
4.895390580239317302e+01
2.454167228359373354e+01
4.059581712296298406e+01
4.382419184453225114e+01
-4.539433201164162313e+01
-1.235713985882622623e+01
1.376845514177788488e+01
-2.498456208980869953e+00
-4.079517169081747596e+01
-3.062047955847079894e+00
2.577724621801885974e+01
-2.969690100688656642e+01
-2.033730894317168492e+01
-1.025526668133935360e+01
4.508099592587610260e+01
-9.812152003739477379e+00
-1.103029139927446423e+01
-1.825519589075885918e+01
-4.873428537794809756e+01
-3.227840491014912772e+01
4.889995220153213751e+01
-9.349325279072871808e+00
-1.717937858661531791e+01
4.828895838020980591e+01
-4.411225110575973929e+01
-7.307515397832590409e+00
1.317113501605246029e+01
4.698568000715567905e+01
2.384889003374860295e+01
2.734249521260463212e+01
2.665539627078992879e+01
1.453067047428812941e+01
3.978255235050182304e+00
-3.123097025269438110e+00
-2.117632225026813586e+01
4.981825572186742335e+01
