-2.865934710764740245e+01
-1.605350380206383321e+01
-3.422025551652109954e+01
-4.575049416982984951e+01
-1.796006655097953697e+01
2.588085720311124760e+01
2.467485717247345534e+01
1.118751862400317698e+01
-1.209232644533842382e+01
-1.044836893864566241e+00
2.332001433482261632e+01
-3.147275062245881472e+01
-9.041245368969768492e+00
5.765995211740429838e+00
1.580057081881006020e+01
-2.168110401817333965e+01
-4.355501142706444284e+01
3.447574787465577106e+00
3.101860260954754978e+01
-2.986152317333191775e+01
2.538206414518467113e+01
-1.864249954270234966e+01
1.979685526929348427e+01
-2.445465781832578500e+01
3.023197194825931788e+01
7.036178905891274482e+00
-1.256968243909420480e+01
3.181858740959766507e+01
-3.581758628644032427e+01
-3.439677458713160263e+01
-5.922624654600272542e+00
4.163188628167873873e+01
1.785788892020860175e+01
3.648214550888362329e+00
1.072584514239180820e+01
3.417580493301315414e+01
2.375471207229759685e+01
2.471076889688568912e+01
3.423499556939849953e+01
-3.625771756690161851e+01
2.846839481855301557e+01
-2.936150463462559035e+00
2.829829034067021354e+01
2.103417946415684625e+01
1.784209652691198578e+00
1.526835328363686628e+01
-5.440072179059253443e+00
3.974034313383283745e+01
1.187869288858091465e+01
-4.930509396853986459e+01
2.061502268339743438e+01
4.803916153603653072e+01
-4.269268688469703932e+01
-2.685723791002555672e+01
2.640562073542628241e+01
3.043885397852013242e+01
3.781501143218476813e+01
-4.624504493220731405e+01
-1.833840728296894085e+01
-2.269431648401990742e+01
3.759321296828465364e+01
7.974870945570037506e+00
1.941483917961999950e+01
-4.198695694800520783e+01
4.898854022595980950e+01
2.456665379822203121e+01
4.060176153925831244e+01
4.408339104902770345e+01
-4.518125134554056643e+01
-1.253553923900533817e+01
1.378824371360536283e+01
-2.561366543281614838e+00
-4.081894615526136505e+01
-3.059982720534544676e+00
2.586370755944833633e+01
-2.970378597502182316e+01
-2.054637053355431675e+01
-1.041186127289982366e+01
4.540778435535362689e+01
-9.793249282155422009e+00
-1.104846732469597370e+01
-1.822538793310421212e+01
-4.870574323827048602e+01
-3.232369143764363173e+01
4.896583424792638084e+01
-9.420443377618797243e+00
-1.709222690074855677e+01
4.839046753193927231e+01
-4.393484648820766125e+01
-7.448660991305366963e+00
1.341816523743796274e+01
4.704928389990689652e+01
2.376464352306369321e+01
2.710131589683543041e+01
2.692070829769281204e+01
1.474779953875627392e+01
4.009868474185429577e+00
-3.094805686243574439e+00
-2.115364312851987449e+01
4.976486117388877517e+01
