-2.905758547895842980e+01
-1.455779417590477287e+01
-3.682270369537549470e+01
-4.520546622286056504e+01
-2.058872521149841361e+01
2.319557072728750313e+01
2.581190264174865234e+01
1.181302650522785669e+01
-1.560703312366403317e+01
-1.682607386813561590e-02
2.406299565770326510e+01
-3.075809384581576111e+01
-6.200103448843730547e+00
8.868621299579627859e+00
1.632353944042888116e+01
-2.121631593426180373e+01
-4.078939418011579221e+01
7.357597203398885455e+00
3.107737632724953514e+01
-3.079068141802646608e+01
2.426788551694552609e+01
-1.542076471966340989e+01
1.690249853566426452e+01
-2.445495622924203261e+01
2.957932438333269687e+01
7.186285950476729134e+00
-6.705392896385968804e+00
3.337498742000008178e+01
-3.511150015781749545e+01
-3.471785075050867420e+01
-5.480656911704342882e+00
4.361961065114036984e+01
1.612967732884089500e+01
8.206825085604746439e-01
1.143095715342805896e+01
3.310432980510667278e+01
2.436736873610287191e+01
2.600154410058462062e+01
3.444631557888652651e+01
-3.392506151819352311e+01
2.648030370900547581e+01
-4.662399697571723678e+00
2.674413857778855785e+01
2.051243939144261930e+01
1.327107450722148974e+00
1.720266895320136769e+01
-8.490699446686146956e+00
4.309838974581643356e+01
1.385346507754377576e+01
-4.960261392474840392e+01
