-2.913209110092418541e+01
-1.570767789540085246e+01
-3.416917458208568803e+01
-4.580828758270582313e+01
-1.807952203804284963e+01
2.572589053068534781e+01
2.471675491769427069e+01
1.121593721124136067e+01
-1.213640217023909784e+01
-9.157115566050996192e-01
2.340511304660955716e+01
-3.146489158321071145e+01
-9.066495138111358543e+00
5.734799358730302110e+00
1.568437850281684476e+01
-2.158226611143835427e+01
-4.337046517773746501e+01
3.353866790280243482e+00
3.114556991861724100e+01
-2.990419368569230940e+01
2.543294441463170585e+01
-1.867415498767609350e+01
1.974944614557025702e+01
-2.442775577822083477e+01
3.031146247676350569e+01
7.076169998472191303e+00
-1.241668347410623419e+01
3.172504536285259746e+01
-3.595444901369581459e+01
-3.430077923575036181e+01
-5.949962126683573160e+00
4.163412778592012131e+01
1.788040027238237428e+01
3.648186627619797839e+00
1.070577349203397333e+01
3.417735785791560943e+01
2.369327833781795434e+01
2.464530814985462825e+01
3.438087980944403199e+01
-3.611396415072818655e+01
2.847932454815371273e+01
-2.843522208728928025e+00
2.830492082577650592e+01
2.101054604967286821e+01
1.845663668431576587e+00
1.516378024308457917e+01
-5.468920289427518178e+00
3.968688206826641363e+01
1.171337401544676204e+01
-4.940606854581086793e+01
