-1.178096201088754746e+01
-8.639352319990127427e+00
-1.492252116014881125e+01
-1.178093933900616008e+01
-8.639412056899793413e+00
-1.178094097717353961e+01
-1.178091786881309666e+01
-1.178090686985614788e+01
-1.178096076552522220e+01
-1.178090920992498525e+01
-1.178093892878091253e+01
-8.639370911479289816e+00
-8.639328040676247156e+00
-1.178099297031498693e+01
-1.492249479553204949e+01
-1.178100061664052589e+01
-1.178094288832536485e+01
-1.178093490049953118e+01
-1.178095878908639094e+01
-1.178090193766557370e+01
-8.639431228173826582e+00
-8.639355561077369572e+00
-1.178091395168346267e+01
-8.639444663344150399e+00
-8.639314026631717880e+00
