-2.694053335510730207e+01
-1.636576905488733047e+01
-3.330795051955586672e+01
-4.525416370547898737e+01
-1.919247147399281062e+01
2.594230259954533935e+01
2.649939929025586238e+01
1.040288786619017891e+01
-1.104502387688919995e+01
6.305093267516174826e+00
2.151884622333056996e+01
-3.521771440032515699e+01
-4.091236567558184767e+00
8.891993679939410811e+00
1.083425105056769056e+01
-2.057295868187591736e+01
-4.572923872441919002e+01
9.768960325696546931e+00
3.467456141427823013e+01
-2.954206201714014313e+01
2.668563212051909517e+01
-9.855157433164094982e+00
1.834153006112505579e+01
-1.993101478253003478e+01
2.992299135445693281e+01
1.304518578708807830e+00
-1.485797259276688465e+01
3.308555779153121534e+01
-4.146784612174173645e+01
-2.606772098966167661e+01
-5.434517315891550737e+00
3.914446286579416068e+01
1.428808478952487349e+01
6.281881263950687355e+00
1.399044744829717324e+01
3.139568478284814290e+01
2.623433891788200967e+01
2.461246556107393602e+01
3.843852623171171956e+01
-3.331756827508174013e+01
2.586332667974527055e+01
-2.165852754515054102e+00
2.563416080937398434e+01
1.689356923525479104e+01
6.047320075204316581e+00
1.429363327056575272e+01
-1.366455067178883631e+01
4.030757952808031064e+01
1.510410090995686794e+01
-4.919229596606741950e+01
