-2.425298186010503443e+01
-1.628117867594101398e+01
-3.167673372371435647e+01
-4.447684936140536394e+01
-1.924521346907996389e+01
2.697353648633622214e+01
1.953034251163820301e+01
1.154818706978529264e+01
-1.150634272958102144e+01
4.701435830457284304e+00
2.007778931086361141e+01
-3.558011773072942674e+01
-7.829828306748446209e+00
7.610476272164192757e-01
1.487243581000552517e+01
-2.121238572896566765e+01
-4.292510674589038899e+01
-4.457965781207194889e-01
3.321197896250733095e+01
-3.274745079341179377e+01
2.542061908163540807e+01
-1.737760898124711773e+01
1.831748134320363519e+01
-2.119825679671254193e+01
3.145599911240791258e+01
1.413874390556193994e+01
-1.293325381133305996e+01
3.171481407287011578e+01
-3.735851643977751024e+01
-3.293951109124311216e+01
-7.984587275684692287e+00
4.125644652162444714e+01
1.808389072639413797e+01
-2.974900937212701102e+00
1.407346912130807937e+01
3.380330818430853412e+01
2.134173055864289381e+01
2.990635101876862478e+01
3.997739310805371815e+01
-2.747306950549405258e+01
2.615594833254761653e+01
-5.579893475748632703e+00
3.206681272486871848e+01
1.799156583936014542e+01
3.781803195534346962e+00
1.803185268426898702e+01
-3.324741774670308292e+00
3.546236708691817086e+01
1.419623083667531027e+01
-4.465842158495019021e+01
