-2.795766028394700342e+01
-1.374944601943050593e+01
-3.818162737668875906e+01
-4.314099204513739494e+01
-1.735367616554037440e+01
2.501617804743974105e+01
2.845907372918277289e+01
1.220626922889727517e+01
-9.857267563084842976e+00
-4.381609827483384123e+00
2.704554492653697295e+01
-2.892047535052403617e+01
-7.317627390874059223e+00
7.698022173292390136e+00
6.435610083260791647e+00
-2.823188229924858206e+01
-4.212034564595439434e+01
6.429357495966948832e+00
3.375313323904856588e+01
-3.029971277195082280e+01
1.522288639179985559e+01
-2.615203167196644074e+01
1.485005541719823441e+01
-1.770465040501262521e+01
3.753658672309448718e+01
3.540701062272001653e+00
-1.276050420821787057e+01
2.559055715985996216e+01
-3.074009074621192639e+01
-3.600114443027825217e+01
-1.264205370025608133e+01
4.680381399603482606e+01
2.056314728952251869e+01
-2.231073869654327524e-01
6.987432579724731418e+00
3.260227658360363279e+01
2.288121773302564321e+01
2.277135799151970375e+01
3.078257624470924725e+01
-3.524804781952190780e+01
3.009302316323140047e+01
-4.225934532745393213e+00
1.833184599178053986e+01
2.623555693905360542e+01
-1.833243834419383100e+00
2.239157876914715928e+01
1.757249219288182118e+00
4.595000545850123075e+01
9.740794022756382731e+00
-4.761330951616528750e+01
