-2.857287749405692878e+01
-1.602069215897793697e+01
-3.426735019574408625e+01
-4.581811215799142900e+01
-1.807978096112843147e+01
2.572567894152391332e+01
2.471656392937255120e+01
1.121571951272398060e+01
-1.213661714585428264e+01
-9.155066601716613794e-01
2.340530969261698147e+01
-3.146470657501906132e+01
-9.066299401496763721e+00
5.735014593793260396e+00
1.568416697887800737e+01
-2.158247352649772210e+01
-4.337023138231045039e+01
3.353632163162191038e+00
3.114533338538977958e+01
-2.990395087021075327e+01
2.543268924305254330e+01
-1.867392972415612107e+01
1.974923089791268893e+01
-2.442752400650079991e+01
3.031124013467277933e+01
7.076415690142359161e+00
-1.241641402385218740e+01
3.172483245842423472e+01
-3.595470367407777701e+01
-3.430051218687368930e+01
-5.950190419001487818e+00
4.163390343580621078e+01
1.788017873091734700e+01
3.647973403353423461e+00
1.070598803765781248e+01
3.417760189744540611e+01
2.369305346777767340e+01
2.464509172916180191e+01
3.438064708037362749e+01
-3.611374661480267179e+01
2.847953613676043716e+01
-2.843728557694547021e+00
2.829985670760446936e+01
2.101032312730973572e+01
1.845463150466334357e+00
1.516357854886620871e+01
-5.468721757065813094e+00
3.968670072832682649e+01
1.171355234335125317e+01
-4.941107407992385703e+01
2.073509630419108873e+01
4.802637600176077370e+01
-4.279755094459483900e+01
-2.678821582774356713e+01
2.648576188510449470e+01
3.041237527455308864e+01
3.774266454217288924e+01
-4.626394065956586843e+01
-1.839456150098131459e+01
-2.268409151696245019e+01
3.751905242346910541e+01
7.855536117222208681e+00
1.926812284373665918e+01
-4.202561088123119504e+01
4.896307473261161647e+01
2.461281094607811681e+01
4.058018495914394208e+01
4.402366854104749194e+01
-4.531879981640486932e+01
-1.255021615698835191e+01
1.379595325743622425e+01
-2.560425309941293026e+00
-4.083788475108504912e+01
-3.029882186907397301e+00
2.590618078977674088e+01
-2.964044711640901397e+01
-2.036560939659267788e+01
-1.032501209066473891e+01
4.527341821092201712e+01
-9.840186291806602981e+00
-1.111151018221744735e+01
-1.823645638845537675e+01
-4.879068418436291665e+01
-3.230855110180726086e+01
4.906478957230802251e+01
-9.465411996695202390e+00
-1.702629695309838453e+01
4.844474695748998982e+01
-4.403309806215155930e+01
-7.477364037957857867e+00
1.331788785810594433e+01
4.697544920590148365e+01
2.382466454661831534e+01
2.720392157858686133e+01
2.677428516551496429e+01
1.466167849171471183e+01
4.063552219806028987e+00
-3.106116698455680059e+00
-2.122634211371209645e+01
4.980461843128119170e+01
