-2.857287676194507853e+01
-1.602069291968702913e+01
-3.426735013111593275e+01
-4.581811210572264770e+01
-1.807978114426497029e+01
2.572567904697573482e+01
2.471656391695169575e+01
1.121571948750429470e+01
-1.213661711213644345e+01
-9.155066607778497012e-01
2.340530968507286147e+01
-3.146470652641250609e+01
-9.066299489220066121e+00
5.735014627450690128e+00
1.568416703725249839e+01
-2.158247360617554378e+01
-4.337023133884408566e+01
3.353632241430419381e+00
3.114533337355962672e+01
-2.990395111072574608e+01
2.543268934937425030e+01
-1.867392970584230127e+01
1.974923093648395778e+01
-2.442752401637141446e+01
3.031123768054550283e+01
7.076420656043865165e+00
-1.241641672441760313e+01
3.172483307914994910e+01
-3.595470423457843623e+01
-3.430051209191225325e+01
-5.950190404430852453e+00
4.163390342866146199e+01
1.788017874257756290e+01
3.647973509791930802e+00
1.070598803568080193e+01
3.417760167806986971e+01
2.369305364498944755e+01
2.464509163950070203e+01
3.438064710216029596e+01
-3.611374655609203899e+01
2.847953615108446357e+01
-2.843728668802157244e+00
2.829985675778816301e+01
2.101032317634545876e+01
1.845463123768431357e+00
1.516357855220179651e+01
-5.468721725719161597e+00
3.968670065671920355e+01
1.171355233782471572e+01
-4.941107407088624370e+01
2.073509625436325621e+01
4.802637618088214566e+01
-4.279755112258505534e+01
-2.678821571332088425e+01
2.648576186432230628e+01
3.041237526115663314e+01
3.774266452176967590e+01
-4.626394065000727096e+01
-1.839456148866617724e+01
-2.268409153017816138e+01
3.751905241577927796e+01
7.855536154186181008e+00
1.926812280166511826e+01
-4.202561085471534597e+01
4.896307475730832692e+01
2.461281088634902048e+01
4.058018499284878544e+01
4.402366852368932371e+01
-4.531879981181867123e+01
-1.255021614356518356e+01
1.379595324270910872e+01
-2.560425301795405506e+00
-4.083788474840498139e+01
-3.029882195000513700e+00
2.590618078106267674e+01
-2.964044709413441581e+01
-2.036560941117381418e+01
-1.032501208207459698e+01
4.527341821131042110e+01
-9.840186297331328547e+00
-1.111151018819505332e+01
-1.823645637837613265e+01
-4.879068420188632871e+01
-3.230855107927854419e+01
4.906478956107577005e+01
-9.465411990381884522e+00
-1.702629695318313452e+01
4.844474694260878067e+01
-4.403309804374448788e+01
-7.477364041121218108e+00
1.331788785343532133e+01
4.697544920348461517e+01
2.382466455207529066e+01
2.720392157920775134e+01
2.677428516635725586e+01
1.466167848669822860e+01
4.063552236078147750e+00
-3.106116727832622271e+00
-2.122634209787534232e+01
4.980461843059706695e+01
