-2.670952844239985069e+01
-1.743673097551476303e+01
-3.295119476378376078e+01
-5.093531776417416523e+01
-1.922423380993574682e+01
2.778106971568768557e+01
2.524777248053025502e+01
1.064333377403503000e+01
-1.083557085456414981e+01
-3.800827867867926813e+00
3.031827296210753886e+01
-2.894414148613581261e+01
-9.434625376485406889e+00
4.911146595394025205e+00
1.474371864249945574e+01
-2.344031782349937743e+01
-4.406146374845776137e+01
4.475845915882307402e+00
2.986735601365485948e+01
-2.717421467158685289e+01
2.602554797146758148e+01
-1.955699044257129060e+01
1.929011324483273171e+01
-2.438802250105010927e+01
3.028877611935472913e+01
7.353163363865434121e+00
-1.197693191016303160e+01
3.170876169292291991e+01
-3.497348113207124243e+01
-3.507729637158332281e+01
-4.967235555021800586e+00
4.414251099917980525e+01
1.797471907485405040e+01
5.532522668986465497e+00
1.363306113750396875e+01
3.559767872296500002e+01
2.309000231867921116e+01
2.584050751410797986e+01
3.376547874786393777e+01
-3.791379172955156207e+01
3.025902408547113254e+01
-5.750690511528091520e-01
2.694730711351481034e+01
2.095142924204290935e+01
-2.392457467984783648e+00
1.385011329826780724e+01
-9.375521498294109080e+00
3.786168859237743334e+01
8.915757754189820972e+00
-5.390979370144785321e+01
