-3.105889718672790067e+01
-1.320688799216856069e+01
-3.520141695834968232e+01
-4.226154365623995091e+01
-1.621096179481586219e+01
2.666921809648322039e+01
2.294904984938938242e+01
1.194354933583299960e+01
-1.221804005505273949e+01
2.709044069251773657e-01
1.581985637780640275e+01
-3.757801398837197837e+01
-9.951966197849289486e+00
6.469285771684796238e+00
2.025204497395905534e+01
-1.687375616928262900e+01
-3.804974219401614732e+01
3.325710387809341917e+00
2.751836524081322111e+01
-3.269927142934565012e+01
2.652776847385995751e+01
-1.891501826570920031e+01
1.611079552760042333e+01
-1.978381528223544805e+01
3.466886970193485951e+01
4.769558325601739313e-01
-7.674980052512321294e+00
3.756169693442628699e+01
-3.428715576418915845e+01
-3.532195812696372883e+01
-3.240073630251444570e+00
4.048270144757429989e+01
1.833743679028356155e+01
-1.931153245044314737e-01
1.077867380684240040e+01
3.673805399970878938e+01
2.083376765915804896e+01
2.397330259001319774e+01
3.599573623567091119e+01
-3.535971051283794253e+01
2.291810815580531369e+01
6.071134994605977830e-01
2.524911496252761722e+01
2.330213340994254168e+01
6.630871345547395546e-01
1.622572193260545959e+01
-5.093957172862106475e+00
4.427730570846877356e+01
1.288854548383065790e+01
-4.475252306381837286e+01
