-3.419862127447934341e+01
-1.954537522019552398e+01
-3.311650299062117142e+01
-4.078202702159912718e+01
-1.680885643933971707e+01
2.327876955282461324e+01
2.246519737365325753e+01
1.160429584634624334e+01
-1.120523285846399020e+01
-1.781715877277735949e+00
2.196617275163274030e+01
-3.492000324648951448e+01
-7.911667908406504246e+00
5.589061997326927766e+00
1.610991073206663060e+01
-1.989650271987217067e+01
-4.354127430937985110e+01
1.925432837392344609e+00
2.971720688807751642e+01
-3.334768361793371838e+01
2.379080097924241954e+01
-2.067033503402590000e+01
1.710739818924213296e+01
-2.541182760232252491e+01
3.171193215658393072e+01
7.986700303257851630e+00
-1.028206256757360748e+01
3.717559893149255856e+01
-3.708894144456113651e+01
-3.640114073380896542e+01
-9.907152435350607078e+00
4.312862137117853933e+01
1.851911006418414374e+01
6.366348260863908592e+00
7.321774288208695580e+00
3.538484945520825420e+01
2.741406801393153003e+01
2.417031412495393283e+01
3.370188784333146259e+01
-3.423635368194262441e+01
2.870507802360280891e+01
1.406384731586856063e-01
2.622706272764741442e+01
2.043453152909967230e+01
9.033712434577223505e-01
1.581981139396947711e+01
-2.843364119083492625e+00
4.935378140761750387e+01
1.109614853269160939e+01
-4.545331561493035366e+01
