-2.657295372490875351e+01
-1.602069292011783830e+01
-3.426735013402733188e+01
-4.581811209879946034e+01
-1.807978115569724054e+01
2.572567903477878559e+01
2.471656391519616847e+01
1.121571948133471608e+01
-1.213661710612215394e+01
-9.155066618258171918e-01
2.340708250698737913e+01
-3.146659803563773039e+01
-9.066118423839972351e+00
5.734490707801128018e+00
1.569745517811976754e+01
-2.158414753207143377e+01
-4.336926475251019752e+01
3.358160037637999196e+00
3.114533335698954986e+01
-2.990395088944844559e+01
2.543268921179586073e+01
-1.867392972572741172e+01
1.974923095848525634e+01
-2.442752401667913631e+01
3.031123769697623160e+01
7.076420612016766754e+00
-1.241641670953494980e+01
3.172483307109507322e+01
-3.595470423547384797e+01
-3.430051214609247268e+01
-5.950190288318547793e+00
4.163390336275960379e+01
1.788017874572692634e+01
3.647973515842062753e+00
1.070598805111943363e+01
3.417760167004353633e+01
2.369305365686955156e+01
2.464509164124290308e+01
3.438064711446158839e+01
-3.611374658913862135e+01
2.847953611292626874e+01
-2.843728554857481772e+00
2.829985668002375832e+01
2.101032318581228608e+01
1.845463126928864162e+00
1.516357855317620995e+01
-5.468721726002843120e+00
3.968670065182357831e+01
1.171355234320598093e+01
-4.941107406978082395e+01
2.073509619780725544e+01
4.802637624761789681e+01
-4.279755115060032722e+01
-2.678821569424933102e+01
2.648576186451212067e+01
3.041237525922604590e+01
3.774266452317404941e+01
-4.626394064325249644e+01
-1.839456148644685385e+01
-2.268409153162978242e+01
3.751905241427061100e+01
7.855536150917017402e+00
1.926812279532924066e+01
-4.202561086183897032e+01
4.896307472555028539e+01
2.461281095435812460e+01
4.058018496003037257e+01
4.402366850884732941e+01
-4.531879982739206980e+01
-1.255021614117261386e+01
1.379595324696285452e+01
-2.560425289289426143e+00
-4.083788475848099608e+01
-3.029882204423896663e+00
2.590618077543108200e+01
-2.964044710927874604e+01
-2.036560939839488071e+01
-1.032501208792708525e+01
4.527341821635255315e+01
-9.840186288002959358e+00
-1.111151020396242295e+01
-1.823645638087291232e+01
-4.879068421881123641e+01
-3.230855108759396188e+01
4.906478957555962950e+01
-9.465411992572118294e+00
-1.702629694904071656e+01
4.844474693915238106e+01
-4.403309803064043138e+01
-7.477364027829817239e+00
1.331788786613116926e+01
4.697544919120345952e+01
2.382466455828366492e+01
2.720392157029480984e+01
2.677428517052618773e+01
1.466167849394544298e+01
4.063552238911715797e+00
-3.106116730643138091e+00
-2.122634208322985927e+01
4.980461842294728569e+01
