-3.015114027641977401e+01
-1.612808231530545200e+01
-3.487974557033690104e+01
-4.594853378840516456e+01
-1.761990047260318448e+01
2.457202678061475254e+01
2.601568515221913458e+01
1.120191987885675111e+01
-1.313002181451341954e+01
-1.417137092440212243e+00
2.328743243793245199e+01
-3.221889431016901284e+01
-9.760695672373429943e+00
5.997182174868665783e+00
1.629128561595664237e+01
-2.111325225902348279e+01
-4.504447682356617833e+01
4.243447072967401645e+00
3.052929602713338397e+01
-2.950151278353659023e+01
2.748970154852410630e+01
-1.834515432097304100e+01
2.024470314244731384e+01
-2.304232813877773367e+01
2.910164104698520404e+01
7.982048152904077654e+00
-1.416515932703841685e+01
3.134295127178212326e+01
-3.693676477560782700e+01
-3.525039116792034122e+01
