-1.987561329251938402e-01
3.672215050538603975e+00
1.279073513116176342e+00
1.413176819437881759e+00
3.267636602286549063e+00
4.143444543424697812e+00
-4.260068992715775771e+00
-2.728455681283693313e+00
4.939089706315822781e+00
4.391431323847453605e+00
2.534677078319083066e+00
-1.517409053347700709e+00
-7.430260809396321831e-01
2.375572056490277362e+00
4.257906444479344188e+00
-4.958061276285162577e+00
-1.832472822194619377e+00
4.052956222777559070e+00
-3.901437308474834609e+00
-2.595274913982776432e+00
3.227147321976540972e+00
1.958105546859109092e+00
-1.440293640773054051e-01
3.147836904477071318e+00
-2.052516710687555701e+00
3.252401605082777980e+00
-1.398388301478762807e+00
-3.458626179566368197e+00
-1.370549952594642296e+00
6.757012047291997447e+00
5.960328219709369879e-01
2.690457313920753712e+00
3.147830796351076099e+00
1.167738478241879596e+00
-4.176580031539227633e+00
1.308127083376577460e+00
-4.618529139370727954e+00
-5.666986500234393320e-01
-3.612078700087259620e+00
1.113356979881044539e+00
-2.859970141721063897e+00
3.210613701164151124e+00
2.685502234318579706e+00
-3.315114929586550740e+00
2.593005842739795952e+00
3.127326042203775636e+00
3.306718115463772367e+00
-1.347020430852746697e+00
3.915784707199445158e+00
-4.843897233165800564e+00
