-1.345724007292925428e+01
-1.610549465251117240e+01
1.308642866370698776e+01
-3.009573355786614002e+01
-4.792690774150641886e+01
-2.668184861876929936e+00
4.352956035507930466e+01
-2.135163216832401289e+01
-6.062000917286969326e+00
-1.510706995591912261e+01
3.687031356649796976e+01
5.737557181140017448e+00
2.791016629309565289e+01
-2.233378657252906407e+01
4.814645969991430263e+01
1.046359532191026176e+01
1.073210571015246728e+01
3.309728257216306702e+01
-2.860506768386361642e+01
-1.773960519771438982e+01
4.424520786386088389e+01
3.177404895860626510e+01
4.386131142970035768e+01
3.532152890175572679e+01
4.685917395484968040e+01
1.529404284603028863e+01
4.335070883476796411e+01
3.880012095546788942e+01
4.753656634756457322e+01
-4.062648543846823657e+01
1.515290319304057221e+01
-1.456645602082954483e+01
3.454966476734415437e+01
1.792285935357700311e+01
1.640725330979601893e+01
-1.952867374626246288e+01
4.126142318399726605e+01
3.796520925028455196e+01
1.258233716988377537e+01
4.691780451172364308e-01
2.378974600470657119e+00
4.298198650037690527e+01
1.941154280863002235e+00
-1.850214821966388357e+01
-9.551561069575317475e+00
3.679352015380734287e+01
-4.268714090718842158e+01
9.911307123772626682e+00
-1.940424323193667533e+01
-3.497643810535871722e+01
