-2.695792495384030119e+01
-1.725681209597681942e+01
-3.551686291355598257e+01
-4.782838244606827516e+01
-1.579222261957125717e+01
2.751019485680792087e+01
2.159264396363562355e+01
6.540745909287287496e+00
-1.142164807058031251e+01
-2.681785472429056405e+00
2.469808489374442217e+01
-3.537143128803007386e+01
-1.003992201283849894e+01
8.035068937585201354e+00
1.105797414399076573e+01
-1.709914885024789655e+01
-4.343586775182323834e+01
4.933817921961447084e+00
3.708515803200653238e+01
-3.212948282745819739e+01
2.375754290998801821e+01
-1.741746094365753095e+01
1.818860166735500172e+01
-2.764052748669678294e+01
3.127326993339108441e+01
8.250514170805324454e+00
-9.491241100666183428e+00
3.287606767239448402e+01
-3.560199886879714626e+01
-3.561653734736881916e+01
-5.282128843758003178e+00
4.015960333627143797e+01
2.042592896501976441e+01
5.358480406138468766e+00
9.832284104892872634e+00
3.539953099880689535e+01
2.443925559324315699e+01
2.027122142323477405e+01
3.850873200534020668e+01
-3.491228825952461534e+01
2.489066568243541511e+01
-1.743753911754746255e-01
2.839122064512348942e+01
2.186182009864487696e+01
3.901984529728278694e+00
1.009348272107899191e+01
-7.199721135043083642e+00
3.777739795378987964e+01
1.243230434859137290e+01
-5.011849115288350731e+01
1.946592036115029245e+01
5.329162603279421973e+01
-4.382100568564417387e+01
-2.571429832773638680e+01
2.693539313019719117e+01
3.124507549442626342e+01
3.718766061159274727e+01
-5.030395977328030455e+01
-2.015830232646183617e+01
-2.291868281384506290e+01
3.689211464796390061e+01
9.286204728163401256e+00
2.248062543829938420e+01
-3.927484767913848174e+01
4.900899928645596049e+01
2.293817797302473238e+01
3.969323313929295693e+01
4.579314894324172514e+01
-4.574132313651067960e+01
-1.154974550335798789e+01
1.254362034908922219e+01
-5.004454795040251369e+00
-3.909337932062722132e+01
2.965136062589526222e-01
2.575638068120444402e+01
-2.813147991995850106e+01
-1.942620324069628879e+01
-9.788740558832195404e+00
4.237985343739524779e+01
-1.018910042868782995e+01
-1.313501483594619579e+01
-2.108056629110237878e+01
-4.944704895398849231e+01
-3.009848083906035043e+01
4.974042857375765436e+01
-8.471461915226973005e+00
-1.711884445079573069e+01
4.778364005346149668e+01
-4.712890077274362710e+01
-6.925335032069535046e+00
1.408750692942465044e+01
4.459847753415991889e+01
2.245400323603650250e+01
2.657376017122435030e+01
2.903336033723762100e+01
1.242564293971462774e+01
3.144628917167028970e+00
-1.398684124071792212e+00
-1.718006560871025812e+01
5.351012685197683538e+01
