-2.997064838967659739e+01
-1.809089106971044458e+01
-3.514790143663163491e+01
-4.240935265719703295e+01
-1.727455557771367367e+01
2.410059522113291308e+01
2.467547013336126227e+01
1.397056635626279686e+01
-1.106279602203223433e+01
-3.117609638751988044e+00
2.802907461615242823e+01
-3.305793399135225030e+01
-1.197385217546375635e+01
6.626194607549077631e+00
1.246333246491531277e+01
-2.388248736895367585e+01
-4.113253410764558282e+01
4.126600896366070970e+00
3.334870015184223746e+01
-3.228433427688255364e+01
2.541000785388424532e+01
-1.991337109466288169e+01
1.617276844899254584e+01
-2.191160997721231496e+01
3.093175759044897077e+01
6.484706275183616420e+00
-1.435792129466849865e+01
3.261917417251827089e+01
-3.655654727684112260e+01
-3.503111789454939640e+01
-8.342444534299897185e+00
3.967228025796220692e+01
2.077969894227394576e+01
5.462874165058853926e+00
1.230730744179430758e+01
3.464612644624479287e+01
2.058741121873578805e+01
2.580265599845053615e+01
3.379043872240897883e+01
-3.740837224956777618e+01
2.607945385197834653e+01
-3.455662324698076215e+00
2.906364112549098877e+01
1.815279650656197674e+01
7.579012763372501293e-01
1.398849009405035204e+01
-7.519494966898305321e+00
4.202035112507146408e+01
1.183908889336824899e+01
-5.415787957617015280e+01
1.802128834030469662e+01
5.112706076214503526e+01
-4.291254691835094093e+01
-2.844770376818715718e+01
2.709020668093721085e+01
3.415052163473295366e+01
3.445252424697237359e+01
-4.667652240884897452e+01
-1.649699356614463497e+01
-2.436855945086518105e+01
3.753683022845765294e+01
7.980050092274360907e+00
1.929058090703462014e+01
-4.471633534590434778e+01
4.733542639717921929e+01
2.326213452333255916e+01
4.305276563620427055e+01
4.257527456755598649e+01
-4.575541449284544626e+01
-1.536063660715585577e+01
1.241449751459573037e+01
-3.898761307958615863e+00
-4.261498243936544128e+01
1.420253251266231587e+00
2.839062310974846426e+01
-3.121387570897501362e+01
-2.286915732994799910e+01
-7.700307737895373705e+00
4.435010625939517581e+01
-1.225722519637293928e+01
-1.519871640793491885e+01
-1.518065244316198559e+01
-4.972693994894174097e+01
-3.154587779756036880e+01
4.879189384313063726e+01
-3.620076252707125075e+00
-2.073665620536898047e+01
5.184944796238126230e+01
-4.259203944080208970e+01
-6.237099032248686115e+00
1.365202120164079069e+01
4.843531601096537287e+01
2.184069285484636680e+01
2.320636238250207484e+01
2.151532522778695267e+01
1.649684776659157848e+01
3.395404296201958605e+00
-2.472663106230955421e+00
-2.153889414549816195e+01
4.715311938278104265e+01
