-2.857666853293264708e+01
-1.345742844474276723e+01
-3.435612407149531577e+01
-4.860976017126944271e+01
-1.338854689993926783e+01
2.611212725311179028e+01
2.817139247082570463e+01
1.027785132139058888e+01
-1.490942313757863857e+01
2.201029188354456378e-01
2.254225867456739252e+01
-3.258247620738904260e+01
-7.500968247752549445e+00
8.240203442440090953e+00
1.464763888901235767e+01
-2.260045813175758767e+01
-4.571949664404073843e+01
-8.422828686847247948e-01
3.229470032672696789e+01
-2.906756458780879271e+01
2.526409416134969632e+01
-1.712175301994176380e+01
2.189231291896385656e+01
-2.576737461796847128e+01
3.346194271949118360e+01
7.812163961348919550e+00
-1.168383744831354853e+01
3.030164313114496721e+01
-3.537962329553893426e+01
-3.789073946830059469e+01
-2.873829976772326766e+00
4.230418274212331653e+01
1.521552494072079220e+01
8.453334274964529271e+00
9.837176171808980740e+00
3.133469556570136660e+01
2.251496876872183606e+01
2.541207154030212934e+01
3.459414872093422133e+01
-3.751410262167832599e+01
2.850373379158398279e+01
-6.071581897109235015e-01
2.846290844768927286e+01
2.099734682088941540e+01
-3.610315175289227518e+00
1.488419925167714553e+01
-4.805021107324085605e+00
4.021730875623819657e+01
1.422950244288168520e+01
-5.149010734048502513e+01
1.864493463193290168e+01
4.856819438260374966e+01
-4.220082407927647949e+01
-2.679442036041341524e+01
2.476382983913481084e+01
3.182254584577799150e+01
3.675753240453057913e+01
-4.633489765367582436e+01
-2.215355478596253391e+01
-2.373843540263793273e+01
3.691106231084496159e+01
7.093758659050333648e+00
2.044018496683947461e+01
-4.229224948842245624e+01
4.812121527736925941e+01
2.682918892665806965e+01
3.871807209952025630e+01
4.234625878544537159e+01
-4.783598004351417643e+01
-1.230673399827590231e+01
1.488315566012848379e+01
-6.416847553700971929e+00
-4.031739765179492707e+01
-2.425961913158865002e+00
2.303145413955703447e+01
-2.986752377058511243e+01
-2.155595186095149174e+01
-7.340659705284708458e+00
4.136936942012302154e+01
-1.062655822456598109e+01
-1.033947433317178799e+01
-1.738563738557122562e+01
-4.728614283134890428e+01
-3.139070259503008486e+01
4.533978234267797802e+01
-8.101832977953220549e+00
-1.461864175841372138e+01
4.483693314769451632e+01
-4.521641335497199776e+01
-8.194321359884080280e+00
1.349576149750521026e+01
4.919854053957644169e+01
2.220381803221610539e+01
2.851556901730563354e+01
2.773882643825160699e+01
1.496085936231294156e+01
1.424073118090529277e+00
-5.229456888501338163e+00
-2.193715587967325220e+01
5.028256444192433605e+01
