-2.857225094030938450e+01
-1.873585348930224370e+01
-3.126177780579581977e+01
-4.394825442952725325e+01
-2.021733962070256041e+01
2.143504279204356422e+01
2.653981137135621182e+01
1.168155115716480097e+01
-1.122844719658057500e+01
-4.227154735594831791e+00
2.357180368638736212e+01
-2.989729245388683054e+01
-9.545803565446552952e+00
7.190313728905567636e+00
1.791700634137900039e+01
-2.230362937677917046e+01
-4.062737082998103233e+01
3.602079143978664355e+00
3.333002291141192330e+01
-3.064552781310856844e+01
2.664278308212054114e+01
-1.858770070804580143e+01
2.362418556805929981e+01
-2.549832123943210860e+01
3.292475733377894898e+01
8.272398293614831033e+00
-1.412219856705347709e+01
2.962017244842597563e+01
-3.681274980426043442e+01
-3.246844941713379740e+01
-3.651667442483264470e+00
4.163669155873942884e+01
2.125261478725990116e+01
8.366128050325587040e+00
1.034877245402147317e+01
3.103194578712534479e+01
2.457236646379329059e+01
2.726044230200866636e+01
3.544277089118394741e+01
-3.316170776122134356e+01
2.916224182716624824e+01
-3.780681105167865041e+00
2.661180670976563789e+01
1.787470409291942985e+01
9.823132379449340812e-01
1.486519718774703236e+01
-4.152641475771025270e+00
3.967534135709320964e+01
1.243509732768561094e+01
-5.004116663131773635e+01
1.911327110463320622e+01
4.662280108177633053e+01
-4.229335954375787310e+01
-2.838457472881840360e+01
2.639840433803948017e+01
3.061907015097105500e+01
4.124844954126646712e+01
-4.386705342313829448e+01
-1.670313061978054847e+01
-2.240295871219682056e+01
3.835939749039334856e+01
8.006750207001068986e+00
1.695084051804678538e+01
-4.124810189623085677e+01
4.774438540419296828e+01
2.310535708692826518e+01
4.075520956791299199e+01
4.350537158392879178e+01
-4.361070990872338626e+01
-1.275506861937229175e+01
1.424200944690774939e+01
-4.862954531809140946e+00
-4.339750427689143919e+01
-4.073179052984245985e+00
2.601029713928242160e+01
-2.856315309888407583e+01
-1.965966134535589660e+01
-9.171323244516910833e+00
4.716851842788531712e+01
-8.626620739038500574e+00
-9.542001162822232985e+00
-1.809743759847805578e+01
-4.715343288146507206e+01
-3.133256989553401084e+01
5.147134463295446238e+01
-8.599596761003136081e+00
-1.573766650469545070e+01
4.779787555564786317e+01
-4.449350342253478630e+01
-4.880620761862768830e+00
1.326066349179667192e+01
4.277948219797171703e+01
2.222337215018123047e+01
2.531520377682858935e+01
2.353162476388201441e+01
1.353238936832092776e+01
4.537417923328106450e-01
-1.462061183000078923e+00
-2.279405940608113923e+01
5.027390083655394193e+01
