-3.276478804137826728e+01
8.698061867747810538e+00
-2.445537500145964316e+01
7.749391288299706027e+00
-7.481205765757412962e+01
-3.604205876900197225e-01
1.816013261090676423e+01
-2.059696753560359994e+01
-7.671058294271068334e+00
-5.226510590820358182e+00
2.144484072551350451e+01
1.193280262106321032e+01
3.632202049223373308e+01
-3.896603478220768579e+00
4.258605761464994544e+01
-1.085345906622286805e+00
2.463301438081827399e+01
3.767687780011315368e+01
-4.878424234840921514e+01
-1.372245178037118585e+01
4.146731555189430196e+01
1.126327589284607278e+01
5.565733235009149382e+01
5.348930398017994037e+01
3.850527275859428755e+01
2.268672232647680786e+01
6.116881094396978114e+01
1.861678337769222580e+01
4.178379580402390303e+01
-3.921987606978647989e+01
