1.077674537627931528e+01
-2.781936917343107751e+01
-4.353049151089042823e+01
2.376663233292238431e+01
1.000394199509135618e+01
-4.820981590376004533e+01
3.038590008756411365e+01
-2.852595539439556305e+01
-2.893140986151341210e+01
-3.993906055577392777e+01
-2.407357875898247102e+01
-4.302284871754835649e+00
-3.813216015566771944e+01
-1.553238370718425898e+01
-1.331406957994825291e+01
-1.517695687912132030e+01
-3.602715572884402206e+01
1.264260542099377105e+01
1.123798490465775046e+01
-2.481793710933123620e+00
-7.191029349769133105e+00
4.177834274469134357e-01
-1.766616468221390335e+01
4.291974952218099304e+01
-1.919701745884065858e+01
2.867796893123987445e+01
1.975646550798370527e+01
4.224212164541577863e+01
1.887489525249955946e+01
3.529677233906522815e+01
2.459328338134747938e+01
5.391827912356522035e+00
-1.598172990636292745e+01
-4.250056283648457622e+01
-9.359581154099728906e+00
-3.907902608650794463e+01
3.934218618089055042e+01
1.958763525032870234e+01
-4.666945287755208227e+01
3.040836983164226126e+01
-1.005561935426079856e+00
-3.362793363813839420e+01
3.176355800910234706e+01
-4.871995867317309603e+01
-2.113533685710028465e+01
-4.399191840568330036e+01
-3.345964901500758515e+01
-2.754763991474887419e+01
-1.636690457146504940e+01
2.776713005261100875e+01
-2.900328603373568015e+01
-3.759516849175384579e+01
-4.691034178380340336e+01
9.524592431285634930e+00
1.488877580233519282e+01
-7.099150262355671259e+00
-1.399449422804508458e+01
-6.740884122600625972e+00
1.611868280962586653e+01
6.007767323152670258e+00
-3.526201236036929743e+01
2.844674380738479158e+01
3.839659192781773811e+01
2.283314897249334763e+01
-3.693322222271790878e+01
4.027678133267882288e+01
2.858675558062890332e+01
-2.857815206472964320e+01
-1.941966222663182862e-01
6.326554589221789371e+00
-2.229467559359509821e+01
2.694765572540239873e+01
4.709545893753865187e+01
2.922594225900160225e+01
-1.867335035528597231e+01
-3.895532898959199741e+01
-2.508775584777308154e+01
2.324684193217862216e+01
-1.912759399705402785e+01
-8.004785759724843075e+00
-3.239537160798376192e+01
2.937026120744796742e-01
4.262015173374386734e+00
-1.826682106291238483e+01
-1.545354701777637985e+01
3.966898795539862022e+01
3.825415847062251373e+01
-4.866587376228967798e+01
-1.694312834075337548e+01
-1.117600118142906496e+01
-1.382024708876012298e+01
-1.572268750420963102e+01
4.746177063094330606e+01
-9.905780375619855249e+00
1.365559535730255192e+01
2.262745894136486768e+01
-4.827744957245495527e+01
-3.916602197048177914e+01
-1.596495709279952280e+01
1.749065078992323663e+01
