-1.987561326196904399e-01
3.672215048467105003e+00
1.279073512658869261e+00
1.413176819319782895e+00
3.267636602430918469e+00
4.143444544652461481e+00
-4.260068995397157110e+00
-2.728455679455770611e+00
4.939089705832274468e+00
4.391431321863596082e+00
2.534677078849048026e+00
-1.517409055972625875e+00
-7.430260830859025667e-01
2.375572054155143498e+00
4.257906442672222624e+00
-4.958061276947328011e+00
-1.832472821164050414e+00
4.052956223899855104e+00
-3.901437307242809016e+00
5.463177406745381992e-01
3.227147321687441117e+00
1.958105546752443304e+00
-1.440293640936141650e-01
3.147836904240498335e+00
-2.052516709766525782e+00
3.252401604270821700e+00
-1.398388301758360264e+00
-3.458626180634732261e+00
-1.370549952987503595e+00
2.777228189335850139e+00
