-1.987561332022675653e-01
3.672215050441693496e+00
1.279073510107546996e+00
1.413176819618331415e+00
3.267636604487496488e+00
4.143444543749888354e+00
-4.260068992907455332e+00
-2.728455679840462444e+00
4.939089707052947809e+00
4.391431321091430640e+00
-1.445106783448624643e+00
-1.517409055581886879e+00
-7.430260832141997174e-01
2.375572054386069887e+00
4.257906445109733262e+00
-4.958061276906808423e+00
-1.832472824073386519e+00
4.052956222357365412e+00
-3.901437306714393038e+00
-2.595274913315124721e+00
3.227147320413483289e+00
1.958105546679616227e+00
-1.440293637144435535e-01
3.147836904957243664e+00
-2.052516708263932177e+00
3.252401602960898863e+00
-1.398388303726517456e+00
-3.458626181292764556e+00
-1.370549950718892074e+00
2.777228188307196088e+00
