-2.857287675745071098e+01
-1.602069291623322300e+01
-3.426735015311052024e+01
-4.581811209258197692e+01
-1.807978114865989383e+01
2.572567906487978817e+01
2.471656392842752226e+01
1.121571950607143719e+01
-1.213661708309288834e+01
-9.155066687950470516e-01
2.340530970799884258e+01
-3.146470653811674367e+01
-9.066299478031666581e+00
5.735014622798409789e+00
1.568416695029566199e+01
-2.158247354213461122e+01
-4.337023139590547771e+01
3.353632216691012413e+00
3.114533340706925202e+01
-2.990395093756788469e+01
2.543268922408521959e+01
-1.867392972795272854e+01
1.974923098867612126e+01
-2.442752406597648474e+01
3.031123775325456648e+01
7.076420649832303233e+00
-1.241641669400084425e+01
3.172483304313277230e+01
-3.595470423899620016e+01
-3.430051210522803729e+01
-5.950190249830471956e+00
4.163390331436216485e+01
1.788017872795927232e+01
3.647973532473648195e+00
1.070598803304266866e+01
3.417760168311440339e+01
2.369305368592511130e+01
2.464509164994244728e+01
3.438064708507577905e+01
-3.611374662294717552e+01
2.847953603853886051e+01
-2.843728545309971434e+00
2.829985662094964383e+01
2.101032320900683459e+01
1.845463093334014593e+00
1.516357848283642085e+01
-5.468721750509468293e+00
3.968670061464122512e+01
1.171355238095597251e+01
-4.941107401174497227e+01
2.073509627338720662e+01
4.802637631163140242e+01
-4.279755119440594058e+01
-2.678821574231186631e+01
2.648576182122827305e+01
3.041237520067092959e+01
3.774266447820503600e+01
-4.626394060641744232e+01
-1.839456141671914580e+01
-2.268409159589488056e+01
3.751905236634367213e+01
7.855536147141347847e+00
1.926812276998643370e+01
-4.202561084523974699e+01
4.896307468058583368e+01
2.461281103822856409e+01
4.058018491855344934e+01
4.402366846615445439e+01
-4.531879977970980633e+01
-1.255021606836706205e+01
1.379595330363321359e+01
-2.560425217757849037e+00
-4.083788482211703297e+01
-3.029882217583266257e+00
2.590618081712097620e+01
-2.964044702573473700e+01
-2.036560948996728015e+01
-1.032501206801210181e+01
4.527341823303110147e+01
-9.840186304480280199e+00
-1.111151018670475032e+01
-1.823645636178031282e+01
-4.879068429178209243e+01
-3.230855116436255514e+01
4.906478953564588608e+01
-9.465411921120624683e+00
-1.702629693692966484e+01
4.844474686543048847e+01
-4.403309803532807365e+01
-7.477364040927060529e+00
1.331788786949043946e+01
4.697544926329456416e+01
2.382466451391753282e+01
2.720392164763876153e+01
2.677428507805938196e+01
1.466167839636327841e+01
4.063552259422026580e+00
-3.106116742686804599e+00
-2.122634207339597978e+01
4.980461839883842856e+01
