-2.493073276375840752e+00
7.019624065004003377e+00
6.707595204859574167e+00
-9.772728098814290831e+00
-7.479926941165686571e+00
9.384271010794948964e+00
-9.520431611074476663e+00
-7.982073801731312201e+00
-6.420638311373487284e+00
8.874784045464499727e+00
-1.731711123710768963e+00
-1.704361806101267529e+00
-2.951869605893759907e+00
2.787571631972030062e-01
-4.653687470581964469e-02
8.174247441546331316e+00
-5.229707805471258020e+00
-4.671576251586015083e+00
-5.066181616483099504e+00
-8.138629523018760636e+00
-2.965201021997716069e+00
-1.690659545399869401e+00
8.008683914903453882e+00
-2.437694302489991749e+00
-5.006603885169310431e+00
-7.763319535349412881e+00
1.440809002232370205e-02
3.483883713679422289e+00
4.320542088502099531e+00
-6.633568072607681998e+00
-9.516456871814831686e+00
1.050903747585010262e+00
-1.925221476819123589e+00
-2.412743292186721178e-01
2.018135877586084259e+00
-7.608453767601731421e+00
1.140188894099309680e+00
3.164760037729646314e+00
-3.182161853884022534e-02
-1.598073195085986331e+00
-7.830680015443663322e+00
-5.471693043551494995e+00
-4.949920918399534742e+00
1.523617261594721883e+00
8.192583158080951833e+00
7.559560692207137222e+00
-3.517761506138445959e+00
-2.647447070606249175e-01
-3.815736541379106672e+00
3.649092404733525363e+00
-2.877740639997323324e+00
9.835167504412659412e+00
4.879507311290936400e+00
9.451042876143361804e-01
-1.575156629880267056e+00
-8.287862628596794901e-01
-8.240202995401268993e+00
-5.543160525116930692e+00
8.771385325761478668e+00
6.714624321109852190e+00
-5.727469133605225693e+00
-6.915069095803065835e-01
5.445212598825909467e+00
-8.641122219911991920e+00
-4.831501422488874375e+00
-2.791496833374627951e+00
5.209454997453858205e+00
2.886108221788497019e+00
-4.614309606935249164e+00
5.908609329036603519e+00
8.256712524783834439e+00
4.664666626826933005e+00
-7.961622254765026163e+00
3.897545659472807511e+00
1.601647053652625718e+00
-8.286317976617940673e+00
-1.103179963416114351e+00
-8.005436309582183441e+00
5.112360774279287590e-01
-4.507750425443175502e+00
-1.027664123766098836e+00
-8.237307081969609257e+00
7.537792567578154745e+00
-1.178275633105913212e+00
5.634671439410936955e+00
-3.844852372932667350e+00
2.720646674467578574e+00
-5.650070391504510958e+00
-5.027978146652779756e+00
6.905115863677419030e-01
-2.608175930800700482e-02
5.978117829421770502e+00
9.508217454420922365e+00
-4.440576291766786809e+00
-5.143426555924442312e+00
8.695047868329029983e-01
-7.641990647380399793e+00
3.815670307181128873e+00
-9.384401505475262084e+00
-1.052437846890338147e+00
