-9.093868341138332312e+00
-9.043323438920847224e+00
-5.405052091104688650e+00
-9.384923913001721019e+00
-2.626771477308400549e+00
8.437212317704009479e+00
-7.773954496218383525e+00
2.929230228762508048e+00
-3.681911086281525414e+00
4.477947083260095162e+00
-9.672380535585391570e+00
-2.633704942516618352e+00
-5.819828481227419914e+00
7.627191420472178685e+00
-2.569877770921042970e+00
-1.335079057926826795e+00
-5.601550153408620503e+00
-4.065813525930662919e+00
-3.467794083163254548e+00
-8.785372512275777979e+00
-6.009162773143781777e+00
-2.212724196632695484e-01
-7.948523128066874222e+00
6.389602937820692219e+00
-9.616607708400358945e+00
4.326669292298289449e+00
-1.540323045170772787e+00
2.270822974817713558e+00
-4.392794042774718299e+00
4.185773602966092355e+00
