-5.688216480084385296e+00
-8.881340979212941633e+00
-6.164787021319154015e+00
-9.364739254654040224e+00
-2.332886694449191722e+00
8.436467085222329132e+00
-9.528388517680776104e+00
2.937842244670647585e+00
-6.002261006290653178e+00
4.478832471305800311e+00
-9.320956095852084289e+00
-2.633872691025727075e+00
-3.442717463998047567e+00
7.632312632370794603e+00
9.581210799419825896e-01
-1.337703160452860418e+00
-6.830654945549643031e+00
-4.065150413917040240e+00
-1.113275425387050266e-01
-8.785474063733621719e+00
-1.372652624084343298e+00
-2.217736704296090489e-01
-9.910067882370698911e+00
6.386650283253593408e+00
-9.038161653504541704e+00
4.324699234226598854e+00
-9.476885176224135066e+00
2.273206355051373251e+00
-9.178905668858975408e-01
4.183502480513132227e+00
