-5.768453678462877043e+00
-9.047427906784895058e+00
-5.866369233992962506e+00
-9.391615854973899502e+00
-2.177723943389618277e+00
8.434892328605933187e+00
-9.052510391188159034e+00
2.928730363533682102e+00
-3.684733776782437076e+00
4.474850617797898167e+00
-9.416959043536923701e+00
-2.635003517805569739e+00
4.483626236738681214e+00
7.632456785893237061e+00
-4.469198134018636637e+00
-1.336949988121153510e+00
-9.804587543911523539e+00
-4.067189390146298322e+00
2.225309100528480410e+00
-8.786266830081611801e+00
-5.625373314968477700e+00
-2.255452498363214597e-01
-8.774489932534120129e+00
6.384750426766707676e+00
-8.761892456452972766e+00
4.320902358158241974e+00
-2.334483511542493783e+00
2.269999258671654641e+00
-1.860259663325471990e-01
4.185012368487821988e+00
