-5.739147510645553396e+00
-9.054453825153053970e+00
-9.023230692572383305e+00
-9.387301684447928452e+00
-2.044220681770521963e+00
8.435848987880472549e+00
-7.525320954851289379e+00
2.932655526363886267e+00
-5.766815356942465165e+00
4.483563860859435479e+00
-9.602954148374042376e+00
-2.634865784412772083e+00
-2.485928953569058741e+00
7.630223086988506154e+00
-8.983532176243201661e+00
-1.334178262380529834e+00
-9.537763497778623645e+00
-4.068167241262481859e+00
2.962019421813971043e+00
-8.787291361658391864e+00
2.442211842785201092e+00
-2.217509959195502478e-01
-6.235842754694612466e+00
6.387286439171777630e+00
-9.865463514144849455e+00
4.326335316102251305e+00
-2.538742599423656543e+00
2.275674494560058658e+00
-7.113390540079278068e+00
4.185131100086784350e+00
