-7.298722101366655579e+01
-7.680197550529356931e+01
-4.843225026393891142e+01
-5.171811485881583792e+01
3.822790560380320102e+01
3.347738078953431540e+01
4.546147079373298538e+01
4.243402184236172658e+00
-2.650842336117547404e+01
1.138093831955388424e+01
1.425834346373761718e+00
-6.602996510006248343e+01
-9.749209612587295126e+00
-1.598502679436295004e+01
1.946267146287205563e+01
-3.012795691771283657e+01
-3.411452767596527735e+01
5.018308018040584351e+00
3.721663510936199515e+01
-2.914344902217014521e+01
4.426705696235916321e+01
-4.366034707681455984e+01
-2.027413158752043643e+01
-4.958986020079362333e+01
1.738912992349187192e+01
2.492690801582170934e+01
-4.548861915185325699e+01
4.173907506275468648e+01
-7.541898382423299552e+01
-5.409733874621689154e+01
2.201792835485175104e+01
4.203236353799084668e+01
4.610567086945576420e+01
1.269120650934360661e+00
3.263946474304052003e+01
7.569990468094326275e+01
-4.532834662398883552e+00
-8.480376747312217134e+00
-3.352254689384315256e+00
-4.009891475293895269e+01
2.353028670669814915e+01
1.864991165293509212e+01
6.700405687506417962e+01
4.751537435646658736e+01
2.854036474279897462e+01
-2.033137405810717446e+00
1.739169076077334353e+01
6.960890692272265312e+01
-3.258801680968901593e+01
-4.741864517098905552e+00
