3.147235279960104748e+01
4.057915476108920672e+01
-3.730135416725617858e+01
4.133757040796381688e+01
1.323587495916544476e+01
-4.024597032300116695e+01
-2.215017979142749027e+01
4.688120730859477447e+00
4.575066865688021522e+01
4.648886734025800394e+01
-3.423867873520040916e+01
4.705923594910452579e+01
4.571670870268432907e+01
-1.462488610300055614e+00
3.002799569418210268e+01
-3.581144452803823697e+01
-7.823870878520853722e+00
4.157349366165684046e+01
2.922070505075356550e+01
4.594913399911101237e+01
1.557407356574096191e+01
-4.642888240241155984e+01
3.491290658361796062e+01
4.339933801763055499e+01
1.787348371653848034e+01
2.577399757069507302e+01
2.431323582391953764e+01
-1.077746189562914303e+01
1.554771881389803312e+01
-3.288141773723485528e+01
2.060458144142538117e+01
-4.681674418688422890e+01
-2.230788280069209506e+01
-4.538293820362271447e+01
-4.028683475476453424e+01
3.234578817418157115e+01
1.948275584464911603e+01
-1.829011292394917021e+01
4.502221672378942685e+01
-4.655541630003717302e+01
-6.125624507344259229e+00
-1.184415613244789611e+01
2.655154194636180520e+01
2.951976478839588935e+01
-3.131303696352004096e+01
-1.023566575106113152e+00
-5.441410415869915695e+00
1.463118616725225962e+01
2.093623758874222318e+01
2.546755981036592331e+01
