1.106279961227703268e+01
1.171434388483177713e+00
1.383892775346315318e+01
1.996766416282075340e+01
9.906795140133919375e+00
1.035663368330743594e+01
1.806806425247376069e+01
7.002203508679837540e+00
-6.402595969767993722e+00
8.671188460578214574e+00
-1.202579480260776101e+01
-1.905825337338880843e+01
1.736510413701472544e+01
5.918725576401161703e+00
-1.223490212598452587e+01
-1.286173088458800606e+01
7.139983484026682703e+00
2.633256087997896344e+00
1.893480093068952641e+01
2.480616508571372947e+00
1.346755656256461720e+01
5.534770694308937422e+00
-1.719443629538489660e+01
-1.740802473914552451e+00
-6.306032687977350726e+00
-1.215520267892467032e+01
3.351267340680905704e-01
1.111240428524280155e+01
1.415772840067382354e+00
-8.920771747547597386e+00
-9.189911450362874490e+00
-1.103962423940858173e+01
-9.793012400509422122e+00
-6.314733183213150358e-01
1.334321358079080255e-01
1.995376662411305801e+01
-2.953228850548185846e+00
1.777919379599435246e-01
6.377631795544793647e+00
-1.472220238259211555e+01
2.667299753388064687e+00
-4.440735443731256282e-01
-3.461377524552919027e+00
-3.694518503741189619e+00
-1.335693587513461367e+01
-4.002880247641256162e+00
2.139322674468516539e+00
1.718997278784337368e+01
-9.669315597531639384e+00
1.246851186585146820e+01
3.290125150208043081e+00
1.533209980190810207e+01
-1.459185826679283204e+00
5.275749532083157334e+00
-1.766113368557171270e+01
6.080000649319043049e+00
1.047617151117243850e-01
1.471427141895235025e+01
-6.145721284675634166e+00
1.435264779525795831e+01
-1.068778072291520687e+01
3.305397308750748664e+00
-1.476553892198954721e+01
6.487858731750510088e+00
5.284428376772851266e+00
-1.639743757220538356e+01
7.982918521615005147e+00
-1.033440545931568089e+01
-8.260891386016790960e+00
-1.928740526639149877e+01
1.277525566030600146e+01
-5.885552791681618601e-01
1.042887005067521500e+01
-1.683875571801435100e+01
1.627758632463026345e+01
-1.441401005138196112e+01
1.390949447210936540e+01
4.721339406199543731e+00
-1.237782093513743931e+01
-1.574811443782684783e+01
-1.428299685782774908e+01
3.077387419072620034e+00
6.320134409810357567e+00
3.935265321752924095e+00
-9.647254949625406084e+00
4.921279893938301342e+00
-6.492730641150707527e+00
-1.203194181513549132e+01
-1.842522165341354068e+01
-1.117837176510455066e+01
7.716929659877516556e+00
7.905904259613519613e+00
-1.510345335186737614e+01
-1.255285487267951083e+01
1.289805098598280608e+01
-1.061467377850646088e+01
3.874728934558820725e+00
7.599400867293070405e+00
9.132941213908422284e+00
-1.713579112304188357e+00
