-4.305700474469316532e+02 0.000000000000000000e+00
2.858080301636440481e+02 0.000000000000000000e+00
-1.426387902740381435e+02 0.000000000000000000e+00
-5.256388748233648585e+02 0.000000000000000000e+00
-1.479122236152190908e+02 0.000000000000000000e+00
1.388785538242337907e+02 0.000000000000000000e+00
-1.479543154873443314e+02 0.000000000000000000e+00
2.972235124514560880e+02 0.000000000000000000e+00
1.740690357240706021e+02 0.000000000000000000e+00
-3.170142609520599990e+02 0.000000000000000000e+00
1.371186145423728249e+02 0.000000000000000000e+00
-2.428943246029275542e+02 0.000000000000000000e+00
1.862614868524071028e+02 0.000000000000000000e+00
1.813374519020677269e+02 0.000000000000000000e+00
2.771978617259974271e+02 0.000000000000000000e+00
-4.130065027441676193e+02 0.000000000000000000e+00
-1.232055934562860813e+02 0.000000000000000000e+00
-4.950757291960268844e+02 0.000000000000000000e+00
3.096537270811317057e+02 0.000000000000000000e+00
-1.212428917818827188e+02 0.000000000000000000e+00
-3.830867761774316023e+02 0.000000000000000000e+00
2.076615755613171075e+02 0.000000000000000000e+00
2.894673114698979930e+02 0.000000000000000000e+00
9.286054299058757522e+01 0.000000000000000000e+00
-4.624276945353969950e+02 0.000000000000000000e+00
