-1.987561322811999820e-01
3.672215051030963906e+00
1.279073512325679784e+00
1.413176820676132373e+00
3.267636604510169906e+00
4.143444543358540066e+00
-4.260068993886427791e+00
-2.728455680074671985e+00
1.797497053248303001e+00
4.391431324190381069e+00
2.534677078421638807e+00
-1.517409053664398266e+00
-7.430260820404011035e-01
2.375572055001136995e+00
4.257906444352709485e+00
-4.958061277191099236e+00
-1.832472823512039550e+00
4.052956224349399506e+00
-3.901437308465822706e+00
-2.595274914341402450e+00
3.227147321789545664e+00
1.958105547874718688e+00
-1.440293639927759939e-01
3.147836905036077493e+00
-2.052516709866208711e+00
3.252401604152101999e+00
-1.398388304386919190e+00
-3.458626179855473382e+00
-1.370549949999653849e+00
2.777228188511565055e+00
5.960328232628103740e-01
2.690457315942418770e+00
3.147830799376316602e+00
1.167738480207944463e+00
-4.176580031355686451e+00
1.308127084509920879e+00
-4.618529141085010892e+00
-5.666986505335789293e-01
-3.612078701872966757e+00
1.113356979981829031e+00
-2.859970142738641918e+00
3.210613698789225090e+00
2.685502233734952782e+00
-3.315114930529718063e+00
2.593005842211176581e+00
3.127326040791418293e+00
3.306718116503188032e+00
-1.347020431238860505e+00
3.915784707790309849e+00
-4.843897232576075851e+00
