-7.049606140490271677e+00
-9.126995926364068978e+00
-9.705651333681675652e+00
-9.383651339529896163e+00
-1.116690281960760700e+00
8.439938917294364629e+00
-7.969708770218952409e+00
2.932204885245063952e+00
-2.745476567687327840e+00
4.477032964071971044e+00
-9.293706359783712401e+00
-2.633852927649900977e+00
4.446390494401318172e+00
7.638830795848070565e+00
-9.456661083556740621e+00
-1.335920175497174123e+00
-3.538056058024333428e+00
-4.065769988586850126e+00
-2.809111430226512329e+00
-8.786194194396742319e+00
7.034959059934315029e+00
-2.205400346494849340e-01
-9.923943766220611806e+00
6.384845277471080216e+00
-8.893225346023795552e+00
4.322139986195783656e+00
-9.418033139013783028e+00
2.276930595193640716e+00
-5.522175897281879742e+00
4.187763898253341388e+00
