9.297703563514065905e+00
8.267919778409037690e+00
-5.106235285702577009e+00
1.784304643551269365e+01
1.123479867516219777e+01
-6.704517724536884771e+00
-1.107280071242672115e+01
9.876018680545788797e+00
-1.481291215820145091e+01
-1.026264304971428132e+01
-1.266860051004705667e+01
2.008540410769497520e+00
8.087352413615448654e+00
1.220494559218497699e+01
1.079900633034031188e+01
-4.143312410747391539e+00
-4.635654051466663539e+00
-1.625470062503847402e+01
-3.941030919298299295e+00
1.462581701849497762e+00
-5.164439193001424400e-02
-1.381694577737441776e+01
-1.522577521664398859e+01
1.279099769817849719e+01
-1.803333998176037056e+01
-1.779866803137505826e+01
1.213896250034608038e+01
-3.407455570637074160e+00
9.778197338168570951e+00
1.361692220915275975e+01
