1.194856337548157299e+01
3.637144359821164130e+00
-1.205752242687157505e+01
-3.830845978840919486e+00
3.739550404251182680e+00
-3.836637404764649872e+00
-1.241353974312010422e+01
-3.714890242874613779e+00
1.614095379285464205e+00
1.074545397532795477e+01
1.061304685319814389e+01
-6.418940647749174389e+00
-7.394963809078642925e-01
3.389806417133836902e+00
-1.594501760803605173e+01
8.749703206265415645e-01
-1.262980792735607238e+01
-1.674229811488017106e+01
-6.248347316196149137e+00
-4.446604571629487523e+00
9.436250122871605583e-01
1.298002778666334400e+01
-1.185874952268999394e+01
-6.388486886068240445e+00
-6.435329724388375361e+00
-1.440677766281511119e+01
7.455626897114865592e+00
-6.654513068683197474e+00
9.322472788088740359e-01
-4.174312450376947758e+00
