2.539429383558675113e+02 0.000000000000000000e+00
2.841088823360486799e+02 0.000000000000000000e+00
2.559663887676524041e+02 0.000000000000000000e+00
2.381657227411152746e+02 0.000000000000000000e+00
2.613963025890990366e+02 0.000000000000000000e+00
2.715071166005370742e+02 0.000000000000000000e+00
2.504224893614718894e+02 0.000000000000000000e+00
2.729261830392482011e+02 0.000000000000000000e+00
2.269934017626437708e+02 0.000000000000000000e+00
2.655727699688268331e+02 0.000000000000000000e+00
2.702901714371332105e+02 0.000000000000000000e+00
2.125986999412901071e+02 0.000000000000000000e+00
2.577866890729442275e+02 0.000000000000000000e+00
2.822363141737997694e+02 0.000000000000000000e+00
2.569116570322472057e+02 0.000000000000000000e+00
2.646796923080112265e+02 0.000000000000000000e+00
2.514595144603464973e+02 0.000000000000000000e+00
2.754317322713637282e+02 0.000000000000000000e+00
2.769909123976561318e+02 0.000000000000000000e+00
2.405207527049873022e+02 0.000000000000000000e+00
2.589041973236663239e+02 0.000000000000000000e+00
2.371677245974139225e+02 0.000000000000000000e+00
2.328908690252733606e+02 0.000000000000000000e+00
2.771426045156912323e+02 0.000000000000000000e+00
2.582383953646929626e+02 0.000000000000000000e+00
