-2.884503280751765431e+01
-1.549067563353916555e+01
-3.596511216224718765e+01
-4.606276305594175113e+01
-1.672418340417157978e+01
2.615286417342364444e+01
2.511464493039325063e+01
1.311053453923670098e+01
-1.121179725914835501e+01
-1.632207971811383107e+00
2.535802840019369242e+01
-2.947445808756356556e+01
-8.444136527796189284e+00
7.215853825790256693e+00
1.522319798331862550e+01
-2.204888365412293894e+01
-4.345230810212253658e+01
3.613802088186036432e+00
3.137460944110586425e+01
-3.119636288611063435e+01
2.533028600101685868e+01
-1.772609333476074767e+01
1.802498951839676522e+01
-2.531237013116773582e+01
2.973298224345856156e+01
8.736034677795299075e+00
-1.335652262684255653e+01
3.118018393369719377e+01
-3.641508734715615248e+01
-3.322595237021155867e+01
