-2.776825589464231925e+01
-1.512612637422551387e+01
-3.463799821271914681e+01
-4.475169641312655955e+01
-1.668635903992005609e+01
2.648683848291429044e+01
2.285036289099283380e+01
1.178761454301733202e+01
-1.203231686436384074e+01
-1.303468085843887625e+00
2.584047071246030214e+01
-3.139551053036695549e+01
-8.524595189766342784e+00
4.355607103141267089e+00
1.549257809691566301e+01
-2.124628526780585958e+01
-4.316273747488798307e+01
4.337751648762087520e+00
3.015494989477280896e+01
-2.891257455364996076e+01
2.701589813795704131e+01
-1.803267911282239311e+01
1.937025825853160299e+01
-2.369454688063761338e+01
3.035086680886290722e+01
6.955077300739864299e+00
-1.308663069025546655e+01
3.267830784984067805e+01
-3.652628753635364944e+01
-3.364135335375421221e+01
