-3.125743558457622129e+01
-1.592079697097435975e+01
-3.241482395375209791e+01
-4.877964971268023930e+01
-8.637349788518559279e+00
1.770165025495097666e+01
1.483012112320463416e+01
1.743648411262550368e+01
6.251061604493735047e-02
1.737016331996548146e-01
1.804243558066768216e+01
-3.411734129547924965e+01
-1.023726100951871665e+01
1.475139980151579344e+01
6.656593874722830151e+00
-2.267634187883027153e+01
-3.637146667399680666e+01
3.092775762905559667e-01
2.830173776002682828e+01
-3.079243121764987023e+01
2.793294392301026008e+01
-2.092459018060109344e+01
2.276003638230343640e+01
-2.020760645393240296e+01
2.854465898035753568e+01
6.947691081478565067e+00
-1.812995325441876204e+01
3.188771164848398598e+01
-3.344275623614978343e+01
-2.005319739583372396e+01
