-2.857286866752782117e+01
-1.602069031299782509e+01
-3.426735119099630111e+01
-4.581809191841812634e+01
-1.807977349278422352e+01
2.572567309283757453e+01
2.471654883138079839e+01
1.121571315697347870e+01
-1.213660255425095613e+01
-9.154889894385104254e-01
2.340529025123720785e+01
-3.146471010027241277e+01
-9.066283131143778817e+00
5.735036720183680714e+00
1.568417317533072719e+01
-2.158246615342047292e+01
-4.337025510391619321e+01
3.353631168334040513e+00
3.114534185407413247e+01
-2.990394685993758372e+01
2.543268749290183095e+01
-1.867394131581015770e+01
1.974922766584731448e+01
-2.442753272632283057e+01
3.031124833169120691e+01
7.076384907885097775e+00
-1.241642894358198923e+01
3.172482685245048728e+01
-3.595472338264737999e+01
-3.430051042727260580e+01
-5.950182106175518904e+00
4.163390541925677013e+01
1.788017109527796578e+01
3.647978741813419301e+00
1.070598682329562834e+01
3.417759118002219054e+01
2.369304392398910863e+01
2.464507603500894817e+01
3.438064162429620296e+01
-3.611375085765578064e+01
2.847952938488266383e+01
-2.843763306398170432e+00
2.829986224023239316e+01
2.101030023497867205e+01
1.845460038002990411e+00
1.516356767456596444e+01
-5.468707581354490088e+00
3.968668786871180743e+01
1.171356627256839822e+01
-4.941106583656984697e+01
