-3.163175568747668009e+01
-2.185829359555178542e+01
-2.951259915246412646e+01
-3.409825534195515928e+00
-1.113831052005418165e+01
-1.156499434953452621e+01
-8.796078077147780050e+01
-8.434393682240985868e+01
-2.955801020500940979e+01
-1.861154945268444294e+01
-1.324031564409082762e+02
-1.191834189020533330e+02
-4.857915828666395441e+01
-1.762421075552350658e+01
-1.366172615369665380e+02
-1.101949374438506624e+02
-1.149970822770848429e+02
-7.458564634523284553e+01
-5.935443834591083601e+01
-2.304881937861492247e+01
-2.842856773389411984e+01
-9.869901178886497917e+01
-1.461127159101071626e+01
-4.363314776072459722e+01
-6.801651365142357974e+01
