-2.864562606420741631e+01
-1.624464294952382204e+01
-3.440351098696357468e+01
-4.582370503265808281e+01
-1.778452896721831777e+01
2.566222326709184998e+01
2.439546950438246142e+01
1.131891857779866584e+01
-1.161790719357479240e+01
-9.912624204905866598e-01
2.335922293003490324e+01
-3.124160958062294569e+01
-9.123769034745299322e+00
5.470547377541850942e+00
1.544072436216048416e+01
-2.195815429733011115e+01
-4.326719329384872026e+01
3.540474633370513047e+00
3.142578828028691262e+01
-2.986226681774756386e+01
2.523081137188279044e+01
-1.836822447103821787e+01
1.988584281013907074e+01
-2.457951968680964328e+01
3.053893805264067751e+01
7.240856352484549951e+00
-1.231335404862972283e+01
3.175653631278535016e+01
-3.619992458152919568e+01
-3.433389518905265447e+01
