5.378473422348184840e+01 0.000000000000000000e+00
4.011575654611510799e+01 0.000000000000000000e+00
4.054630388056181545e+01 0.000000000000000000e+00
4.183864868054752151e+01 0.000000000000000000e+00
4.592854174083991126e+01 0.000000000000000000e+00
5.111883505359239166e+01 0.000000000000000000e+00
5.447716428127667143e+01 0.000000000000000000e+00
4.445188048892717347e+01 0.000000000000000000e+00
5.114849961058450845e+01 0.000000000000000000e+00
5.424289951827227441e+01 0.000000000000000000e+00
3.653066375299150792e+01 0.000000000000000000e+00
4.185033915336696708e+01 0.000000000000000000e+00
4.931784612554361757e+01 0.000000000000000000e+00
4.628066022927206546e+01 0.000000000000000000e+00
4.583278962385741551e+01 0.000000000000000000e+00
4.883360818579934204e+01 0.000000000000000000e+00
4.695081644526288756e+01 0.000000000000000000e+00
4.364581140202574971e+01 0.000000000000000000e+00
4.617941583656382676e+01 0.000000000000000000e+00
4.303452958572457021e+01 0.000000000000000000e+00
5.380851762010282613e+01 0.000000000000000000e+00
5.467228060226719322e+01 0.000000000000000000e+00
4.543376145999870630e+01 0.000000000000000000e+00
4.748091536532549384e+01 0.000000000000000000e+00
4.415243825294792401e+01 0.000000000000000000e+00
