-2.855431041745169907e+01
-1.610612009614872164e+01
-3.427127588498547794e+01
-4.572308339525245913e+01
-1.805953216604126510e+01
2.570459802639759062e+01
2.466920312473162724e+01
1.123092812007212160e+01
-1.195465072487962566e+01
-8.304428065257809521e-01
2.340906955998628547e+01
-3.148442729603350898e+01
-8.996788857255177518e+00
5.683158165617127722e+00
1.566137679149983875e+01
-2.173520536644848633e+01
-4.333187948196103889e+01
3.426008045067521213e+00
3.118861435131008619e+01
-2.978200241862224473e+01
2.537015795887414882e+01
-1.864438482287265231e+01
1.980204316118364716e+01
-2.442718132625049066e+01
3.042481974491539987e+01
7.128781605608323524e+00
-1.242753210910498751e+01
3.178772001701638672e+01
-3.607796507945712250e+01
-3.437192095028750316e+01
