-2.855446984159009105e+01
-1.610599589025824585e+01
-3.427135367006597733e+01
-4.572308804441725272e+01
-1.805943286206099785e+01
2.570479565277231870e+01
2.466900363623818748e+01
1.123106102959790142e+01
-1.195459653349350937e+01
-8.300608280768563274e-01
2.340899107409178015e+01
-3.148422815113200102e+01
-8.996856576950218454e+00
5.682975691351284553e+00
1.566158631940020562e+01
-2.173532556058087906e+01
-4.333201943859974392e+01
3.426011566931143726e+00
3.118845367440385274e+01
-2.978212964850074584e+01
2.537024347675258085e+01
-1.864416054339816498e+01
1.980193920473168134e+01
-2.442721177659625198e+01
3.042495753141690074e+01
7.128766246860037903e+00
-1.242744551236776651e+01
3.178757314296840164e+01
-3.607765031692478885e+01
-3.437178383201280951e+01
