-2.857291021757660587e+01
-1.602064293945709750e+01
-3.426734192112143518e+01
-4.581807391540651508e+01
-1.807980162674354574e+01
2.572568020865667648e+01
2.471655419794915431e+01
1.121570898651599535e+01
-1.213661729351260377e+01
-9.154731639244504393e-01
2.340531509725359527e+01
-3.146472307789961320e+01
-9.066295663710381092e+00
5.735030201124922122e+00
1.568413534326499104e+01
-2.158247844021403949e+01
-4.337022780505508734e+01
3.353658419872813656e+00
3.114533124305505041e+01
-2.990394266386425315e+01
2.543273311969296913e+01
-1.867391248923188840e+01
1.974922571975172758e+01
-2.442752042136334722e+01
3.031125817809956757e+01
7.076421111128115449e+00
-1.241642472132884123e+01
3.172483427401301270e+01
-3.595468775988388188e+01
-3.430050149196282661e+01
