-2.857312156753721055e+01
-1.601991340723591861e+01
-3.426653283719130627e+01
-4.581816330482806876e+01
-1.808154582654563569e+01
2.572643457396806355e+01
2.471745506132307568e+01
1.121446235233527666e+01
-1.213693673775796000e+01
-9.170055739708592446e-01
2.340455215845898707e+01
-3.146212210063974268e+01
-9.065938518730458640e+00
5.731591001062394497e+00
1.568543628001342860e+01
-2.158140471011934380e+01
-4.337208702528356952e+01
3.352802062853135645e+00
3.114209498412986932e+01
-2.990278585342927542e+01
2.542979032569924058e+01
-1.867299739433466499e+01
1.974548503281336309e+01
-2.442905411316696984e+01
3.031045196088398441e+01
7.080482094065466470e+00
-1.241567683302644198e+01
3.172451514811040951e+01
-3.595821153017406857e+01
-3.429865942224721920e+01
