-2.857287268322544094e+01
-1.602089998157421036e+01
-3.426758082521942583e+01
-4.581743770377479308e+01
-1.808006051048569773e+01
2.572566038115490628e+01
2.471582297171683251e+01
1.121636717869958133e+01
-1.213623814328087214e+01
-9.146576678806401794e-01
2.340482534374799783e+01
-3.146605267235746695e+01
-9.065191177860709715e+00
5.735426226926462867e+00
1.568571979038844155e+01
-2.158220088808466031e+01
-4.337108034224153386e+01
3.353762853364764318e+00
3.114393650837834571e+01
-2.990504055957007168e+01
2.543283979033187592e+01
-1.867389757729864996e+01
1.974842190750364068e+01
-2.443006422286392620e+01
3.031013597989955954e+01
7.076139744499539752e+00
-1.241677432301422357e+01
3.172406913500675785e+01
-3.595353868459665136e+01
-3.430117565243015321e+01
