-2.857308399450205272e+01
-1.602066567339251790e+01
-3.426718479150522967e+01
-4.581728147696929199e+01
-1.807992904263767642e+01
2.572561271789178505e+01
2.471642428031056227e+01
1.121568483719876319e+01
-1.213723714395071696e+01
-9.160521426408404499e-01
2.340463505922026144e+01
-3.146542537049832333e+01
-9.066923964666411706e+00
5.735259986753531436e+00
1.568358354782957420e+01
-2.158264574273855985e+01
-4.337152191884926822e+01
3.353329754448399758e+00
3.114591180796888281e+01
-2.990320718606138328e+01
2.543216596642083971e+01
-1.867452414245351378e+01
1.974816089156355758e+01
-2.442789104856465698e+01
3.031253648268186041e+01
7.076265179403400829e+00
-1.241518643531636457e+01
3.172557430775952270e+01
-3.595611711999923443e+01
-3.430002000698800657e+01
