-2.980042933221676549e+01
-1.073344160374928613e+01
-5.001600138614374913e+01
-2.880499226614348629e+01
-4.243746827480497075e+01
3.147612835103339890e+01
4.886846790642148619e+01
-7.975408897180745527e+00
-7.721853527821204821e+00
1.652308309910029038e+01
1.486550574318096984e+01
-5.289915120810128002e+01
6.383077717407548590e+00
-6.335145063384846509e+00
3.383327010234955168e+01
-1.427945281054095439e+01
-5.959980400722341187e+01
8.847025062550358143e+00
1.947210104409035836e+01
-4.665472006764373702e+01
6.278931886070564872e+01
-1.701161548082718156e+01
2.073946787621277110e+01
-4.458798302418290405e+01
4.087816298379698310e+01
1.691662284612391431e+00
-1.697519585190133284e+01
5.111870256930733092e+01
-4.181271793059475783e+01
-5.976866057665088050e+01
2.155803728975236311e-02
5.285662955507304162e+01
1.463003056967650650e+01
7.384370215904112911e+00
1.164913715315554299e+01
3.479740628885705434e+01
2.124283271418667596e+01
4.747711987050156779e+01
5.354229978188609351e+00
-1.142998845884502401e+01
1.732015433445775798e+01
-7.057123029621186205e+00
2.497872046978041283e+01
2.692625261419611959e+01
5.897682666571927079e+00
3.891208822924345334e+00
1.565958408610973152e+01
1.358201043037781375e+01
5.958889298693481607e-01
-4.128328408189671705e+01
