-3.033717273147125226e+01
-5.015281204931767434e+00
-4.082455036081643840e+01
-4.508405335606786934e+01
7.884182286314992183e+00
-1.588064558049097741e+01
4.119402265826762743e+01
2.735025544958847199e+00
8.999546916040436884e+00
-6.612528855628390545e+00
4.376744628825274042e+00
-2.790409218401635627e+01
7.442727456739341108e+00
-1.710954430727237963e+01
1.639819278742394459e+01
1.050776076622291555e+00
-7.067577405438154869e+01
1.887537129840931271e+01
3.503416442077407567e+01
-8.145353007261816103e+00
-2.093051789150486286e+00
-2.665711379144112669e+01
1.663127637107976398e+01
-1.636190829273858682e+01
5.983816871852912556e+01
-1.138794184262125597e+01
-5.669598920999822766e+00
8.690414644639693265e+00
-2.323480493057406804e+01
-3.837117635780309399e+01
-2.202668057035271332e+01
6.990878449291157892e+01
5.206841925815828276e-01
1.050493675300890217e+01
1.245966782844073784e+01
2.854368801306677739e+01
3.409416522815094197e+01
2.807063530152327857e+01
2.962318038140979937e+01
-4.003919922555822808e+01
2.587438207414862390e+01
3.788287035332261965e+00
2.201388437589717029e+01
1.512073118502118874e+01
9.373170180766299708e+00
2.796498814508026953e+01
-1.791695336995264398e+01
3.837370145988330705e+01
-8.209702283207382933e+00
-2.141636248024525813e+01
