-2.850461262348547109e+01
-1.683458110130566610e+01
-3.404755791476478066e+01
-4.554823955717531447e+01
-1.900783501706884948e+01
2.614836257642433992e+01
2.478671750938830343e+01
1.024048398395544268e+01
-1.218610191195536885e+01
-1.041427379500044825e+00
2.346420780014704377e+01
-3.258341356683153123e+01
-9.179358779974570837e+00
4.788587940065599291e+00
1.421366990817320897e+01
-2.038180091946436079e+01
-4.355656414375290808e+01
3.675899226258276364e+00
3.117065215572656456e+01
-2.972809971882024271e+01
2.531833555291598969e+01
-1.814903215132754966e+01
1.970558721133100377e+01
-2.450674906157423294e+01
3.051921746928364598e+01
6.695598078298617750e+00
-1.260855935144362228e+01
3.155129031393903460e+01
-3.698281251122853064e+01
-3.404022521192939621e+01
