-2.746718493671127703e+01
-1.581510617912918093e+01
-3.425046814139983553e+01
-4.584757854327343551e+01
-1.817675956126629089e+01
2.669822268217706096e+01
2.395194874667961926e+01
1.225702874965460865e+01
-1.247350566741402567e+01
-4.421864469718558288e-01
2.358509909655461811e+01
-3.144095390644130106e+01
-8.807958135512722109e+00
5.783864285754717116e+00
1.587574214099142011e+01
-2.196754175013563781e+01
-4.335368540783889557e+01
2.694098389543146066e+00
3.063917011850224625e+01
-3.025954590737824645e+01
2.445787444293951651e+01
-1.850379953748595341e+01
2.021600068651887483e+01
-2.296382929095970127e+01
3.089810031831685322e+01
7.046132254523480576e+00
-1.239720344311715294e+01
3.217235597363740141e+01
-3.538162205709319608e+01
-3.413513500343709950e+01
