-2.848116874028819367e+01
-1.623350140212958692e+01
-3.548299953775658366e+01
-4.697367352280998887e+01
-1.940153018895733439e+01
2.572726369108229605e+01
2.472767034197524083e+01
1.109077172399357636e+01
-1.116678020190554932e+01
-4.345478976300252705e-01
2.353898162134685279e+01
-3.159123192616609543e+01
-9.274052474899837861e+00
5.521470356912749899e+00
1.609821614826754654e+01
-2.047338730250528016e+01
-4.354414535653898355e+01
2.969639919438486153e+00
3.149534698709834402e+01
-2.992973503174052041e+01
2.503724286786100350e+01
-1.852553518472284821e+01
1.983052689059472584e+01
-2.505337179676481796e+01
2.991091876438420982e+01
6.524369427154461221e+00
-1.271658221574827330e+01
3.158562630277612371e+01
-3.490831510454291475e+01
-3.445339063268831126e+01
