-7.421809627284108313e-01
5.887153544043429498e+00
6.497040121769242838e+00
9.126504097758058265e+00
9.308883000909240479e+00
7.074084547214318341e+00
-9.490414498059864812e+00
-4.284433792314766620e+00
-4.293661169372427366e+00
-8.677180725060555488e+00
2.631348590415839794e+00
-2.064846800214011235e+00
6.382896029852741293e+00
-8.094316187208207225e+00
-6.198418795769170764e+00
-9.495210516822215396e+00
-9.798821345492219947e+00
-9.732554181298683105e+00
-4.074169797949122263e+00
-7.743476042308615526e+00
-8.657876306299707725e-01
2.344696737344570681e-01
-4.219002423665434987e-01
-4.020480091572530057e+00
-9.333166797942130444e+00
5.739500477741127149e+00
9.196201987007114553e+00
5.150564444999185199e+00
4.123418070954366854e+00
-4.180896270848364793e+00
3.923846029208276853e+00
1.722826172213137053e+00
-3.182262229326966008e+00
1.296001421064277181e+00
-7.851168169005972253e+00
9.202825769967320824e+00
3.382958839421968733e+00
3.950433483382814970e+00
-7.006181317903160455e+00
-5.937347232940645370e+00
1.787785380122249024e-02
2.588870794777700102e+00
9.268646491875671245e+00
9.975692618706327508e+00
-5.025617501026543366e+00
2.606278303265613161e+00
-9.530718976643134610e+00
-3.713354401740077471e+00
5.486351299913992285e+00
5.410702363516822544e+00
