-4.238083605859316805e+01
-2.789020441908087022e+01
-2.355899905230683444e+01
-4.360177084885337706e+01
3.937025335830790951e+00
2.357066796629898420e+01
2.832461758427133702e+01
6.942227547207555638e+00
-1.006843413430363299e+01
2.730533360270785970e+00
1.230473018955926889e+01
-2.599517016054179308e+01
-7.476467265535953644e+00
-2.516650682508138726e+00
9.428149191866490142e+00
-1.761928797190235940e+01
-3.394597564861881978e+01
1.142350305792256293e+01
3.175125132567418618e+01
-2.393106644603927791e+01
2.550152387022388822e+01
-6.839417247686707668e+00
2.154341098251308040e+01
-3.154721204221883113e+01
2.627302658267263524e+01
1.567021389829697142e+01
-3.065330016645000910e+01
3.340826727869517043e+01
-3.074301408390871870e+01
-3.360561703526808230e+01
