-1.554528927458582466e+01
-2.234548193271228911e+01
-2.002253255636007978e+01
-3.324541655705262855e+01
-2.238197916405418653e+01
6.129974361685484041e+00
1.384814683485231512e+00
7.153167642245126245e-01
-1.655688360414303517e+01
1.658059356625131642e+01
1.164983391328922835e+01
-5.235609223771196952e+01
6.068232818535932438e-01
1.660442802072086721e+00
8.433752397672648726e+00
-1.959065351789721277e+01
-4.055381617341014788e+01
-1.845869129326255376e+01
3.530526298270495289e+01
-1.387683468234826023e+01
4.983398285347768564e+01
-4.273316283776095759e+01
7.275765253171758928e+00
-3.379328708819164007e+01
3.488198394205068098e+01
1.386705079788860573e+01
1.185551345458976513e+01
2.169867811104538546e+01
-4.741273003791880569e+01
-4.872576329482877355e+01
-5.137110532242351368e+00
4.881197777425189344e+01
2.527360835113032067e+01
7.946407757105104608e+00
3.202622302053296721e+01
5.754018143934961671e+01
4.799461677358681300e+01
2.587961253542913909e+01
4.316431513918310259e+01
-4.119966318266413907e+01
2.749454045207534136e+01
1.295007627952037410e+01
1.098264572507826564e+01
9.149796016759037087e+00
1.521821817635883001e+01
2.592392223888731095e+01
-2.852510484297989635e+01
3.136043449378284365e+01
2.455918675226909187e+01
-3.432654386543638481e+01
2.190382194856173470e+01
4.251325073624199291e+01
-3.586558436662780736e+01
-4.097982796093452862e+01
5.003573099327976337e+01
3.979449296818309278e+01
4.741304181326358957e+01
-4.588766784583374658e+01
-2.585030176179130379e+01
-2.288714401635776596e+01
1.971859476389309407e+01
2.653918038472048124e+01
1.225235933610766637e+01
-4.309756484380326924e+01
5.254310586621977563e+01
3.974468021235207260e+01
3.148204337210861326e+01
6.057443543325888413e+01
-5.195255795497892848e+01
-3.266316860902895769e+01
3.915723627671503237e+01
1.876115897614328176e+01
-6.524064787451224845e+01
1.363606595754146156e+01
1.218720554704119152e+01
-9.832875229019922614e+00
-2.824774467049482496e+01
1.217169720250945053e+00
2.758217531498068098e+01
-5.399596012664521716e+00
-9.617494569219063649e+00
-2.990936764661319813e+01
-3.518469036061733846e+01
-3.662232866482056437e+01
6.498790776389168400e+01
-1.112748340364123045e+01
-2.076892818474325253e+01
3.340380963114510848e+01
-4.717760784207371927e+01
-9.715350211597097996e-01
1.142253037818007044e+01
5.496549360530804762e+01
9.281284204843512242e+00
1.920142809030696540e+01
2.444873128167168375e+01
-3.375496124285900734e+00
9.968609240672771321e+00
3.250558628319687671e+00
-4.746321621320343631e+00
7.013614452914124797e+01
