-1.829097976463241793e+01
-2.768477541676022113e+01
-4.798754697706209527e+01
-2.279369109285907058e+01
-2.004488898202581026e+01
2.478477110802925409e+01
4.068682155609823781e+01
-9.930268735612475695e+00
-5.879659261181743091e+00
3.210376399236984923e-01
3.519039741415319611e+01
-5.114940718342613479e+01
-2.846529066266771935e-01
-6.722092840936284119e+00
2.326859043540906669e+01
-1.277025597087633457e+01
-3.049821421595996895e+01
2.106175718692060883e+01
4.548047150870021937e+01
-3.774113877648687065e+01
3.440235985459601409e+01
-9.259465536862412804e+00
4.094587196206975932e+01
-4.029973641316232147e+01
3.066303408154039190e+01
-6.414341671840537273e+00
-3.310110229771211010e+01
4.406090068966486228e+01
-5.038713179032170331e+01
-4.610601492623835895e+01
-9.983825249535506430e+00
2.848316602095408712e+01
1.058685237193190432e+01
1.406959592815065108e+00
1.050068306426594589e+01
3.856014734673735234e+01
2.500857417749305611e+01
2.860224783924113723e+01
4.806853896812516069e+01
-1.800002346071095261e+01
3.501790767580305896e+01
-1.222448719344395940e+01
1.313990393582894711e+01
4.076094659974884848e+01
2.152149542055506970e+01
-8.981430604597981926e+00
1.322680459227309768e+01
6.036354371633790095e+01
2.531383547435884651e+01
-2.661181792027196735e+01
4.011608336523738672e+01
4.073627551903582855e+01
-4.595019013857319834e+01
-2.715359844752032714e+01
1.106995944958111266e+01
7.267845358867329963e+00
2.413626649163986571e+01
-5.495583444232868686e+01
-2.153317437252461986e+01
-1.743228128266730081e+01
5.789070090482473319e+01
-9.198924730702776387e+00
3.833829310165073423e+01
-4.480979375724849234e+01
5.106689091322532192e+01
2.779319523193617059e+01
4.002664076656971304e+01
4.947821676151780679e+01
-2.294428741600992794e+01
-2.185553437244777442e+01
3.678885590075771006e+01
-6.866744836916698347e+00
-5.284070700161726108e+01
-9.999069551140461698e+00
4.121467627833524006e+01
-3.512405837843370193e+01
-9.559638785774453140e+00
-2.014019063291047473e+01
3.553829232069895738e+01
-6.605348129213049369e+00
-1.226130852516249270e+01
-3.218590496400800305e+01
-4.695571805809739629e+01
-3.370546218479120881e+01
4.681211512134232322e+01
-2.291979472796113271e+01
-4.544492085141015325e-01
4.840198906332124551e+01
-5.553286654572525549e+01
1.003039678006592617e+01
8.270257034773623062e+00
2.765053018917049954e+01
3.786932158781392843e+01
1.313419169690048349e+01
4.925888287276956135e+01
3.846793154442019613e+01
1.370234348287035786e+01
-1.101890228120292292e+01
-3.815266730399866901e+01
5.253073537718402264e+01
