1.199051755804955910e+01
5.799910278951756482e+00
1.990889990439729473e+01
1.400358876032380628e+01
9.376311420196365987e+00
9.727798644109443060e+00
1.389981985103260875e+01
1.910863991281871677e+01
3.291516228852959358e+01
3.855818572476669459e+01
2.684704107111485882e+01
2.372577930725469031e+01
3.483823129066251312e+01
3.243512653101164744e+01
2.835586195000038501e+01
2.560407023599183418e+01
1.866995182287335808e+01
2.312071384632702831e+01
1.849092521081076868e+01
1.171945503067102656e+01
2.808324977335907136e+01
1.393688692677835661e+01
1.186009264527577400e+01
2.220614189111854131e+01
1.687736220324707048e+01
2.236215651134133608e+01
8.750105499564327260e+00
2.537206773266039406e+01
1.522399170137416391e+01
2.229220646413542894e+01
1.184818465007421651e+01
6.983219761397926106e+00
2.022982918517185880e+01
2.063269460231176566e+01
4.291919197816301157e+00
6.816110311497907581e+00
9.612615936844683517e+00
1.222754616021491891e+01
-4.462585682397760323e+00
2.474679378644320416e+00
5.117027481891687657e+00
-1.177794039714876995e+01
-2.118229968135362640e+01
6.067163981378236315e-01
-1.500187191809457765e+01
-6.933196693379055198e+00
-1.562710233034291463e+00
-7.170839472800288661e+00
1.338108697957913762e+00
-2.077471883677059594e+00
