-2.870037139723405062e+01
-1.596802383420680727e+01
-3.440451290446054600e+01
-4.554914534057789410e+01
-1.834064205342968634e+01
2.590801807484416130e+01
2.456731370690587113e+01
1.136710659242016597e+01
-1.200081575205731532e+01
-9.218956390706757320e-01
2.355266969518330100e+01
-3.197725886434009013e+01
-8.839728360259989870e+00
5.862337761334722508e+00
1.570656201055828483e+01
-2.171340213740526437e+01
-4.333606913685306949e+01
3.099208276085064107e+00
3.145472431983587214e+01
-2.987595736091511256e+01
2.510501510061145325e+01
-1.845547695448387060e+01
1.977102983819552051e+01
-2.429752414671634497e+01
3.021225140140228760e+01
6.815731747192189438e+00
-1.218151799882533126e+01
3.173428646795863273e+01
-3.604911504381932019e+01
-3.416213228912172895e+01
-6.182967434367565573e+00
4.191628996078478764e+01
1.796027582192167671e+01
3.196452481816340896e+00
1.078846532487809640e+01
3.428422224761534665e+01
2.379413095936978806e+01
2.472418417253664913e+01
3.442097926556868259e+01
-3.622988483836270746e+01
2.831837503877528306e+01
-2.727746782667319625e+00
2.816978081770130515e+01
2.116200917761396028e+01
1.791105851827928808e+00
1.522358957650191691e+01
-5.698619416660543280e+00
3.966979663829190628e+01
1.182417875792245532e+01
-4.938227972938773291e+01
2.085683962076073072e+01
4.785132214242535298e+01
-4.267330268714609787e+01
-2.695125338284552896e+01
2.659117807501132802e+01
3.041989155391997102e+01
3.792818457363375728e+01
-4.639473381792115703e+01
-1.841006706485037370e+01
-2.261149400428578815e+01
3.744693460335837187e+01
7.861182440655185566e+00
1.935612742118334495e+01
-4.217277488086786974e+01
4.916413559782571951e+01
2.465423312843576653e+01
4.043025768885583915e+01
4.399561565404395935e+01
-4.521968862641843856e+01
-1.264781615710463214e+01
1.392673693589419948e+01
-2.651326452123353494e+00
-4.094420227228474118e+01
-2.917317582395222875e+00
2.588699994147381389e+01
-2.964314666108301921e+01
-2.039915637926791447e+01
-1.024679730746525941e+01
4.527574851773002962e+01
-9.868932791558822970e+00
-1.113413610274755250e+01
-1.824161643607048688e+01
-4.876145249350975064e+01
-3.228665733240551106e+01
4.896670620378640137e+01
-9.416605879972241411e+00
-1.703030645242910524e+01
4.845495951633327536e+01
-4.407559663275064565e+01
-7.427292635412707789e+00
1.330983643785049964e+01
4.694132003941324172e+01
2.383649892057143305e+01
2.723412999777662336e+01
2.674005597253423616e+01
1.474342242262937219e+01
3.968324740413054386e+00
-3.059086094014302759e+00
-2.126111184620506833e+01
4.980380653585368833e+01
