2.888157196648114109e+02 7.090223056489321782e-04
1.477080794263801522e+02 0.000000000000000000e+00
-2.649398599781348551e+01 4.697618825910467597e-04
2.247839067946470664e+02 0.000000000000000000e+00
3.272728808745138167e+02 4.355074966251095423e-04
3.730771406047594496e+02 0.000000000000000000e+00
2.177220311719193546e+02 1.832316629339447809e-03
2.888032286819102978e+02 1.039656025276758464e-03
2.355672507248369243e+02 0.000000000000000000e+00
2.600106222941973328e+02 4.011822509375906863e-03
-9.461465263205357701e+01 5.139045214928045376e-05
1.612823075751064721e+02 5.359559299118245865e-04
2.936101496625478262e+02 1.651892203890838477e-04
2.218383684880383839e+02 1.758817299367865326e-03
2.652110689061686912e+02 3.233614139115161554e-04
1.928119946637310420e+02 0.000000000000000000e+00
4.437684966138094751e+02 8.682114185271984927e-04
2.856883871472891769e+02 3.357402171455305681e-04
-3.076631959276748063e+01 2.988834172507950091e-04
1.993319885377795231e+02 1.278818846408103036e-03
5.579052889644201940e+01 1.556041794919838048e-03
2.608455723032727747e+02 7.176425669495073586e-05
3.159450363065118381e+02 5.036702946550122026e-04
3.958732900774933228e+02 1.114664287889399839e-03
1.654658980230099701e+02 3.339920939775311301e-04
