-1.048680301554949779e+01
4.614618713074987255e+01
-3.846539901612356971e+01
-1.791555795065170997e+01
-3.003506887977013307e+01
-2.403255952724891387e+01
-1.220450473706879180e+01
-4.749358085736690072e+01
-2.449186923631639345e+01
-3.178252648230898103e+01
-1.506850617896522238e+01
-4.203536991923049015e+01
-3.569400155000010244e+01
-1.835165736557448923e+01
1.843172426213588011e+01
1.035121328140960983e+01
-1.265157656225439275e+01
-4.615671812689078735e+01
1.359849128322959899e+00
-2.341571705115336144e+01
-2.772477323131493421e+01
-2.738514015737765206e+01
-2.498456352955718884e+00
-2.408351268069110418e+01
-2.923969787953981836e+01
-2.627754747730712737e+01
-2.700168357125915364e+01
1.616061124670374838e+01
-4.753127933794119286e+01
-5.812969330419413438e+00
-4.837171579095083729e+01
-3.463792029674621631e-01
-4.306078791063394817e+01
-3.513146879059134164e+01
-4.516055270431621693e+01
-3.100950368733452578e+01
1.938832810744148105e+01
-3.030929118218102758e+01
-1.104887226599321792e+01
-2.194693402441541963e+01
-3.081850330435825214e+01
-2.210235403286863232e+01
-4.259634563330506296e+01
-2.703509234081403179e+01
-2.792094412143024229e+01
-3.780117823064679072e+01
-4.280631852258147063e+01
-2.469492082487011686e+01
-3.387622293851737254e+01
-4.475099743984591072e+01
2.897549177416784971e+01
-4.284243365720408292e+01
-4.061098503423956885e+01
-3.460417433319441471e+01
-4.647654373411717188e+01
-5.596718436090107218e+00
6.645635469283027064e+00
-4.662443630849457321e+01
3.217709932877524182e+01
-4.252765111569696188e+01
2.215252869514618794e+01
-4.923806311906777466e+01
-4.410166147648255475e+01
9.694823118868612255e+00
-3.395898641726085998e+01
-4.402401825283449455e+01
-2.639729943060069317e+01
3.755804750204534415e+00
-7.885335641919148486e+00
1.379474046160029843e+01
-3.317439814735980264e+01
-1.349096415303586483e+01
-1.735478276473391190e+01
-1.870686524453574151e+01
-4.118018460995136820e+01
-4.224996167719487516e+01
3.014524427976906651e+01
-3.119061711659346159e+01
-4.025217327002779655e+01
-2.182698621025594576e+01
-4.888175300036506599e+01
-1.323418438426958943e+01
-2.907312701992954374e+01
-3.400697525046659564e+01
-1.736215350322407858e+01
2.414654047650984836e+01
8.685357705015778862e+00
-2.996580797239630911e+01
4.928047098949374316e+00
-3.476093731382022867e+01
-2.182405119839978624e+01
-2.098149510427778353e+01
-4.840694653979235085e+01
-1.770857094691177380e+01
-1.961094848128394119e+01
-4.549109575765383795e+01
-3.721403566546988628e+01
-9.456348907612710519e-02
-3.583650095242627742e+01
-3.985969621278162833e+01
