-1.094491257776265236e+01
-1.681166643688839457e+01
-4.888551462331233211e+01
-4.608853025217118216e+01
-4.136147777674412396e+01
-3.452665665718289745e+01
1.961113650425351906e+01
-4.799749295419203321e+01
3.742824981326880618e+01
-2.102802544180743283e+01
-3.922487222289859687e+01
-2.855481586032994556e+01
-2.394243978663178751e+01
-2.012176315934687310e+01
3.303742852193736468e+01
-1.673701722262365976e+01
-4.103726045634306274e+01
-4.445444834410713497e+01
-2.628088027500871249e+01
-2.562058212949429503e+01
-1.512713458130250288e+01
-4.109847830247155542e+01
-4.138274036151220514e+01
-8.670389213757225377e+00
-3.246080490353806169e+01
-1.586199884803825988e+01
-2.856090879730324161e+01
-3.175049837992637336e+01
4.558492720830322753e+00
-3.253359462694122328e+01
-3.198891104179960365e+01
-2.304321366592352405e+01
-3.142322522876583690e+01
-8.210090360150196886e+00
-2.045291113329887978e+01
-1.872344100006495538e+01
-2.950342858631114851e+01
-4.124145571866936422e+01
-1.131666766643875377e+01
-8.689149444186043070e+00
-3.132428605185308257e+01
-3.700721339389467346e+01
-1.126210870824571941e+00
-2.904875269873748778e+00
-4.205257205443568580e+01
-3.865084490954458829e+01
-5.255806766625536142e+00
-2.705586752325018551e+01
-3.095211535760600796e+01
-3.609468797441805066e+01
-4.891086068232059603e+01
-2.913310564472779873e+01
1.934598924412267706e+01
4.016818750756134371e+00
-1.028037772448663034e+01
-2.023488276328482627e+01
-4.291689743400594637e+01
-4.073214175625440703e+01
-4.067879989204707414e+01
2.014204167838781956e+01
1.129937001794372620e+01
-3.889339597281100680e+01
-1.089738149347270024e+01
-1.434145311862445737e+01
-3.557059158007056965e+01
-4.308528028722234637e+01
-3.855842689781882626e+01
-2.228547716185014238e+01
-2.531766384393771574e+01
-3.926831726287916524e+01
-1.913453505494289075e+01
-3.794553030834462959e+01
2.041758381838326741e+01
-3.114123376991009451e+01
-3.109811619307995656e+01
-4.179940614584555902e+01
3.049686233827098292e+01
-4.013012333971144585e+01
-2.745435704761534268e+01
-3.395789908333348706e+01
-4.726299135492350700e+01
-4.001021720938598492e+01
-3.117514135114683782e+01
-7.519573335305032913e+00
8.798945663766495784e+00
-4.727384405438586867e+01
-4.301673267678657453e+01
-3.203329717438051460e+01
-5.521374140898542393e+00
-7.076037739445752095e+00
-4.417785657138851718e+01
-2.309084627554998193e+01
-1.078582709493446679e+01
-5.804102752114195241e+00
-3.435087386520572039e+01
8.194641023721835893e+00
-2.351065113923422700e+01
-1.389275834446024405e+01
-1.293381741023246789e+01
-1.650553765099470382e+00
