-3.873296518974532887e+01
-1.765519355058746243e+01
-3.726225202902229938e+01
-4.524201912603945885e+01
-3.072316733018296020e+01
-3.565081772403941329e+01
-4.364483240607187753e+01
-2.203002632766527569e+01
-2.272576777324745123e+01
3.160280550754210083e+01
-2.879681500003082206e+01
-4.181085846904966985e+01
-4.826208974794759854e+01
-3.080885006686922623e+01
-4.344058823422202664e+01
-4.129009943557549178e+01
-3.555347311923793541e+01
-3.281060607439881949e+01
-2.539352157153855671e+01
-1.335508745515111961e+01
3.487452606206858263e+01
-1.478470799921526790e+01
-3.785728302855795846e+01
5.037797033024880022e+00
8.073881158895488852e+00
-4.998670779829578947e+01
-4.106254545736732098e+01
-4.674770547373987739e+01
-1.950621241904493530e+01
-4.367176660765308327e+01
-2.432671950944965289e+01
4.873806308596488179e+01
-8.321632950924197303e+00
-2.053251569493965079e+01
-3.110563771221941209e+01
-4.685869344718343044e+00
8.780624825205975981e+00
-4.007843637758825395e+01
-2.560818542684297938e+01
-1.003209262581937722e+01
1.987138330315592327e+01
-4.764191878475477893e+01
4.605600052705591452e+01
-4.099637039861050880e+01
-1.509954375750871236e+01
1.009174868966666594e+01
-5.765426517692326058e+00
-3.958430564542790364e+01
-3.261557172987106412e+01
-7.596456665606609704e+00
-4.699145289455341867e+01
4.538195684994121848e+00
-3.917988372609646319e+01
-3.415813248008137037e+01
-4.891575085108394916e+01
-3.046797225035213685e+01
1.779279058591628626e+01
-1.994335470901041774e+01
-4.142063859250613689e+01
-1.693334450503680699e+01
-1.359857079036939709e+01
1.293851261656764251e+01
1.582394689183939818e+01
-4.278552071319265337e+01
-4.529257756680370761e+01
-6.985520478321970650e+00
-3.994630930826453152e+01
-3.537249538643636981e+01
5.224686376308440572e-01
-2.567331183624300905e+01
-1.991510161335754248e+01
-3.713921368926104805e+01
-4.637449177897791941e+01
8.834256325291708123e+00
-2.814198154647970895e+01
-3.185343345193665243e+01
-2.268569470333032712e+01
-4.387537738895923667e+01
4.524584906925524308e+01
7.800259849407442658e-01
-4.791181458363296031e+01
2.414946172967785998e+01
-2.011264638363083890e+01
-4.556272297796673598e+01
3.432780448504129822e+01
-3.424221333427556146e+01
-2.966803486501994769e+01
-3.262628280874391606e+01
-4.688501092164997885e+01
-3.142122182237071826e+01
-3.707278298924060067e+01
-7.978250540517183964e+00
2.795088344566339700e+00
-3.049739813233586005e+01
-3.233590915471462779e+01
-1.973864450071475218e+01
-1.957668781947198511e+01
-1.256688790734912331e+01
-3.826034813037153270e+01
-1.500491963243618443e+01
