-2.411807113295844474e+01
-2.990142112842582733e+01
-5.272411635551463860e-01
-3.239895218864806736e+01
-3.399109334377332914e+01
-4.895340957379409730e+01
-4.628042381490670820e+00
-4.786973945906908767e+01
-9.646471762266287442e+00
-4.491888410386202679e+01
-3.926983982897697700e+01
-3.869196633598826907e+01
2.690841214361770994e+01
-2.907877217988384899e+01
-3.140698285250425315e+01
2.310518877124085435e+01
-3.962025684612844145e+01
-4.470036963597638646e+01
-3.521572265511799316e+01
-4.764551984777911287e+01
1.125935372807585466e+01
3.293443405663877854e+01
-4.205788405536463870e+01
-3.324357546866370683e+01
-4.575210973760379574e+01
-3.929806721039776107e+01
-1.634912170745681337e+01
-4.842674736357137988e+01
4.919415788204666740e+00
-2.291584220454221921e+01
-4.762629025889301460e+01
-3.713953901059424823e+01
3.064165472445495197e+01
-2.004662983236167051e+01
-5.264198011319942694e+00
-1.760167573755073533e+01
3.323255114138692079e+01
8.423503350242413035e+00
-4.890031399001253476e+01
-1.998731488248893839e+01
-5.390320196857821600e+00
-1.201203883702147834e+01
9.076887644508602193e+00
-1.654050750162155481e+01
-1.536317698444549507e+01
-1.566438600616180743e+01
-4.198343908261588808e+01
-3.788832813251676157e+01
-7.511732931498964483e+00
-3.054875242331788598e+01
2.990615921396230448e+01
-5.158965132465532122e+00
-3.708571712093790040e+01
-3.303580458585446422e+01
-3.484263030330355093e+01
-4.465648666263588495e+01
-3.083707443779280410e+01
2.343561896314060533e+00
-2.868231334852430336e+01
-3.322857810476565277e+01
2.261043325404498461e+01
-3.960515422301315880e+01
-4.717941944386009823e+01
-4.133700646632190256e+01
-3.315743578042502548e+01
-6.741546150215970812e+00
-3.739684611844786843e+01
-2.380956206109188855e+01
-3.540442895355823794e+01
-3.935779605562217398e+01
3.100018835797741446e+01
1.320949096326638283e+01
2.010104361870993728e+01
-4.527309005979675760e+01
8.018857588896963762e+00
-1.943054676689720850e+01
-4.501159898139160731e+01
-4.255766765872645152e+01
-1.417172884494985041e+01
-1.229079341413101645e+01
-1.004864769436054672e+01
3.620407826902298609e+01
-5.641646726303864767e+00
2.622138994977810889e+00
-1.629278943357494924e+01
-4.636794773337815911e+01
-1.346198068350074273e+01
-1.641396358268100641e+01
-4.568101533990135010e+01
-2.106325117389501145e+01
-3.335247847039149605e+01
-4.894611677380821391e+01
-2.440905514955875333e+01
-3.101686167913506154e+01
-3.248286435535548833e+01
-6.862088702418610353e+00
-3.583355809260230984e+01
1.163217603730189431e+01
-2.625831967837314096e+01
-4.060302371662000098e+01
