2.559024908657378461e+01 0.000000000000000000e+00
1.972679529404867793e+01 0.000000000000000000e+00
2.400501419261959057e+01 0.000000000000000000e+00
2.146743640724385216e+01 0.000000000000000000e+00
3.166768523595116491e+01 0.000000000000000000e+00
2.155244408608322715e+01 0.000000000000000000e+00
2.013564748735127097e+01 0.000000000000000000e+00
2.516787603229251857e+01 0.000000000000000000e+00
3.359767161919816658e+01 0.000000000000000000e+00
1.462351630326635110e+01 0.000000000000000000e+00
2.858939296846747169e+01 0.000000000000000000e+00
1.880774721933654803e+01 0.000000000000000000e+00
1.842312434679663369e+01 0.000000000000000000e+00
2.557043585403038222e+01 0.000000000000000000e+00
2.102085834210192772e+01 0.000000000000000000e+00
2.906128093567720327e+01 0.000000000000000000e+00
2.244461978427644766e+01 0.000000000000000000e+00
1.861906627008964676e+01 0.000000000000000000e+00
1.743915226786991113e+01 0.000000000000000000e+00
2.067801370376152192e+01 0.000000000000000000e+00
2.773561593152461313e+01 0.000000000000000000e+00
1.442202585880905374e+01 0.000000000000000000e+00
2.230904429486464835e+01 0.000000000000000000e+00
2.588637589861642141e+01 0.000000000000000000e+00
2.137437028364814040e+01 0.000000000000000000e+00
