2.854719915424362497e+01
3.636178603425921096e+01
-3.324283421044128062e+01
4.509894055002915536e+01
6.202244516130425822e+00
-2.784145747076584954e+01
-1.509554447295503721e+01
1.693882375568945164e+00
4.776951137199237962e+01
3.513939934220316985e+01
-2.993961953007956112e+01
3.212706643812544627e+01
5.074779550019497520e+01
-4.277751523957547874e+00
4.500749782636978580e+01
-2.553059242443223908e+01
-1.026600698920826815e+01
2.794040997415202199e+01
2.868483963055063057e+01
4.660856852348702262e+01
1.078638653311812057e+01
-5.335930926660603291e+01
3.338065879311862716e+01
5.451633168715752475e+01
1.770983499930468597e+01
2.323716065374791384e+01
1.506896838709975306e+01
-1.415163033522721392e+01
2.090817470450404869e+01
-1.996424703960366287e+01
1.877009717507453246e+01
-3.922674406331000796e+01
-2.656501320425179813e+01
-5.691851206905536031e+01
-3.672657114929070588e+01
4.721567002284831460e+01
2.259258430362623926e+01
-2.014060047449081026e+01
3.995936649543379815e+01
-4.259148408009639297e+01
-1.459153477318975511e+01
-2.489578389305758321e+01
2.894180028512424840e+01
4.034209064018551771e+01
-2.189029743383274251e+01
-3.409869294809036333e+00
-1.477545996037396847e+01
1.364437940205601407e+01
1.054518345602207319e+01
2.031244455786306702e+01
-1.946665736279648229e+01
4.570588361689208767e+01
2.748015069080694417e+01
-3.663989096263956213e+01
-4.391422611163105927e+01
-7.204648451683999255e+00
4.551724966056333699e+01
-2.585130771211114364e+01
1.287928184414699828e+01
-2.572730175911504702e+01
8.470205690470173465e+00
-3.429078124019942919e+01
1.645274689491328957e+01
1.201608366259739746e+01
4.299689891121820295e+01
4.818969965952503287e+01
1.179810675611073023e+01
-3.580344921898262101e+01
-3.883665308843347219e+01
-2.479900947562717661e+01
3.589747834233233448e+01
-3.403720242448225974e+01
2.823226891747482625e+01
-1.318858847761199549e+01
4.699286621032999278e+01
-2.098115473442795320e+01
-2.995521093662585699e+01
-2.488268811220139654e+01
1.299543355312022008e+01
-3.890990070606030304e+00
-1.689750489692488600e+01
3.237990479079366679e+01
9.051633535882631421e+00
8.014324681767558189e+00
4.120907583716995504e+01
-2.511314195028709761e+01
2.979503729925591671e+01
2.242401653621781676e+01
-1.169391088823877922e+01
5.985974795434479745e+00
-4.023721231973404144e+01
-4.474016290194569478e+01
-1.626358340598216712e+00
2.696096540683318210e+01
4.383674364521681355e+01
-3.465158524477679691e+01
6.031777411244398479e+00
-4.768721532021980458e+00
-4.756981160715445611e+01
-1.356832948207254930e+01
