3.268277509120365920e+01
3.845331795764873561e+01
-3.830630917890572107e+01
4.463352158284463655e+01
6.470752537807390681e+00
-3.089874218955656815e+01
-4.342537114505887530e+00
-1.429062693909086335e+01
3.862576989009509987e+01
4.450773814572450959e+01
-2.495349713331107111e+01
3.946320751766098311e+01
4.693370175925805654e+01
-4.488992290144734554e+00
4.147258099595488545e+01
-5.138631293562895053e+01
-1.019279046695934809e+01
4.152998353069150994e+01
1.560543894789521602e+01
6.138894349114826809e+01
3.345406062599276709e+01
-4.171080269700492948e+01
4.481431439701213293e+01
3.110641773530839771e+01
1.429739278898368937e+01
3.314384385285471524e+01
3.676273341686976437e+01
-1.823404848903917497e+01
6.138876418280818648e+00
-5.473085571078649991e+01
1.054146377580923755e+01
-4.255560467325444307e+01
-1.192113947549867703e+01
-2.524721344953333357e+01
-3.536096185972247952e+01
1.165945932709181321e+01
2.251131294861307452e+01
-2.029103047460267462e+01
5.819962297849906463e+01
-3.606126948431737844e+01
-1.096790669663457329e+01
-2.571426854826981057e+01
2.542918011727972427e+01
1.893762641090185639e+01
-1.664782294103191163e+01
-4.084325805787916153e+00
8.690516820635707518e-03
2.120848632873927642e+01
2.475827013137553223e+01
6.573275428645205309e+00
-1.900201114788654166e+01
2.746081466734341348e+01
7.654252809307958039e+00
-3.826272132583390118e+01
-4.605931160427750370e+01
1.347332865779762834e+01
3.919354295419978484e+01
-1.328887461444188034e+01
1.034221893027351946e+01
-2.696720847653498510e+01
3.207143574935405894e+01
-3.003583015413950008e+01
-1.238462530682743790e+01
3.289354574345495053e+01
4.345722794775379327e+01
4.150652828678337158e+01
7.746021435702393987e+00
-4.277626185092519506e+01
-3.014956915897517575e+01
-2.575032084798255738e+01
2.866485461558790604e+01
-2.302510498431847097e+01
2.551764566280284896e+01
-2.624733091657551398e+01
3.958441340525718033e+01
-1.133973055445238742e+01
-2.337825863980846108e+01
-2.203650998039595521e+01
1.249797460273181038e+01
-2.814331131622715532e+00
-1.514524988280827955e+01
3.833452701522315209e+01
5.112510518557699335e+00
3.452091944234776388e+00
3.844072457668362830e+01
-2.377122495375398259e+01
2.742275655202205797e+01
2.381262446415007972e+01
-1.408784960125454511e+01
7.401839629599063386e+00
-4.099999133785738792e+01
-4.641927430660248177e+01
5.102455332037320268e+00
2.986292283394573488e+01
4.343796695992244850e+01
-3.884769598374209210e+01
2.225131455763980970e+00
-3.600371629435509924e+00
-4.863260975500342198e+01
-9.836167214291624106e+00
