-2.746195997112949883e+01
-1.865172133640244923e+01
-3.257988680059704478e+01
-4.450142153660646471e+01
-1.764687173936322750e+01
2.571621478159621788e+01
2.547616354312943798e+01
1.171855597582305997e+01
-1.263074755945475935e+01
-1.340168283970622376e+00
2.431744638287652549e+01
-3.207573470010609640e+01
-8.877503805484948884e+00
8.102826398017278109e+00
1.537310128808573140e+01
-2.083328921477879447e+01
-4.185914830396836805e+01
1.915668280772302445e+00
3.082514609368528724e+01
-3.023887644896407778e+01
2.599419078195692023e+01
-1.760159810408963210e+01
1.954529034815880806e+01
-2.544835815237296117e+01
3.056759860316154942e+01
6.146452660290569803e+00
-1.071370474613903667e+01
3.365137213731661348e+01
-3.522193680576290831e+01
-3.431055119860893399e+01
