-2.861523163838126038e+01
-1.632160727983175619e+01
-3.434676609239391354e+01
-4.520505966710052093e+01
-1.902809485589705929e+01
2.569839645104179482e+01
2.576764592758015482e+01
1.179399159281012821e+01
-1.217890696858883359e+01
-5.810068455665041709e-01
2.371738977713124541e+01
-3.230233079813267238e+01
-8.824941304442623036e+00
5.888145886599044587e+00
1.680078274806465544e+01
-2.187173446700534285e+01
-4.406035115116124956e+01
3.646905418660079334e+00
3.098791780541254681e+01
-2.963008798363503615e+01
2.604131848948292571e+01
-1.882006379418988828e+01
1.911418366658673307e+01
-2.270338345227690624e+01
2.990453884349304303e+01
6.314413888208822101e+00
-1.122758146028530035e+01
3.196560775984195857e+01
-3.646465609420663156e+01
-3.506852678757149988e+01
