-2.599321564358777792e+01
-1.283152613099942663e+01
-2.600805669899308725e+01
-2.650440986481295269e+01
-1.851328773441940001e+01
3.095134110713759767e+01
2.337507388292076627e+01
1.141928601356279671e+01
-2.483724956205027468e+01
-3.927882458394829079e+00
2.771024474166744511e+01
-2.326940520605592866e+01
-1.172844344809241868e+01
3.395605792762184549e+00
1.868934385656164210e+01
-2.236188136979833985e+01
-5.776213208990151315e+01
4.586150714113605531e+00
1.112632488608826975e+01
-4.089500283399761571e+01
3.592201471185929051e+01
-2.207779738178127005e+01
2.435062456868623215e+00
-2.533394297977405429e+01
4.064513182738089370e+01
7.760943032015017451e+00
-2.206593864159727048e+01
2.845802367334229288e+01
-5.132140386424414658e+01
-2.930060411095389128e+01
2.421805288624949704e-01
4.786548573209763902e+01
4.411037064257780571e+01
1.343875774748779861e+01
-2.013671106915437825e+00
5.049092295646556749e+01
3.106766961172172969e+01
4.519303789917844938e+01
3.519556857910973235e+01
-4.525130992648573169e+01
4.136569490959865902e+01
-9.323595977987970684e+00
3.559573338608996806e+01
1.714689237422582124e+01
2.143109506956107246e+00
3.413449777257113738e+01
-1.418202575114804986e+01
4.610701835518918301e+01
3.176028995650226960e+01
-4.577435072794453674e+01
3.000272209894984599e+01
4.510636033142819912e+01
-3.988880674651056069e+01
-2.257934303755978789e+01
1.983409171071272326e+01
4.348801010634824138e+01
4.159669748360359876e+01
-4.303840619591548489e+01
-2.420430572099787980e+01
-2.395682074901122860e+01
3.651093512480741055e+01
9.431308643619225052e-01
1.248595592366059037e+01
-3.704566564511051752e+01
4.518008340634889208e+01
2.737346917314646078e+01
4.759050222579909928e+01
4.018045424421412548e+01
-6.479290428730951135e+01
-1.216507091985299205e+01
2.472017075299115518e+01
-9.927634828630461428e+00
-5.466196461683468044e+01
-1.565703947481617320e+01
3.381233319943869731e+01
-3.066736347324961898e+01
-1.229020877470409623e+01
-4.128619325628726244e-01
6.958693703459759661e+01
-9.675998893116160460e+00
1.380132844086582988e+00
3.022658476652519965e+00
-5.493355510587419843e+01
-4.116238219687754452e+01
3.912003239020627632e+01
-2.657830111619994895e+01
-3.920050735723904722e+00
4.894850426262871679e+01
-4.343058743963683099e+01
-2.938209491965437792e-02
1.106621850948287822e+01
5.160147374774304296e+01
3.453587145880584330e+01
3.488349780030616643e+01
2.709143780746519781e+01
1.919866071130424245e+01
1.110112555873405604e+01
4.880243049729293681e+00
-2.619056651235638356e+01
4.166599224240536614e+01
