-9.317257253368296688e+00
-5.753342207803076924e+00
-3.172830787269318975e+01
-4.222154452264672386e+01
-1.908375052187535204e+01
3.546414856257037940e+01
2.606045389444225435e+01
-6.104485887107280462e+00
-3.714268031146933424e+01
4.124028371446989638e+00
2.566237279146787387e+01
-5.612693490390848439e+01
-1.353204770327085171e+01
1.513098175631650832e+01
2.582674536679648014e+01
-2.976958663436332131e+01
-3.468598572544589587e+01
3.380373786847981421e+01
3.444051745794508435e+01
-2.226298841157542796e+01
2.458963964911018962e+01
-4.778606919502280448e+00
2.125997088293399528e+01
-2.687932811283578260e+01
4.171660351860277416e+01
9.479368764964668514e+00
-4.845432750013507928e+00
2.194737961207951571e+01
-3.783807592378701656e+01
-1.985783916779706360e+01
1.907785855442039491e+00
3.069715859577647166e+01
1.290673287739703134e+01
1.413604123162855686e+01
-2.330581010451737711e+00
1.851679887425538595e+01
2.882795852886615506e+01
3.660048521392437948e+01
3.555349658170811722e+01
-1.956202037643939917e+01
2.313878756644611201e+01
-4.053441733106523337e+00
3.114641000312472841e+01
2.867298327354781762e+01
2.245026614627627204e+00
1.631301206627205147e+01
-1.617913067559727125e+01
4.380422432683040057e+01
1.537778073069975093e+01
-5.698774380474132784e+01
2.828329798514195303e+01
5.085096768941016876e+01
-4.593953437930923656e+01
-1.691919530379666625e+01
1.475840159870023882e+01
3.595283863580245054e+01
2.439587948137028661e+01
-3.242920716564114514e+01
-2.627312919352299758e+01
-8.942541398944962694e+00
2.216114113879021374e+01
1.184245696381636037e+01
2.229962449894454934e+01
-3.164608785982903072e+01
4.867600867052742331e+01
2.522540232365557955e+01
4.436883767370089515e+01
2.275410611620620571e+01
-5.394796024638024079e+01
-7.377179570041505485e+00
4.205274590851442618e+00
1.399882280299808279e+01
-3.694275647686586694e+01
6.317323378777849996e+00
2.317737547793804254e+01
-3.640740276923809660e+01
-2.376527334291525762e+01
-1.409209754422974115e+01
5.256635591940931107e+01
-1.481651545380713841e+01
-2.406406003699626694e+01
-2.036792148644441980e+01
-5.425575267775440125e+01
-2.826887433547187456e+01
5.082297073637950291e+01
-1.798378860111870736e+01
-3.306290772067680450e+01
4.344131605281642550e+01
-5.233769294328175192e+01
-6.017334559975823005e+00
5.020616587861567837e+00
5.066331500002252142e+01
2.271114354138207148e+01
1.258176285531553518e+01
3.129801162025637495e+01
2.544430905630474626e+01
-2.023588180848570950e+00
1.214573397436094382e+01
-9.165616296066790625e+00
4.989120177735547657e+01
