-3.340654813560325920e+01
-1.809607058701248405e+01
-3.515149187978755663e+01
-4.878702829092171100e+01
-1.461725161985077470e+01
2.388290702006775845e+01
1.913409984230538896e+01
1.155308329515513321e+01
-8.520997770356393275e+00
-9.673134643787175690e+00
2.214482866127084293e+01
-3.155257403436375085e+01
-5.093325093352853550e+00
5.581070429265247768e+00
1.655959367962872264e+01
-2.976222861808994935e+01
-4.191472483914552782e+01
-3.453594639949876033e+00
2.775220800101520524e+01
-3.982232424769566848e+01
2.701411431337633218e+01
-1.190975102741671243e+01
2.243519045295033010e+01
-2.315355756970276957e+01
3.515731344426899341e+01
9.327714827970497780e+00
-1.504475696639504356e+01
2.868904296464857140e+01
-3.970750556715528035e+01
-2.829319022561467278e+01
