-2.913690434426352027e+01
-1.570273112366387380e+01
-3.416630238090700544e+01
-4.580780217482677585e+01
-1.807954267461831677e+01
2.572544935049398873e+01
2.471674509961641419e+01
1.121555364797071519e+01
-1.213679700175753418e+01
-9.156863833798161156e-01
2.340516176609036236e+01
-3.146454303631843175e+01
-9.066143571896688513e+00
5.734858645474612437e+00
1.568432115623102696e+01
-2.158261578032621486e+01
-4.337009980772079842e+01
3.353505762458241168e+00
3.114548276002922123e+01
-2.990408547223941582e+01
2.543282362439447297e+01
-1.867405703629579250e+01
1.974908681000994548e+01
-2.442738818391169886e+01
3.031110580809133737e+01
7.076549944894542143e+00
-1.241628592098454220e+01
3.172496623869331955e+01
-3.595458536330809807e+01
-3.430064537797739632e+01
-5.950055560441446900e+00
4.163376774071809194e+01
1.788027134848612221e+01
3.648078321535885404e+00
1.070609180892105705e+01
3.417748329489539572e+01
2.369316769536167655e+01
2.464520758546817802e+01
3.438076931065880615e+01
-3.611388090716361887e+01
2.847941779758524206e+01
-2.843886065497966520e+00
2.829971065582168066e+01
2.101047443845805773e+01
1.845600713671907922e+00
1.516374482439615257e+01
-5.468525929077503456e+00
3.968684899139140754e+01
1.171368905060534615e+01
-4.941123730476810749e+01
