-2.800887017034361648e+01
-1.570276794007114418e+01
-3.416626624368990406e+01
-4.580774877773219345e+01
-1.807949166110273254e+01
2.572588039689591710e+01
2.471636910783085739e+01
1.121590457136937680e+01
-1.213644942153636386e+01
-9.156388767170907661e-01
2.340544109001877260e+01
-3.146482584750365064e+01
-9.066432521814697054e+00
5.735172642033434798e+00
1.568431412236934364e+01
-2.158260360272450384e+01
-4.337033115129263194e+01
3.353773271611630857e+00
3.114545966669289356e+01
-2.990407432905444907e+01
2.543281455181335815e+01
-1.867379368234361436e+01
1.974907215696893203e+01
-2.442736249954056049e+01
3.031108043177525602e+01
7.076291054243453615e+00
-1.241654689577813286e+01
3.172495450086683988e+01
-3.595483658982454500e+01
-3.430063301949759591e+01
-5.950060264236189056e+00
4.163405432788623273e+01
1.788030982449006956e+01
3.647831769550131220e+00
1.070584860515500480e+01
3.417772042461911042e+01
2.369293740554768846e+01
2.464522130999669614e+01
3.438051029849671636e+01
-3.611387723539748151e+01
2.847966394545376545e+01
-2.843608610136741266e+00
2.829998669276964307e+01
2.101045124430549293e+01
1.845299051926150069e+00
1.516372549605200071e+01
-5.468595417870282027e+00
3.968652588967855621e+01
1.171372531645567605e+01
-4.941092254094288450e+01
