-5.540514764536212056e+00
-3.200110964997911367e+01
-5.151217010130405782e+00
-3.875601190376548288e+01
-6.515833921759309533e+01
-9.283513364618883656e+00
5.186281289191494892e+01
2.619237136522570353e+01
-1.005967100082741084e+01
5.802474559551856714e+01
2.143357112282105703e+01
-3.346538118583070798e+01
5.895635667765702692e+01
1.975992853474066635e+01
-3.532373779960060034e+01
-4.358959228691696808e+01
-3.343245597790639323e+01
4.839610982175692300e+01
5.114627007694389249e+01
-1.389376575982915440e+01
-7.565803297747390133e+00
2.740985052585617865e+01
6.875060304744090445e+01
-2.351600890194389493e+01
3.337928490034192919e+01
-9.497130065331640481e+01
4.166093783172793508e+01
2.471664585765608990e+01
-2.293108457600472150e+01
2.975553818704637621e+01
