-2.863277270871423497e+01
-1.401441481242762777e+01
-3.489556188212328180e+01
-4.543263901468623800e+01
-2.164965002646809822e+01
2.663222984805558369e+01
2.383004525739030655e+01
8.924722429824960557e+00
-9.859316657044907117e+00
3.935876249347476374e+00
2.446456234110794981e+01
-2.936474655574685144e+01
-7.499915317374465040e+00
4.736995705904571530e+00
1.358910458706782798e+01
-1.879253316732344814e+01
-4.137706487741785111e+01
-1.047878166627187468e-01
3.439299995244281405e+01
-2.808075621065777838e+01
2.284334875867321912e+01
-1.627788650002821669e+01
2.212226099581031846e+01
-2.590389451224288209e+01
2.946674564846342292e+01
7.159864974890609801e+00
-1.194076402245423907e+01
3.251053387529883310e+01
-3.647238544113967151e+01
-3.739070092902379372e+01
