-2.738178252492316034e+01
-1.659396256347469745e+01
-3.545766489967124357e+01
-4.201627635857741438e+01
-1.890535099347815517e+01
2.609685405395259039e+01
2.044103615031688292e+01
9.781277176250338101e+00
-1.284562216888113184e+01
-2.221078941482304003e+00
2.547327097106915161e+01
-3.194718472660883535e+01
-1.104721735826065832e+01
4.123588320106401639e+00
1.355029531903133133e+01
-1.735340578667574007e+01
-4.778639475940160253e+01
7.831532994616217991e+00
2.863333010542609713e+01
-2.928125268348753707e+01
2.250727974920895846e+01
-2.206733787118552570e+01
2.083111067383594062e+01
-2.221781346712799987e+01
2.957447995882786529e+01
7.336435686893406860e+00
-1.238648244002465049e+01
3.552409371871054589e+01
-3.666028679681403446e+01
-3.101887769007710105e+01
