5.711810257118425227e+01
4.344051142061281467e+01
4.950711728980686388e+01
4.721525746126985013e+01
3.878214277768133655e+01
3.844773614511048265e+01
3.397452792992174864e+01
2.974918941848043374e+01
4.705311709430279166e+01
4.677513005833255733e+01
2.996496098993305068e+01
2.587929281592955988e+01
4.428396035271835274e+01
3.470416733640252716e+01
3.294590518628988463e+01
2.757611277688109652e+01
1.772962194100769651e+01
2.659831490287329103e+01
2.220649067909875640e+01
1.301278268145144423e+01
2.879482783687463865e+01
1.139273395604146089e+01
1.406807187389939884e+01
1.840703116696234076e+01
1.459544241723058811e+01
2.232170476802050629e+01
4.402351990496507383e+00
1.789293177526713308e+01
6.491826233602890461e+00
1.611207657055161846e+01
7.696886350070931471e+00
2.450109538138315557e+00
1.013958104125958037e+01
8.818245328707769559e+00
-1.510555360050206630e+00
5.362649221647869169e+00
7.611671220937029858e+00
7.626561384477373196e+00
-3.683584484647175472e+00
2.995968813552089216e+00
7.121764887257574728e+00
-9.135734852568688780e-01
-1.434844548173031775e+01
6.914128108625384961e+00
-1.431119788926403125e+00
1.153798916724777968e+01
1.850330895748568949e+01
1.414845986901461039e+01
1.737662857068728073e+01
1.537367315095306353e+01
1.300445249766023892e+01
2.149149417570312437e+01
1.424060806346095909e+01
2.041017152099773924e+01
1.391903694477795916e+01
3.062081558529449055e+01
3.873851700635484718e+01
2.220552448210221641e+01
2.661949819543358942e+01
2.111049249255277971e+01
1.073883067086857146e+01
1.178022708484391856e+01
2.462487089113471939e+01
2.785458064826595503e+01
2.046315167312886629e+01
6.514949358874210006e+00
2.850418634094376813e+01
7.662168251296119337e+00
2.419500506506768289e+01
2.603193344400175135e+01
2.481226940845834505e+01
2.799783953937723879e+01
2.993412706291400482e+01
2.387014747838609807e+01
3.165703852188056544e+01
3.113522181592076876e+01
1.812739232208900830e+01
1.930558689448437093e+01
1.805659970030184525e+01
-5.773544635082114240e+00
1.653889898727763708e+00
-5.508486343140162944e+00
-8.298132294055065472e+00
1.923326867865069012e+00
-3.415641995728296187e+00
-2.665970425396296584e+00
-2.106369202275377717e+01
-8.549295184287263538e+00
-2.410031691918637264e+01
-2.075250693428966642e+01
-2.573990235629682388e+01
-2.789431845988851677e+01
-8.000903338522114439e+00
-1.289110938677981721e+01
-6.828316616566904251e+00
-1.554879858784432578e+01
-1.420236924899930742e+01
-1.071049686740241569e+01
-1.530909793723006551e+01
-5.832232217181543277e+00
