-2.998497268859165388e+01
2.722120271160470395e+00
-3.279622794005516084e+01
-3.344458098275569569e+01
-7.018148279216593721e+01
-2.882524591179905826e+01
-1.225699893149196207e+01
-7.175935264240827394e+00
-1.811026645346718311e-01
-1.547698655596886397e+01
2.942199414183458828e+01
-2.905322196170698845e+01
2.077290436971672705e-01
3.581145361144336903e+00
3.431132180197568005e+01
-1.001699722218312161e+01
5.925707863138758746e+00
2.358074867092950200e+01
2.228349657220610425e+01
-2.114131224294406763e+01
3.449556729024610036e+01
-3.540028640523290449e+01
2.861211468611735853e+01
-2.825773940877504131e+01
4.878364833682389445e+01
-3.296049666956251656e+01
-3.097683584329968909e+01
7.198588887356689270e+01
-9.203707381869185156e+01
-6.263947050358687818e+01
