1.028361110358828823e+00 0.000000000000000000e+00
1.025777722189260777e+00 0.000000000000000000e+00
1.028378341005004915e+00 0.000000000000000000e+00
1.029985951768043639e+00 0.000000000000000000e+00
1.029759515803780667e+00 0.000000000000000000e+00
1.029981006043649172e+00 0.000000000000000000e+00
1.029732619182223363e+00 0.000000000000000000e+00
1.027924166544033735e+00 0.000000000000000000e+00
1.026133336467265567e+00 0.000000000000000000e+00
1.030004941298033216e+00 0.000000000000000000e+00
1.029983149174275026e+00 0.000000000000000000e+00
1.029949100928768235e+00 0.000000000000000000e+00
1.029388028620600526e+00 0.000000000000000000e+00
1.028525939050267457e+00 0.000000000000000000e+00
1.031525114407684462e+00 0.000000000000000000e+00
1.027325932697199962e+00 0.000000000000000000e+00
1.030630201441164351e+00 0.000000000000000000e+00
1.030282058309841986e+00 0.000000000000000000e+00
1.029739596965489890e+00 0.000000000000000000e+00
1.053587226484646644e+00 0.000000000000000000e+00
1.028402109449603863e+00 0.000000000000000000e+00
1.030004969735241804e+00 0.000000000000000000e+00
1.029985003977582414e+00 0.000000000000000000e+00
1.027288640628788441e+00 0.000000000000000000e+00
1.029643669794636285e+00 0.000000000000000000e+00
