-3.265857501425359999e+01
-1.313677121011349413e+01
-3.392333258870309720e+01
-4.374021274621026834e+01
-1.483913977001894224e+01
2.779573996518612944e+01
2.698979550816646622e+01
1.057330853313251140e+01
-1.059357174522628853e+01
-3.820419222664125369e-01
1.567341039261845381e+01
-3.353066571288009357e+01
-1.023484951162574852e+01
4.998940882112546724e+00
2.021766669408879835e+01
-1.817028924154698899e+01
-3.887024353080154526e+01
7.373579492283500736e-01
2.880073531728893954e+01
-3.126784513815281841e+01
2.528493027712078600e+01
-1.827969924985750794e+01
1.695987747508274168e+01
-2.176134022082923991e+01
3.419020609001777444e+01
-2.701850155784514040e+00
-7.819848466429842659e+00
3.865922295880376680e+01
-3.326297728865665704e+01
-3.608587694468241125e+01
-3.257526153035186223e+00
3.963796994169929633e+01
1.630374816722755327e+01
5.874546655533723349e-01
1.144330532318748617e+01
3.410650552756865039e+01
2.235931439099887541e+01
2.403140602025091255e+01
3.468067823928161886e+01
-3.831756531146328371e+01
2.201779175251578380e+01
1.865680215912695949e+00
2.729359509563413155e+01
2.321899271906655926e+01
1.090419411079668111e+00
1.421286155571903720e+01
-2.671534160873053843e+00
4.336953723223485468e+01
1.261361098970828110e+01
-4.768652607510467334e+01
