5.677472866807304896e-01
-9.636803057379474069e+00
1.672403583298031293e+01
2.519362296985807248e+01
2.863681337300737084e+01
2.322105131073823259e+01
1.141291477331659365e+00
1.956932714056045697e+01
1.691973432510652575e+00
-3.883437905363210518e+01
3.900146955507722168e+01
1.687449653313485953e+00
3.323705265761525141e+01
1.200852499337540280e+01
1.450061707040569559e+01
-2.529843833732263647e+01
-3.703290097620904930e+01
3.148829930704710023e+01
1.758239062632344485e+01
3.561741121563045454e+00
-3.434413302060587370e+01
2.103888078653498184e+01
4.253059370269829742e+01
-3.962199031611902456e+00
4.881613570781607336e+01
-1.516916903644571590e+01
-1.257723924023992268e+01
3.774414412720366840e+01
-4.137821400145769246e+01
-4.416909416979801506e+01
