8.977909347393271844e+00 0.000000000000000000e+00
9.153063811098469671e+00 0.000000000000000000e+00
9.165053196953916625e+00 0.000000000000000000e+00
8.657355370695675845e+00 0.000000000000000000e+00
9.203768513136751039e+00 0.000000000000000000e+00
9.074891533681586964e+00 0.000000000000000000e+00
8.337263618421188127e+00 0.000000000000000000e+00
7.993719610803438513e+00 0.000000000000000000e+00
8.653563420631872560e+00 0.000000000000000000e+00
8.055409712325495519e+00 0.000000000000000000e+00
9.051507485819216825e+00 0.000000000000000000e+00
9.114932406959907141e+00 0.000000000000000000e+00
9.344269201516326007e+00 0.000000000000000000e+00
8.443661123258584311e+00 0.000000000000000000e+00
9.043333553068842789e+00 0.000000000000000000e+00
7.336780260926059505e+00 0.000000000000000000e+00
8.832812284001684944e+00 0.000000000000000000e+00
9.101874699348115882e+00 0.000000000000000000e+00
8.798848642370600714e+00 0.000000000000000000e+00
8.906534437115560365e+00 0.000000000000000000e+00
8.417356545488813069e+00 0.000000000000000000e+00
8.343053271546223115e+00 0.000000000000000000e+00
8.749486517299365218e+00 0.000000000000000000e+00
8.731389798880949016e+00 0.000000000000000000e+00
9.105242446638159848e+00 0.000000000000000000e+00
