-1.758474986855406996e+01
-7.585652266016396084e+01
3.836846924106737333e+01
1.867202733988375485e+01
-3.217160072400090343e+01
8.866120785468954324e+00
-5.194519851917962683e+01
-9.634646636864233926e+01
3.074010998892433122e+01
8.372783590945064702e+01
-9.609757110226908594e+00
-7.482679967368710550e+00
1.137809747870215915e+01
6.606361661797890861e+01
5.480383748688089440e+01
-9.708573818595695570e+01
-3.838323819975451556e+01
-4.010448695925087037e+01
5.643110598917516540e+00
-1.770538421834375242e+01
-4.260263267910194429e+01
-3.235983518594989050e+01
-1.602780223476762522e+00
-7.316139329563947058e+01
4.404569141965060908e+01
4.867675304224802346e+01
-5.952120084363403407e+01
3.253826134806675441e+01
5.487584689048980380e+01
1.547330619173866140e+01
-1.544975170459636615e+00
-5.626397792988599633e+01
6.822457741771769690e+01
-2.863399604051391378e+01
-4.827193665764088593e+01
7.613786711888916159e+01
-4.220728836768303438e+01
4.634323748122758957e+01
1.218304068174627375e+01
-6.779014862818397091e+01
-6.698715647964087339e+01
-5.821965614084153628e+01
-8.004918812751576240e+01
8.424935662944085379e+01
3.685259004502095337e+01
4.657418384409299961e+01
-2.173162867549997657e+00
-1.951742206932114243e+01
1.961630617020009026e+01
-8.927030148129358622e+01
