-5.668270091979660918e+01
-4.616694900315254557e+01
-2.781502313067375809e+01
2.827312607086534513e+01
4.073059544574465463e+01
5.606477584926555835e+01
-6.793499538246422276e+00
8.608236716964225366e+01
-5.033692554736406422e+00
-6.706744939981315667e+01
2.712279434753712692e+00
-5.949905147148258067e+01
-9.536731171961716313e+01
-1.286214945809800270e+01
-4.767318833200722850e+01
-3.404457631187513655e+00
6.362059361511928302e+00
-1.369121752576056394e+01
-4.878221445206775542e+01
6.709748984879153966e+01
-8.572302147727302213e+01
-9.106061326250903676e+01
6.957344088284253303e+01
-2.957548996007890096e+01
8.940307108131720781e+01
3.162492356813942251e+00
-3.093078304405925394e+01
-1.194551239814718890e+01
-6.158404454153086505e+01
8.909902858841100226e+01
3.935006188023501750e+01
-8.574553776446556697e+01
8.691630094620387581e+01
-1.825477504279348295e+00
8.293084563715837021e+01
2.730956601474249368e+01
-5.735017011807266130e+01
4.896581340169402097e+01
7.832441481468632105e+01
-3.694861174974103335e+01
-8.134104595862605436e+01
-2.909562313736545036e+01
6.059407270279959334e+01
8.921954836875400474e+00
4.452953642474076901e+01
-3.499594068066475927e+01
3.092668347952411523e+00
-2.901860131926106590e+01
-5.741235453930043064e+01
-5.065972449496221230e+01
