5.695399178143374996e+01
9.011045802590503229e+01
-8.254637850987822389e+01
4.628989783854031970e+01
-7.084333924329833110e-01
6.277641164478439606e+01
7.096922105842870110e+01
6.072092870717568758e+00
5.403490786024795511e+01
1.835247193699753154e+01
-2.961627991531172199e+01
7.420360059633281935e+00
5.883251729364100413e+01
-6.349361896639124581e+01
-1.548475176035255174e+01
2.162157087574883363e+01
-5.176584217316851522e+01
3.647823753374586886e+01
2.790729380570330420e+01
4.849744540560720907e+01
2.360178639888395935e+01
3.155271501967541070e+01
2.036616101415053492e+01
7.888727656341022509e+01
2.238267426769032653e+01
-3.909572568623411826e+01
-3.293257988045348839e+01
8.749819119589088245e+01
-2.701779054840660166e+00
-1.679754575989618104e+01
-5.983368478067951912e+01
4.167882333288523000e+01
-5.702684051689679023e+01
6.136094187605360162e+01
-2.162330048154488793e+01
-1.277068195385509242e+01
4.170779509037303967e+01
-7.705859847669877638e+01
-3.404229195781736905e+01
9.510391343120629415e+01
1.376226373205202336e+01
-2.729218142454190854e+01
8.502178348026930621e+00
-3.555513898492559122e+01
7.692906508146147360e+01
7.259398914663415781e+01
8.097516877752781284e+01
9.801054695759660262e+01
2.500050391501973479e+01
-1.076863621320990738e+01
