2.277680955069008633e+02 9.886607704525430564e-04
2.516147445562141058e+02 7.780131629213428998e-04
2.797894151520109176e+02 1.194598241407220389e-04
3.458995239566286273e+02 0.000000000000000000e+00
1.229798965312815398e+02 5.372020796765355219e-04
1.456132589518997023e+01 5.584804607745354763e-04
1.470090920574886582e+02 0.000000000000000000e+00
-5.413962993051215733e+01 5.536081181171994279e-04
1.866650902864974455e+02 1.386550933609487311e-03
7.062377369260035209e+01 3.527359171964008231e-04
-1.108919332561186195e+02 8.466462223917005933e-04
3.294557051214908938e+02 2.576114563332043781e-03
5.093692938930004743e+01 3.061560347598970286e-04
-6.796916721981115472e+01 0.000000000000000000e+00
6.183872947759985550e+01 2.103649188149847669e-03
1.348545635768928719e+02 6.274141796989169003e-05
2.247117650478178632e+02 1.550296637797600756e-04
7.074257255286184431e+01 9.925059610291554237e-04
2.373252685025669848e+02 1.198530619496796044e-03
-6.688622472098765570e+01 1.537899877557037957e-04
1.304473389172097484e+02 1.996225595127998440e-03
1.905707941678903126e+02 1.624222708904699084e-03
1.270233529906410013e+02 7.096575180933541735e-04
1.660043530439324968e+02 2.412852897001971451e-03
1.113067791358818113e+02 5.647261330134824850e-04
