-2.830782300313276423e+01
-1.593370349033663480e+01
-3.378772925712333119e+01
-4.623162804444741880e+01
-1.784756165920293114e+01
2.549480180644802729e+01
2.436105903952219620e+01
1.163173343034969953e+01
-1.298834833694822422e+01
-8.078386124248562172e-01
2.376381309713000789e+01
-3.123891544264718334e+01
-9.338827843855609601e+00
5.896925699688026157e+00
1.532202055201666369e+01
-2.188997380009090676e+01
-4.387379180395600287e+01
3.442934234353004719e+00
3.125530236798619654e+01
-2.939220800827669322e+01
2.651989785993912463e+01
-1.854403245574074433e+01
1.965013585341687374e+01
-2.493057570603116702e+01
2.998276832919800583e+01
7.604013972752603934e+00
-1.195686966823527619e+01
3.153540901189089496e+01
-3.619686595992481415e+01
-3.518818072435120570e+01
-5.404356999891089863e+00
4.156697952262133811e+01
1.801219895728175047e+01
4.127363217415025431e+00
1.026633348935608581e+01
3.411999213513468732e+01
2.378019171891434524e+01
2.456405967334537266e+01
3.341901364452119338e+01
-3.611208768198959973e+01
2.827491490943208063e+01
-3.181477750090299317e+00
2.858036509449633655e+01
2.108577606859545384e+01
2.187666822013895729e+00
1.507644138037820092e+01
-5.217657514983542910e+00
3.895515823731050631e+01
1.185717813852322600e+01
-4.891992666798068257e+01
