-2.904670701661508048e+01
-1.604736498901545616e+01
-3.353482189005762137e+01
-4.523709271760887418e+01
-1.817041625989349996e+01
2.548885688187690945e+01
2.435561415619558190e+01
1.101708768094668756e+01
-1.235050449422012520e+01
-9.476977889134103883e-01
2.491041671969751548e+01
-3.174297800119211033e+01
-9.640962422767243467e+00
5.985667319788516849e+00
1.582364110952892666e+01
-2.067242871553640882e+01
-4.341173166975348607e+01
2.392733457784892881e+00
3.191117954084358743e+01
-3.016456162207509450e+01
2.474063808884450566e+01
-1.860544119783154926e+01
1.910250987775335574e+01
-2.477755067740899975e+01
3.101816819395522984e+01
8.702290251532113885e+00
-1.193978431706040411e+01
3.195812478586468330e+01
-3.569795106222211700e+01
-3.345648774370487644e+01
-6.542026403885628838e+00
4.163260472843755622e+01
1.803499289690570251e+01
3.694991282201883553e+00
1.093890200762763065e+01
3.378714446984209019e+01
2.340651453473749655e+01
2.529177812265824343e+01
3.522319780232286490e+01
-3.579120853603147623e+01
2.761621439336963846e+01
-3.810450376712355425e+00
2.880151763601127612e+01
2.075270109860702661e+01
1.244372473251894817e+00
1.398517540273239845e+01
-6.035716503150066359e+00
4.000620861609001366e+01
1.100147381313021278e+01
-4.982067596922175312e+01
