-2.939881688135181292e+01
-1.554681628898686796e+01
-3.386389258495285048e+01
-4.597678249057869238e+01
-1.838146240000170906e+01
2.629028409320188331e+01
2.408408221342754985e+01
1.045972754272113825e+01
-1.185909831650599955e+01
-1.069323455287530589e+00
2.220987355436501787e+01
-3.121745531541202467e+01
-8.884613856396539333e+00
5.620867368508672079e+00
1.620589528695886372e+01
-2.120246044094909266e+01
-4.322293456086682539e+01
3.403971983831743042e+00
3.098933984571457501e+01
-2.947253573748842470e+01
2.535937844523665419e+01
-1.894074953114581916e+01
2.002264115803300371e+01
-2.415900337277192023e+01
3.106097736232914031e+01
6.952532846593086013e+00
-1.210614359739978418e+01
3.220724942426296167e+01
-3.554459612968813786e+01
-3.448181096760065145e+01
-5.603550242163543693e+00
4.191470661299688061e+01
1.843406246177385910e+01
2.967673601209391165e+00
1.064085318712775674e+01
3.397213142600219271e+01
2.387972308540561528e+01
2.460323623407607840e+01
3.427339832799224695e+01
-3.643203021362840133e+01
2.822535597227601656e+01
-2.521064333884466713e+00
2.845711479085565543e+01
2.059556665899770422e+01
2.075500814637387670e+00
1.485546975885331555e+01
-5.782464371406509152e+00
3.989957271973712949e+01
1.209313446429306715e+01
-4.915802129211837013e+01
