-2.871730749400901672e+01
-1.593570287493793458e+01
-3.462926828494278197e+01
-4.558657527863129388e+01
-1.843044060637166837e+01
2.531633755707265010e+01
2.457493892544456671e+01
1.136800940864869780e+01
-1.224316609331100736e+01
-1.072283169350487508e+00
2.340968185595184892e+01
-3.130590925030551119e+01
-8.603679045948343429e+00
5.815674767650604871e+00
1.584823751599287789e+01
-2.169576099798259250e+01
-4.401729850306799818e+01
3.576157050986018326e+00
3.102053030030819158e+01
-3.000759449223771469e+01
2.564591026074124969e+01
-1.902624845853147306e+01
1.995093306979784487e+01
-2.468714789836075241e+01
2.969495069213410332e+01
6.582387225688823840e+00
-1.294578952269429983e+01
3.162310964804716562e+01
-3.582191274559149718e+01
-3.424164375760865653e+01
-6.139442194099182792e+00
4.156971209715003113e+01
1.795244395992902042e+01
3.654384903615578217e+00
1.065011560169316240e+01
3.390735447767607269e+01
2.383353113098410248e+01
2.442834421559519242e+01
3.384324626822662196e+01
-3.630225971371288551e+01
2.822357842291080487e+01
-2.759923300931640178e+00
2.836820445892204390e+01
2.084769276744869160e+01
1.841213449837344251e+00
1.562074733824696793e+01
-5.180283792969704315e+00
3.973591785965429324e+01
1.163762300094057167e+01
-4.917711582818321148e+01
