-2.864180131292398812e+01
-1.589925033874556526e+01
-3.454310729203320562e+01
-4.570669769669371618e+01
-1.838661511483404709e+01
2.535912655057232357e+01
2.468487539162918409e+01
1.136094054144037457e+01
-1.219329267875330558e+01
-9.992720260528706877e-01
2.331420184138696783e+01
-3.132280605489350478e+01
-8.747021768510231610e+00
5.713201399083686738e+00
1.579261325828294282e+01
-2.175729501838593194e+01
-4.393609802557977417e+01
3.537734775533806442e+00
3.102462058314619853e+01
-2.992230741708397446e+01
2.560647223626014934e+01
-1.896384498380450623e+01
2.000424476615909342e+01
-2.460769387693591170e+01
2.975428821594965356e+01
6.631406996194794345e+00
-1.297283255092065524e+01
3.157105737282482494e+01
-3.581924851848724956e+01
-3.425584377702735850e+01
-6.196768683514167542e+00
4.159328833176462581e+01
1.806667919070249084e+01
3.687991682532011595e+00
1.060051648902812538e+01
3.396631269908318274e+01
2.376347624054861285e+01
2.444475480886026020e+01
3.395745571070508362e+01
-3.629515946153998840e+01
2.822030614758406131e+01
-2.825067076773016161e+00
2.842971810910790609e+01
2.086991067796643406e+01
1.925216492843198512e+00
1.561082890687161218e+01
-5.180401971541374273e+00
3.974480425355914548e+01
1.170295733390766735e+01
-4.924197915048454632e+01
