-2.853745533523423816e+01
-1.600631795309114480e+01
-3.443931304542351057e+01
-4.588775917667113191e+01
-1.814429373399955026e+01
2.566174517514026832e+01
2.484929331164360278e+01
1.128379742136779740e+01
-1.218126483336883936e+01
-9.758964452278345858e-01
2.324648800948504856e+01
-3.137567960580558335e+01
-8.890566981953622161e+00
5.761230355534629588e+00
1.570066595945955612e+01
-2.177797137854323850e+01
-4.354846376509210160e+01
3.397279624146021693e+00
3.100715752357460531e+01
-2.981361908340691969e+01
2.563815323765464171e+01
-1.865286686434405894e+01
1.995049584163925260e+01
-2.466040793936080178e+01
3.000843012036402513e+01
6.708601688124456786e+00
-1.262683559953098467e+01
3.162125325078620719e+01
-3.603418406998429191e+01
-3.418824412598056028e+01
-6.072736468133268950e+00
4.166053240969773697e+01
1.803656530166402661e+01
3.662893066663891251e+00
1.062054578285852990e+01
3.402806761465686236e+01
2.379176670620215361e+01
2.460109303617595700e+01
3.420218506804869918e+01
-3.630977177140145784e+01
2.838424610081960964e+01
-2.731075199513788299e+00
2.837209396818674634e+01
2.098799457533724677e+01
2.030439724028517912e+00
1.541444557687393235e+01
-5.561745507208830652e+00
3.969555075306625724e+01
1.176996208955537426e+01
-4.947091111978133426e+01
