-2.858276805996327141e+01
-1.585922503006505657e+01
-3.448602052303348842e+01
-4.574884906522238737e+01
-1.833986206904698335e+01
2.541609723019974965e+01
2.476851031128488856e+01
1.137866817308891143e+01
-1.216861803318375479e+01
-9.763007509660226457e-01
2.329555592275816167e+01
-3.137739357490589143e+01
-8.826683259655023761e+00
5.679304499571801834e+00
1.572198735176560547e+01
-2.180182139013052733e+01
-4.386181630290762712e+01
3.502108484950299250e+00
3.101570795868973818e+01
-2.985614746397332553e+01
2.558787276682593159e+01
-1.884772832159498179e+01
2.004171711467139261e+01
-2.459150495554323257e+01
2.979614686220116937e+01
6.659067306858757362e+00
-1.292704739561602345e+01
3.157212758108057216e+01
-3.584657011970383422e+01
-3.422237967252095103e+01
-6.200573792742346768e+00
4.163092350912774009e+01
1.812225032366505317e+01
3.697891399564416925e+00
1.059694059257136445e+01
3.402218994255495232e+01
2.372725747101916127e+01
2.443888112853401395e+01
3.402988644291528431e+01
-3.629594104106919161e+01
2.822739169750656174e+01
-2.838852389285813516e+00
2.844115531881558923e+01
2.089090466574604932e+01
1.973827808170280029e+00
1.560848100053409659e+01
-5.263490248611691236e+00
3.971275521510187190e+01
1.174113523812544813e+01
-4.930452455693517066e+01
