-2.882004261935851730e+01
-1.655440905656920592e+01
-3.401011593233233299e+01
-4.538878176236632100e+01
-1.803702191513584197e+01
2.574787063376161456e+01
2.486462858619036709e+01
1.147496425862690650e+01
-1.181699514014544228e+01
-6.247492736581428119e-01
2.308962927655023023e+01
-3.149468603405447453e+01
-8.783003842619585555e+00
5.192456948095243163e+00
1.552775023924593256e+01
-2.189860262547052017e+01
-4.337652236374734116e+01
3.334614458936759451e+00
3.138606601984175626e+01
-2.952254686106143922e+01
2.529714286235152798e+01
-1.881417553990217328e+01
1.998432473081652461e+01
-2.434541926331669615e+01
3.014439288835448139e+01
7.328250287980986322e+00
-1.263939509072686995e+01
3.178157330645362322e+01
-3.624712030761776305e+01
-3.476788045192738252e+01
