-2.873944908567664314e+01
-1.651283965422415179e+01
-3.403286334719745554e+01
-4.543312016988217295e+01
-1.805211317472041443e+01
2.573834096645061109e+01
2.486109427808201744e+01
1.140824286758574857e+01
-1.185900012385677726e+01
-6.076215697790999792e-01
2.316023686676709659e+01
-3.148959389221906235e+01
-8.821357359762512118e+00
5.247341795959851396e+00
1.552145348618085308e+01
-2.192349265768978128e+01
-4.335034298579553536e+01
3.336815175026308200e+00
3.129184578709337927e+01
-2.952637184514740198e+01
2.529301188820614499e+01
-1.876547178211855993e+01
2.001826130973367412e+01
-2.437494518741092620e+01
3.022182565189893566e+01
7.261623764858179619e+00
-1.261313919630028657e+01
3.186275044247344823e+01
-3.620073784161328945e+01
-3.472726448847871694e+01
