-2.807109305513258235e+01
-1.529801880650962964e+01
-3.252151269928305766e+01
-4.321334305502430340e+01
-1.690969076033538343e+01
2.602705926008101400e+01
2.484256071414561973e+01
8.521286896996310034e+00
-1.278027951614081559e+01
-1.844861311868277953e+00
2.631623812004237095e+01
-3.318842217019861351e+01
-7.789074419516144765e+00
6.804402898280800471e+00
1.548347485302632265e+01
-2.232918628847516374e+01
-4.345160044102842534e+01
2.541119351435649598e+00
3.258829279710389670e+01
-3.092972207890629477e+01
2.480813888954591206e+01
-2.241121901908274694e+01
1.853488206270037608e+01
-2.357780450611768686e+01
2.986381236327819266e+01
8.349701615285379575e+00
-1.017235880904911305e+01
3.322074771311736896e+01
-3.479106162067224517e+01
-3.348840565452970708e+01
-6.466198244625802616e+00
4.101213468632469272e+01
1.757635252638871037e+01
5.531317204845249691e-01
7.998212740287010902e+00
3.325623768867839658e+01
2.617932701135088536e+01
2.678905469486243618e+01
3.517999172128440222e+01
-3.636975192679052782e+01
2.693091317149018948e+01
-2.827916016731345294e+00
2.990677349180203848e+01
2.237969328197677754e+01
9.845014245145629339e-02
1.804827644735748393e+01
-7.108807180002512993e+00
3.883251662034120244e+01
1.314949329386526244e+01
-4.837557202460023120e+01
