1.038424047419136409e+00 3.108060821589583966e+01
1.027407680483358954e+00 3.101262363371974473e+01
9.923856071368173382e-01 3.120126427069299169e+01
1.027444260349609229e+00 3.113809105875546734e+01
1.012995257475779898e+00 3.100179194471508382e+01
1.029504325641574125e+00 3.102337177981970129e+01
9.831205495540611405e-01 3.138120665147701871e+01
1.031739262861680162e+00 3.113724264458116764e+01
1.025879155868745896e+00 3.108873361900386456e+01
9.693232900168705646e-01 3.180437689076203256e+01
1.012020750695438176e+00 3.110006936296383984e+01
1.030064864448226203e+00 3.104354960591681234e+01
1.030141094439150473e+00 3.131989549618845459e+01
9.881646701457866833e-01 3.125686977735327687e+01
1.030189122341829355e+00 3.100507072927500829e+01
9.943606588859933426e-01 3.112950585333695486e+01
1.004446133164609956e+00 3.107532581085917300e+01
7.901283773156283496e-01 3.247308030787006317e+01
1.014047010908510460e+00 3.106590167025891347e+01
1.026025678256730966e+00 3.131232084516422631e+01
9.535528072390645482e-01 3.126568133116694881e+01
1.020400276246435922e+00 3.101884680737424915e+01
1.018294275504986635e+00 3.117017308787803032e+01
1.012513143101174462e+00 3.122465532582865322e+01
9.988788920310323061e-01 3.141029158290709589e+01
