-2.843829234875711620e+01
-1.628335973774312961e+01
-3.461012304155259756e+01
-4.604788670319786803e+01
-1.649747406434921615e+01
2.625924246191585354e+01
2.391012294617730660e+01
1.030547562289461894e+01
-1.434457689126389823e+01
-4.418016294145379330e-01
2.585070659428118134e+01
-2.956802532628463354e+01
-9.547036302710992572e+00
8.098859576238586655e+00
1.623376986306114134e+01
-2.170658154012571828e+01
-4.370695200122392521e+01
4.949176292655904419e+00
3.009894801810378340e+01
-3.045226222009719663e+01
2.558939713646806879e+01
-1.617273384740773423e+01
2.185308338550107976e+01
-2.457055130094614270e+01
3.010429199155978708e+01
6.489003264942610372e+00
-1.234633216089208751e+01
3.151329180539359243e+01
-3.588796844700470956e+01
-3.167988063007021182e+01
