3.659767347282144101e+01 0.000000000000000000e+00
3.659769948517539717e+01 0.000000000000000000e+00
3.659768462117507681e+01 0.000000000000000000e+00
3.659770329292646807e+01 0.000000000000000000e+00
3.659772222640305017e+01 0.000000000000000000e+00
3.659770524603136721e+01 0.000000000000000000e+00
3.659771248699071577e+01 0.000000000000000000e+00
3.659769479766386979e+01 0.000000000000000000e+00
3.659770301405753656e+01 0.000000000000000000e+00
3.659768318920200159e+01 0.000000000000000000e+00
3.659770428006929421e+01 0.000000000000000000e+00
3.659768638226370285e+01 0.000000000000000000e+00
3.659773348932473880e+01 0.000000000000000000e+00
3.659769842216847735e+01 0.000000000000000000e+00
3.659772510980397442e+01 0.000000000000000000e+00
3.659768848834254129e+01 0.000000000000000000e+00
3.659770331313850278e+01 0.000000000000000000e+00
3.659769363864756286e+01 0.000000000000000000e+00
3.659771309752197510e+01 0.000000000000000000e+00
3.659773803345161269e+01 0.000000000000000000e+00
3.659770099244843777e+01 0.000000000000000000e+00
3.659777768650005214e+01 0.000000000000000000e+00
3.659773693160592956e+01 0.000000000000000000e+00
3.659771967443808904e+01 0.000000000000000000e+00
3.659775963682360356e+01 0.000000000000000000e+00
