-2.865636811485847346e+01 -1.604618200851277265e+01 -3.414794341844662995e+01 -4.567926567730832232e+01 -1.804332981105554268e+01 2.561037493997196535e+01 2.453636613956246393e+01 1.113053865626759276e+01 -1.223828609276685420e+01 -1.039074862921360420e+00
-2.865612909426614507e+01 -1.604592171990438132e+01 -3.414793041858595046e+01 -4.567904193653665601e+01 -1.804370600827852300e+01 2.561025935251178254e+01 2.453622247446746130e+01 1.113056467740082489e+01 -1.223848459758186813e+01 -1.038981224761243105e+00
-2.831536566183942938e+01 -1.601316841286904591e+01 -3.423161782107048623e+01 -4.579903932891702567e+01 -1.803074223978865120e+01 2.578628241799048837e+01 2.479523886536612665e+01 1.120195846417908392e+01 -1.201026686462562765e+01 -1.046339026265501015e+00
-2.865626171405304135e+01 -1.604629753443457929e+01 -3.414778659318812970e+01 -4.567925346258078889e+01 -1.804354853239888001e+01 2.561012369074905592e+01 2.453650964517530397e+01 1.113091033077936842e+01 -1.223888325209789407e+01 -1.039406999704879597e+00
-2.865626836404659628e+01 -1.604621343153676705e+01 -3.414753496410762779e+01 -4.567901666411778905e+01 -1.804378194764158749e+01 2.561042578640584111e+01 2.453650596143106100e+01 1.113079040476148229e+01 -1.223893352170317073e+01 -1.039199111597424618e+00
-2.831561713882690512e+01 -1.601360692568200506e+01 -3.423131519940971401e+01 -4.579903550595343376e+01 -1.803053607327868946e+01 2.578673797598251838e+01 2.479553960564650694e+01 1.120206986731042242e+01 -1.201066414957358219e+01 -1.046438859904919028e+00
-2.831537030723449178e+01 -1.601308227166947873e+01 -3.423137030813121839e+01 -4.579880421299804993e+01 -1.803097352976595857e+01 2.578658791601110067e+01 2.479523617446936257e+01 1.120183388013165171e+01 -1.201032086364866380e+01 -1.046127287004182449e+00
-2.865623891270027812e+01 -1.604606850818383279e+01 -3.414801605519544836e+01 -4.567906262766466341e+01 -1.804342957334902664e+01 2.561053657101269820e+01 2.453624269720814510e+01 1.113045927770370369e+01 -1.223844646735432029e+01 -1.038865545719627637e+00
-2.831550149009077089e+01 -1.601344669711739854e+01 -3.423139750492809696e+01 -4.579877653214084177e+01 -1.803070682801674707e+01 2.578690347607111377e+01 2.479520002907712595e+01 1.120208221465731668e+01 -1.201043503531539081e+01 -1.046273356321983261e+00
-2.865637865225779279e+01 -1.604639776588479094e+01 -3.414788260463573266e+01 -4.567921086643674755e+01 -1.804334136328608906e+01 2.561040086848641195e+01 2.453631505443649985e+01 1.113090074363910809e+01 -1.223844069560908387e+01 -1.039332654796547128e+00
-2.831548485718976593e+01 -1.601323253211615949e+01 -3.423145526711866182e+01 -4.579881945621153250e+01 -1.803069582252937053e+01 2.578687470247954749e+01 2.479525362753549800e+01 1.120172818702726225e+01 -1.201028158731100426e+01 -1.046012759967841266e+00
-2.865624207948234670e+01 -1.604607258910077761e+01 -3.414801940237603617e+01 -4.567906848320019009e+01 -1.804342603323708261e+01 2.561054555489513263e+01 2.453624624862863257e+01 1.113045240400723301e+01 -1.223844711945791275e+01 -1.038869280230517056e+00
-2.831546925613053034e+01 -1.601332183490917771e+01 -3.423172402184725627e+01 -4.579906901621781401e+01 -1.803046542082837789e+01 2.578656787085947499e+01 2.479525308724665678e+01 1.120183434657089450e+01 -1.201022645656304988e+01 -1.046230560446053115e+00
-2.865637107821576279e+01 -1.604644612328247177e+01 -3.414787736335563295e+01 -4.567927782512225576e+01 -1.804327227122502819e+01 2.561040695137890211e+01 2.453653161334279176e+01 1.113079553358731211e+01 -1.223884095785838610e+01 -1.039294522451849501e+00
-2.865638217723992298e+01 -1.604636310670465349e+01 -3.414763431385426884e+01 -4.567904175413750067e+01 -1.804349902076414125e+01 2.561071285955923926e+01 2.453652415587893287e+01 1.113067037415147631e+01 -1.223889157834595842e+01 -1.039087819544725066e+00
-2.865638025143827150e+01 -1.604639506403977478e+01 -3.414788278311428371e+01 -4.567921877547768617e+01 -1.804334349837854035e+01 2.561040413480881028e+01 2.453631393264040383e+01 1.113089382186014653e+01 -1.223843693636497143e+01 -1.039331714685697072e+00
-2.865650789115615993e+01 -1.604647422461544437e+01 -3.414755199553329135e+01 -4.567924079704494034e+01 -1.804340133854293882e+01 2.561054393017534991e+01 2.453664665532459566e+01 1.113076294560241308e+01 -1.223872673063002736e+01 -1.039290991643090134e+00
-2.865650097737534452e+01 -1.604620871710961438e+01 -3.414761807333856325e+01 -4.567922219847422127e+01 -1.804346182133756571e+01 2.561050425300228994e+01 2.453647590738957263e+01 1.113051172936458677e+01 -1.223816762079639631e+01 -1.039070256993700703e+00
-2.831549085399181465e+01 -1.601349669164923739e+01 -3.423139136364547142e+01 -4.579883790046113745e+01 -1.803063693242092569e+01 2.578690978815289725e+01 2.479541758978261612e+01 1.120197533593866979e+01 -1.201082568581876586e+01 -1.046230828690857040e+00
-2.865639835697711391e+01 -1.604633545177538068e+01 -3.414745768088605615e+01 -4.567921381601954067e+01 -1.804367317128927795e+01 2.561025243625305237e+01 2.453662703783318122e+01 1.113088608156317605e+01 -1.223877345656648252e+01 -1.039406116121318391e+00
-2.865625226343264487e+01 -1.604628946955024915e+01 -3.414795798343831734e+01 -4.567901272960224901e+01 -1.804343459234149449e+01 2.561057283685819996e+01 2.453619723669958574e+01 1.113081046857483436e+01 -1.223860741574790012e+01 -1.039120049649311373e+00
-2.865639073770345746e+01 -1.604632540940623642e+01 -3.414746371959348181e+01 -4.567923750513890724e+01 -1.804368248763682914e+01 2.561026404641544474e+01 2.453663063178564130e+01 1.113087112784054789e+01 -1.223877168217395273e+01 -1.039408149297706085e+00
-2.831538117554201506e+01 -1.601337273039631270e+01 -3.423154604925244371e+01 -4.579898301004963912e+01 -1.803076659494400147e+01 2.578630788992791878e+01 2.479518902404286251e+01 1.120231803402768556e+01 -1.201042135078802708e+01 -1.046598706604042750e+00
-2.865639968422266648e+01 -1.604627273138593679e+01 -3.414746305989770292e+01 -4.567915311164064462e+01 -1.804375386571809514e+01 2.561024350523869941e+01 2.453640728850003683e+01 1.113099314720690103e+01 -1.223837079272041173e+01 -1.039444761343277346e+00
-2.865624962125383135e+01 -1.604606759606330968e+01 -3.414799985467527677e+01 -4.567906083553937435e+01 -1.804342422295104242e+01 2.561054668145706259e+01 2.453625167083102099e+01 1.113046090274287891e+01 -1.223844675618408750e+01 -1.038857738348793136e+00
