5.057025492392864408e+01
-9.211308989081533127e+01
3.940249855142950963e+01
-8.490781780099045051e+00
-7.405018423098468361e+01
8.531133492768654492e+01
2.050603943385403483e+01
-9.626054686040956199e+01
-7.584299189905209460e+00
4.693634211945057899e+01
-6.615309936871761387e+00
4.935797784417879086e+00
5.925691048946312378e+00
3.332174804258954737e+01
-4.488016983137885774e+01
4.271690750730525110e+01
1.488307110859952687e+01
2.532246488790190853e+01
6.057691298196353102e+01
-8.465606677604925778e+01
6.611283989785383142e+01
-1.389101012963553217e+01
6.858694851262559666e+01
1.473114600953871545e+01
6.787599661774527249e+01
-4.276736002377460721e+01
8.930613461879160297e+01
4.941252946217646524e+01
7.710466776330967775e+00
1.711280581699895720e+00
-1.975098387348093354e+01
6.465073472481755346e+01
-2.537564978951655803e+01
5.257178405455836412e+01
2.953223941112426232e+01
-4.003757089440686912e+01
3.414559437117156904e+01
5.176161349168432935e+01
4.441749701468637568e+00
3.277727261035400375e+01
-3.992110654194969754e+01
-4.095078421942828584e+01
2.930108157845857164e+01
-4.542169059414025156e+01
6.870910572719252229e+01
9.833348948622364105e+01
-3.304232740154230896e+01
-6.292572794359688260e+01
-2.466842020510753386e+01
-9.272348963530278354e+01
7.671327317759694608e+01
-4.830290055300029195e+01
-6.464618212823907584e+00
3.913228830887378251e+01
5.496916912288937596e+01
-6.803698262647543515e+01
-7.847064028853552031e+01
2.904234449096205850e+01
-1.959586748777643450e+01
1.611534168661609812e+00
-6.135322314948254530e+01
1.432230843541276499e+00
3.907812124806702769e+01
-4.687973728888272973e+01
6.035831794000834805e+01
-6.531743744531937068e+01
-2.689465116638539754e+01
-4.574808831680529408e+01
-6.534435339990366742e+01
9.808961174032420161e+01
5.798747032060259698e+01
3.979984283244224486e-01
-3.440158495812681849e+01
-1.650349917915846731e+00
-1.756279533164800455e+01
-5.989368441292870671e+01
-9.405853650150797307e+01
6.205314126754076653e+01
3.014853718390661896e+01
-3.261846215506473357e+00
1.799572298409889370e+01
-1.346173320758209968e+01
6.545180977898991159e+01
-4.810075743181658936e+01
5.012436288015069685e+00
-2.946909105427890907e+01
7.714551053674136938e+01
-2.772661580940679471e+01
-3.408543526509286892e+01
-6.645072523253668351e+01
8.760725080827458555e+01
-3.396366938269103741e+00
-2.028553369987353960e+01
5.557638567653346229e+01
-2.466906326849163378e+01
-6.042763282823135995e+01
-3.949698107219280985e+01
4.772711637870423829e+01
-9.978770880154081624e+01
5.684407446357261762e+01
