-5.488773483552562027e+01
2.986296699054267378e+01
4.389432132210060900e+00
-5.082365879384948926e+01
-2.283709750900320046e+01
7.670557152738233242e-01
-2.988846847776429172e+01
3.981517928761414282e+01
-3.832303944708635868e+01
-4.973851347445289406e+01
5.488190809575952755e+01
3.264645189179145746e+01
6.373141484213363128e+01
2.030267990338927930e+01
3.333921791895448905e+00
1.701814283822735518e+01
1.429011631052806308e+01
6.039909211667222166e+00
-3.621480403007845439e+01
-9.853229988179847965e+00
8.873104353052303850e+01
-1.440145690616174079e+01
6.461665299915735261e+01
6.692341805351476580e+01
2.717880078394232868e+01
2.833121456006146133e+01
1.568027939788309766e+01
3.819166800425293218e+00
4.692238938931036074e+01
9.367874457491907947e+00
-2.574638956312188043e+01
6.863702330727144840e+01
-7.566901730046349428e+01
9.405101573815858274e+01
1.716962165005028140e+01
-4.952293336230806631e+01
4.502276105151532448e+01
-4.935596926757972369e+01
4.515897159280964956e+01
5.980238638400654594e+01
-3.130229813267548167e+01
4.843003810599861936e+01
4.752427663509590161e+01
-7.252373457608740637e+01
-1.056598412356115801e+01
-5.472133538106423600e+01
2.818138634955957400e+01
-2.305385810257992318e+01
6.184339525255610681e+01
2.542155666200090991e+01
-2.803460251156451477e+01
-9.014588828713192470e+01
4.121422357677667492e+01
5.970781143954692993e+01
-8.515967117993614011e+01
-9.719643511329330465e+00
-2.541528732605069152e+01
4.974785839997853998e+01
-5.316852032763151925e+01
-5.008090859671033002e+01
1.239108855404342435e+01
3.991733854919738178e+01
-6.434527516158483706e+01
4.634897045754595979e+01
5.342335730520805015e+00
-9.356204549397500614e+01
-3.666208611815957141e+01
2.419789168801467838e+01
5.611328751118589508e+01
-2.041948034838311088e+01
-6.526865774812017662e+01
5.567914056093155040e+01
-2.684210760909499527e+01
-3.679676457930742117e+01
-1.162921041741813610e+01
3.040868670921474859e+01
-7.024702550706193449e+01
-1.720641102044714899e+01
5.793840450900470529e+01
3.076259835017999933e+01
3.694049814923764075e+01
2.757118459695907831e+01
-3.381567131631801004e+01
4.091544398523576831e+01
1.928756056839234390e+01
-6.255385655077467533e+01
-7.861278262871317679e+01
9.767005161108802014e+00
1.177160689130766258e+01
-1.641658511696618916e+00
6.414471709522052834e+01
3.709692033537489664e+00
-6.666143468206500700e+01
4.018186583538209788e+00
-5.179530943533860921e+01
3.678414862454932432e+01
-2.911902810331196889e+01
4.140641009868811295e+01
-7.903860203783480642e+01
-1.626629240125144804e+01
