-2.831466774217183513e+01
-1.621588426134372796e+01
-2.627483286485287195e+01
-4.535801995796265373e+01
-1.823389148234747026e+01
2.563427543806247755e+01
2.738016068498854239e+01
9.735257303532225848e+00
-4.027900827748984725e+00
-4.984877490025816371e+00
1.939932786745050208e+01
-2.477026475789591231e+01
-7.622915997427162971e+00
6.219536549421043503e+00
1.417456021836977165e+01
-2.923374935031690569e+01
-4.047141310857264784e+01
1.182623395319996362e+01
3.254709960527810608e+01
-4.455234225317366281e+01
2.803190795601161867e+01
-7.833201825188444545e+00
1.872071478797199262e+01
-2.617961850366213028e+01
3.127657574057890244e+01
1.689762000443535861e+00
-9.167614032236805599e+00
2.595962680346180917e+01
-3.134917894482482836e+01
-2.515980320496753819e+01
