-2.244493329001456061e+01
-1.808161854854699868e+01
-4.883504276911845210e+01
4.045924981005590837e+00
6.848284678762176725e+00
2.750646033976186544e+01
-1.931108729776351041e+01
-2.012593693893327185e+01
6.904956422994956711e-02
-3.149246546015862336e+01
-2.686188679564796900e+01
-2.802418713038704468e+01
-4.712498552243162209e+01
-1.961039242745961175e+01
-1.820225991106395824e+01
-2.974355841472890560e+01
-3.842323024843442170e+01
-4.370330062692421791e+01
-4.950879959517286011e+01
-3.702241589433015889e+01
-2.215291697822246775e+01
-1.750344050006968644e+01
-4.242009410322722829e+00
-4.450340614772414938e+01
-4.249160225352835596e+01
-1.542019827322426195e+01
-2.785816034160363941e+01
-4.572677320947499879e+01
-6.089771757798139618e+00
-6.495879610095396828e+00
-3.628779529346802235e+01
-3.704570094562289029e+01
6.509807043923032666e+00
-3.311866257649497669e+01
-2.915740429281090940e+01
-4.110847791259673301e+01
9.820039310008432665e+00
-1.789880015241467959e+01
-2.239410411138941726e+01
-3.381474229462057934e+01
-4.180369083464454860e+01
-9.481090082643898853e+00
-2.780427168828544637e+01
-3.496331148009240053e+00
-3.991775850294850869e+01
-1.336785052924357586e+01
-1.664763002471726239e+01
-4.807552429258614524e+01
-8.293863350968194936e+00
-3.142189967672839401e+01
-3.459659362467976962e+01
-5.249898224261151825e+00
-4.271816954812205580e+00
-1.073087900284693319e+01
3.286753524824766792e+00
-3.140285924337088730e+01
1.924659076258040002e+01
-3.332454333667715218e+01
-4.066285904945335261e+01
-2.059700137073467019e+01
2.514104168595424937e+01
-2.360875893336193343e+01
2.824119460841323814e+01
-4.008442828821588932e+01
1.621367803604198343e+01
-4.384595079533778517e+01
-2.642928275388841186e+01
-3.275963857217211483e+01
-1.083447949365790741e+01
-2.699821426983515593e+01
1.537310051356842067e+01
-4.909066280943616789e+01
-4.415923401311642493e+01
-5.317183885915435226e+00
-1.681221551786613588e+01
-3.025204136573384517e+01
-4.535053874556408715e+01
-3.293077169825926376e+01
4.748679832288078728e+01
-4.711619400376717692e+01
-2.270254637393482966e+01
2.324437910832277510e+01
-4.006840369206717867e+01
-4.410327985422978259e+01
-4.187533160379068420e+01
-2.112569672822760580e+01
-3.090422916370031459e+01
-4.178636069386709551e+01
-4.450770824123424063e+01
-2.299457593394122767e+01
-2.955569735686213662e+01
-1.953385878857661595e+01
-4.715619817136225578e+01
-2.988217908470600648e+01
-9.063928094812652603e+00
-1.750721842042505116e+01
-4.812726074436864110e+01
-1.510062648208268854e+01
-4.792256184827841281e+01
4.861528907707577929e+01
