-4.773977407277841678e+01
-6.052951454114293028e+00
-3.613326692079903069e+01
1.946396619031549591e+01
-4.271684880237275905e+01
-4.901894539693375918e+01
-2.720522757359523069e+01
-8.827087882891690995e+00
1.300760479783358647e+01
-2.155753936480444821e+01
1.262702937822577987e+01
-4.017640513905878663e+01
-4.822295134121886662e+01
-3.015427382883989793e+01
-1.860605030572352092e+01
1.096805577451720204e+01
-3.703851328910758411e+01
-4.227783976948730071e+01
1.252538386569502649e+01
-3.637763761693963716e+01
-2.639183468677691025e+01
-2.527050449420259071e+01
-4.248820546510773966e+01
-2.006582912935743224e+01
-4.239468006226569230e+01
-1.609979155625622127e+01
-1.579051040267147776e+01
-8.438057367187774105e+00
-1.879082949895981969e+01
-3.042893399453135572e+01
-1.929011452782710023e+01
-3.533732565689938099e+01
-4.359201595638390359e+01
-1.957696608623684398e+01
-6.726998803147314909e+00
9.784838091113748249e+00
-4.195959871071994485e+01
-4.117768037541215165e+01
-3.571375642187663857e+01
2.357737969489292595e+00
-1.956415931422921162e+01
-2.580459084572318318e+01
-2.772227708114469280e+01
-1.549493021992768504e+01
-4.095335613462393098e+01
1.054165559203468305e+01
-4.020959786888018073e+01
-8.230033512208425606e-01
3.767293448914805776e+00
-1.841858231335607954e+01
-1.025477650672419827e+01
-4.323986612405668950e+01
-4.074955854265275690e+01
-3.344133795047330437e+01
-4.795476600284870017e+01
-1.470074682477466510e+01
-3.076795411145154446e+01
-3.429923099795411900e+01
8.312213190028758802e+00
-3.252558427842169664e+01
2.419249858765265770e+01
-2.384808802632433000e+01
-2.334813910313955887e+01
-4.756976524024293695e+01
-4.556367049613682951e+01
-3.006442365183124465e+01
1.223943381516177453e+01
-3.112434640911773087e+01
-3.387368278868478910e+01
-1.194621435001794651e+01
-3.414115510651467389e+01
-4.693348562470029606e+01
-4.381462654735152995e+01
8.971922218977830710e+00
-3.125330380134439423e+01
-3.087106290979579626e+01
-3.448740898179936210e+01
-4.127251925838393731e+01
-4.061324531230264512e+01
1.567646100896445027e+01
-3.341135899529730580e+01
-4.826944938652275141e+01
-3.130636438176532721e+01
1.680512115189222655e+01
-1.674848914295420244e+01
-4.482987065361391643e+01
-4.127736098095791561e+01
-4.411644378527388710e+01
-4.392356065964339962e+01
-2.067949673708165648e+01
2.829752540928309656e+01
-4.682551003670659640e+01
-3.381746617183721071e+01
1.917977451699141511e+01
-4.386510959186648506e+01
1.876635696156609612e+01
-2.225659710587447648e+01
2.439634101689456713e+01
2.632483786821216754e+01
9.859828347285734651e+00
