7.749070070634680008e+00
9.577198809776015764e+01
-2.712713098117765043e+01
3.907284635249531846e+01
1.338339021645442983e+01
1.618029867663075549e+01
7.646047832739250794e+01
-1.217711701443972316e+01
-5.897491486484497614e+00
8.727285910829797899e+01
-2.439337910673216925e+00
-2.328021799498866073e+01
9.870039866098025527e+01
8.223273334959024794e-01
1.735398981947271579e+01
-6.023347170204347378e+01
-7.064367009090450722e+01
-6.667056965982311567e+00
6.907333160397965344e+01
-4.138478780090955489e+00
-6.393775493433518164e+01
6.426173535451874841e+01
1.903642494968546472e+01
1.816390943109529843e+01
-4.043151497398802263e+01
-5.337914675745012261e+01
-1.065288825240598847e+01
-2.431547942135623330e+01
1.108715884687975972e+01
3.385169228212698300e+01
