2.355506823783205750e+00
-2.795205050753032605e+00
5.301144479566064938e+00
-1.276285674045714247e+00
-7.353176756342193698e+00
-8.313879108490700887e+00
-8.676186946391803545e+00
-7.478961903862520799e+00
9.036181357077364140e+00
7.739719740562519767e+00
-6.364747451500001318e+00
-9.186925260832291329e+00
2.889418627700929498e+00
2.171168955209588081e+00
-9.080200826791346991e-01
-2.780568125198880747e+00
-7.452938237778928610e+00
1.376070696459067211e+00
-2.417620422673551595e+00
-6.401305362273663313e+00
1.007194863570011911e+01
-1.864959822154974134e+00
-9.172231088171225455e-01
5.800852291165432995e+00
-4.563685525675223453e-01
4.035846121334515146e+00
-8.891889124552569967e+00
7.503279441125734195e+00
-3.005826315210866184e+00
4.217007474824313817e+00
-3.504706554549767539e+00
-5.870433784823282153e+00
5.833151331265260531e+00
7.439844123725286806e+00
-5.019219192198888457e+00
1.027179463926595204e+00
4.860887553984266418e+00
3.416895726014783641e+00
-8.613853375945847546e+00
-1.463584250598577885e+00
4.274131747622575972e+00
-2.099890980239699001e+00
-9.423868086500105434e+00
6.828968445776792073e+00
-7.445379659133617878e+00
-7.040642601925485300e-01
2.641929126962096586e+00
-5.205027862131839989e+00
-1.923632371432393073e+00
-2.672918339517192265e+00
