1.779087940269684420e+00
-3.371652582188733760e+00
4.725256064307123083e+00
-1.854460537897028249e+00
-7.933811719332309664e+00
-8.896615093564456345e+00
-9.258821180494457792e+00
-8.061473925180298039e+00
8.453807432234269115e+00
7.156521742818773291e+00
-6.947211857851021577e+00
-9.770886830022858405e+00
2.306809891050048744e+00
1.592731027996115101e+00
-1.485929481999796575e+00
-3.357711060846991558e+00
-8.026983799041296663e+00
8.053876582952868013e-01
-2.991118927735227473e+00
-6.977331057417600846e+00
9.496068385619260255e+00
-2.441680360361353941e+00
-1.493174237876366828e+00
5.225191986065157224e+00
-1.032102508923146367e+00
3.455560378248109910e+00
-9.476698563125266261e+00
6.917369725072726183e+00
-3.594699409248096611e+00
3.626128435761456270e+00
-4.094471144263470919e+00
-6.459516603063361728e+00
5.245192747209888040e+00
6.855582598409679207e+00
-5.598917719627297451e+00
4.509307170451365421e-01
4.285113354454682444e+00
2.842520367605266607e+00
-9.187560056635243555e+00
-2.034355282917864827e+00
3.704799565789803406e+00
-2.668660656362808581e+00
-9.993084142965592775e+00
6.259565127054296241e+00
-8.011993705127480325e+00
-1.269945563656063925e+00
2.079117831541413164e+00
-5.769279919277139790e+00
-2.488335404018967800e+00
-3.238106843136919988e+00
