-3.659767347654489811e+01
-3.659769948517538296e+01
-3.659768462117507681e+01
-3.659770329292767599e+01
-3.659772223132958402e+01
-3.659770524809769654e+01
-3.659771248699088630e+01
-3.659769479766406874e+01
-3.659770301405752235e+01
-3.659768347475468886e+01
-3.659770712896528266e+01
-3.659768638228567283e+01
-3.659773348933161685e+01
-3.659769842218441482e+01
-3.659772511601345002e+01
-3.659768849851619166e+01
-3.659770331317842817e+01
-3.659769494047580451e+01
-3.659771309752393620e+01
-3.659774592344837885e+01
-3.659770099255304387e+01
-3.659777771334711360e+01
-3.659773693160592956e+01
-3.659771967443808904e+01
-3.659775963718462322e+01
