-2.865636810036168924e+01 -1.604618207321121659e+01 -3.414794346369548350e+01 -4.567926572710310040e+01 -1.804332976842821523e+01 2.561037495145057008e+01 2.453636614823158268e+01 1.113053859171225035e+01 -1.223828604419200161e+01 -1.039074860517582355e+00
-2.865612909426614507e+01 -1.604592171990438132e+01 -3.414793041858595046e+01 -4.567904193653665601e+01 -1.804370600827852300e+01 2.561025935251178254e+01 2.453622247446746130e+01 1.113056467740082489e+01 -1.223848459758186813e+01 -1.038981224761243105e+00
-2.831536566183942938e+01 -1.601316841286904591e+01 -3.423161782107048623e+01 -4.579903932891702567e+01 -1.803074223978865120e+01 2.578628241799048837e+01 2.479523886536612665e+01 1.120195846417908392e+01 -1.201026686462562765e+01 -1.046339026265501015e+00
-2.865626171417771673e+01 -1.604629753558192462e+01 -3.414778659403682326e+01 -4.567925346388629748e+01 -1.804354853198572783e+01 2.561012369231596253e+01 2.453650964549796143e+01 1.113091032920432788e+01 -1.223888325238523223e+01 -1.039407000248508073e+00
-2.865626826926767734e+01 -1.604621338182862900e+01 -3.414753506365471480e+01 -4.567901649233026262e+01 -1.804378195280569486e+01 2.561042587032565621e+01 2.453650588345982442e+01 1.113079039553231908e+01 -1.223893354290055768e+01 -1.039199009960728004e+00
-2.831561712938517417e+01 -1.601360695755706587e+01 -3.423131513915298285e+01 -4.579903549053627643e+01 -1.803053607714132767e+01 2.578673794659529861e+01 2.479553959886069592e+01 1.120206998080371541e+01 -1.201066409046340233e+01 -1.046438879462739058e+00
-2.831537030723777448e+01 -1.601308227148350838e+01 -3.423137030801947844e+01 -4.579880421275957758e+01 -1.803097352972513434e+01 2.578658791596000199e+01 2.479523617444545991e+01 1.120183388046092254e+01 -1.201032086408902266e+01 -1.046127286806741497e+00
-2.865623891250118760e+01 -1.604606850827790865e+01 -3.414801605561398645e+01 -4.567906262765983882e+01 -1.804342957301959771e+01 2.561053657074042178e+01 2.453624269730138252e+01 1.113045927785714539e+01 -1.223844646746575826e+01 -1.038865545843127292e+00
-2.831550149009077089e+01 -1.601344669711739854e+01 -3.423139750492809696e+01 -4.579877653214084177e+01 -1.803070682801674707e+01 2.578690347607111377e+01 2.479520002907712595e+01 1.120208221465731668e+01 -1.201043503531539081e+01 -1.046273356321983261e+00
-2.865637785920753089e+01 -1.604639752438371048e+01 -3.414788334338850717e+01 -4.567921078059533357e+01 -1.804334133637219750e+01 2.561040072991283267e+01 2.453631473174572264e+01 1.113090108547995172e+01 -1.223844058641651955e+01 -1.039332550546370415e+00
-2.831548534888806401e+01 -1.601323202366448228e+01 -3.423145282115699217e+01 -4.579881853940083403e+01 -1.803069711988066004e+01 2.578687377353423571e+01 2.479525446658407262e+01 1.120172819795458174e+01 -1.201028139324443522e+01 -1.046012252082362037e+00
-2.865624207400849954e+01 -1.604607258557518534e+01 -3.414801940006513092e+01 -4.567906847656593072e+01 -1.804342603393356370e+01 2.561054555092059459e+01 2.453624624739375903e+01 1.113045241400925889e+01 -1.223844710956111470e+01 -1.038869277095873622e+00
-2.831546925248862934e+01 -1.601332183769258322e+01 -3.423172402277906201e+01 -4.579906901323469270e+01 -1.803046541883571763e+01 2.578656786514283539e+01 2.479525308760002389e+01 1.120183435331614064e+01 -1.201022645225097740e+01 -1.046230562316757595e+00
-2.865637107792603544e+01 -1.604644612739942744e+01 -3.414787736321096645e+01 -4.567927782204856157e+01 -1.804327227142551848e+01 2.561040694775808646e+01 2.453653161605160449e+01 1.113079553147483658e+01 -1.223884095831630070e+01 -1.039294525034347050e+00
-2.865638222086457887e+01 -1.604636306794318656e+01 -3.414763431547314099e+01 -4.567904186907429676e+01 -1.804349906338147846e+01 2.561071293817164829e+01 2.453652415363190542e+01 1.113067023720852688e+01 -1.223889153443316857e+01 -1.039087824878913935e+00
-2.865638038581285940e+01 -1.604639503821092106e+01 -3.414788264047952993e+01 -4.567921870182281197e+01 -1.804334354014522646e+01 2.561040407031803312e+01 2.453631396294567324e+01 1.113089381340225792e+01 -1.223843698981990613e+01 -1.039331724693337566e+00
-2.865650788779875313e+01 -1.604647422823557434e+01 -3.414755199730455359e+01 -4.567924078968267310e+01 -1.804340133546408254e+01 2.561054392636381039e+01 2.453664665536659939e+01 1.113076295557699424e+01 -1.223872673372762598e+01 -1.039290994067202156e+00
-2.865650084913610129e+01 -1.604620880971609509e+01 -3.414761910453959359e+01 -4.567922300097694688e+01 -1.804346162085885297e+01 2.561050729155378392e+01 2.453647518033367092e+01 1.113051080280916239e+01 -1.223816754372999149e+01 -1.039069967393022154e+00
-2.831549085410379263e+01 -1.601349669109798413e+01 -3.423139136289680806e+01 -4.579883789736925337e+01 -1.803063693351002073e+01 2.578690978680695522e+01 2.479541758791148709e+01 1.120197533949479052e+01 -1.201082568800516803e+01 -1.046230829247513094e+00
-2.865639971622149318e+01 -1.604633581311170687e+01 -3.414745899439305532e+01 -4.567921698783657547e+01 -1.804367167485072088e+01 2.561025105861490303e+01 2.453662866815800569e+01 1.113088039372065552e+01 -1.223876995916035426e+01 -1.039406118943766444e+00
-2.865625225831940526e+01 -1.604628946158997493e+01 -3.414795798747383060e+01 -4.567901271991793521e+01 -1.804343459910166203e+01 2.561057282723081485e+01 2.453619723625324411e+01 1.113081046620815862e+01 -1.223860744229130582e+01 -1.039120046103717554e+00
-2.865639067273592033e+01 -1.604632549358163729e+01 -3.414746393870853325e+01 -4.567923750610183475e+01 -1.804368240588188854e+01 2.561026398959991823e+01 2.453663070537014335e+01 1.113087086295896810e+01 -1.223877186381016458e+01 -1.039408144599152539e+00
-2.831538117554201506e+01 -1.601337273039631270e+01 -3.423154604925244371e+01 -4.579898301004963912e+01 -1.803076659494400147e+01 2.578630788992791878e+01 2.479518902404286251e+01 1.120231803402768556e+01 -1.201042135078802708e+01 -1.046598706604042750e+00
-2.865639968422266648e+01 -1.604627273138593679e+01 -3.414746305989770292e+01 -4.567915311164064462e+01 -1.804375386571809514e+01 2.561024350523869941e+01 2.453640728850003683e+01 1.113099314720690103e+01 -1.223837079272041173e+01 -1.039444761343277346e+00
-2.865624962690021960e+01 -1.604606761953097305e+01 -3.414799986388872099e+01 -4.567906085903593549e+01 -1.804342419808641651e+01 2.561054667654815731e+01 2.453625165940825781e+01 1.113046093024284566e+01 -1.223844676253793828e+01 -1.038857749432024358e+00
