-2.865482441316154905e+01
-1.601886453195463034e+01
-3.404936280270921856e+01
-4.571666278531866112e+01
-1.833748682011047393e+01
2.579277958772382817e+01
2.465773530497602906e+01
1.130461475695614126e+01
-1.188325027810914314e+01
-1.109946845053829234e+00
2.317461400290970275e+01
-3.124408187185463603e+01
-9.246932285171432397e+00
5.760111487180890499e+00
1.578050217803905220e+01
-2.153503523601012049e+01
-4.356448865425149819e+01
3.563230395700704545e+00
3.119643045445753771e+01
-3.023732870801838146e+01
2.568358615225863772e+01
-1.885909993817033836e+01
1.978917761009279275e+01
-2.430777240021499352e+01
3.031326821299085594e+01
7.097126667229026076e+00
-1.228226485630300679e+01
3.180048027134718325e+01
-3.602160373653647696e+01
-3.434111716438395945e+01
-6.293540618262548847e+00
4.175289414976838032e+01
1.768050959983532167e+01
3.715147952708891310e+00
1.105395556011487912e+01
3.404323221425823931e+01
2.379356481150257352e+01
2.470271909396118204e+01
3.437028218423277082e+01
-3.591426779302985750e+01
2.844554943104533251e+01
-2.678190029539639916e+00
2.819582300737584646e+01
2.103513211747484490e+01
2.061184985375780876e+00
1.507070913152852931e+01
-5.387407285766489196e+00
3.986268597185171103e+01
1.166403345341222320e+01
-4.927273675307782241e+01
