-2.835673023353282218e+01
-1.615613794841344841e+01
-3.398579305929947481e+01
-4.593222637015707477e+01
-1.833843832645136729e+01
2.576321925498009335e+01
2.466387077615711831e+01
1.110915965360744551e+01
-1.202908555122679779e+01
-9.137781420005296473e-01
2.378643241394394892e+01
-3.144013382999561301e+01
-9.234599150380173427e+00
5.660035216459992746e+00
1.561395828504171135e+01
-2.165019080667865126e+01
-4.333489790277238285e+01
3.599622895199067862e+00
3.142578857558608263e+01
-2.998656026020969989e+01
2.557064340385098689e+01
-1.850002957307356510e+01
1.966757894868245060e+01
-2.450346563190251814e+01
3.052134865138119224e+01
7.228962497198065051e+00
-1.252132074606053358e+01
3.179593989732153858e+01
-3.619595104806193575e+01
-3.420181856947126420e+01
-5.982875439826398356e+00
4.172301495956527617e+01
1.783504549595417288e+01
3.738156883812811859e+00
1.079536279490399764e+01
3.422067772330502322e+01
2.359352467935354980e+01
2.474110365782886944e+01
3.450115118076112708e+01
-3.599051989513316840e+01
2.841103341694950402e+01
-2.868471916967508584e+00
2.846519843303597952e+01
2.091164435440651204e+01
1.836359334018620615e+00
1.482677253861397659e+01
-5.711254835726642831e+00
3.978059987885762183e+01
1.181034890207862098e+01
-4.965029162194845469e+01
