-2.847052296488184453e+01
-1.632131498797927449e+01
-3.384198122854711244e+01
-4.618890358152282261e+01
-1.771078844290989096e+01
2.528765758636990313e+01
2.481757599422390825e+01
1.100476719533781811e+01
-1.185948160304196897e+01
-1.124349946149016732e+00
2.336198390812162273e+01
-3.100299608463081569e+01
-9.137213391022863007e+00
5.111435643436924359e+00
1.663585986332495992e+01
-2.158650752570806119e+01
-4.345820622339383732e+01
2.683147215848355138e+00
3.206310903204293083e+01
-3.004280614796338611e+01
2.421537095784272609e+01
-1.790605867762685932e+01
2.028099485381781975e+01
-2.462038962647598694e+01
2.940562626023618620e+01
7.286340502786271323e+00
-1.279520973275283957e+01
3.241176252325302443e+01
-3.588601900126338506e+01
-3.433405372158043889e+01
-5.491562709938664355e+00
4.056748250352917040e+01
1.882919160690882165e+01
3.341871542603542355e+00
1.104828127407997940e+01
3.355322753092448806e+01
2.345674855122200597e+01
2.501462464541726760e+01
3.499334500297567274e+01
-3.695520631277918966e+01
2.897441816205296305e+01
-2.949502650793409675e+00
2.812573436047949471e+01
2.086205342899594584e+01
1.963471146712855608e+00
1.533859095066975797e+01
-5.326610436150557071e+00
3.947913802490904800e+01
1.179254704108194929e+01
-4.900564751556942156e+01
1.984804973596430600e+01
4.875822742139163068e+01
-4.300988539787563525e+01
-2.666734576902005927e+01
2.611670785437926057e+01
3.066170240996190799e+01
3.781859486919243807e+01
-4.655855393357400374e+01
-1.850659409850907977e+01
-2.252640875683495025e+01
3.789616427142114929e+01
7.673157368416364754e+00
1.947983892799897276e+01
-4.239307633015290833e+01
4.886465284187235625e+01
2.477966380779212585e+01
4.066643168052546287e+01
4.398657670296880440e+01
-4.499981376107326980e+01
-1.291108059399865304e+01
1.377686121095024241e+01
-2.524359266828960724e+00
-4.081770381300599837e+01
-3.176680081239950049e+00
2.588707835709551475e+01
-2.945543922628340994e+01
-2.024389526353707325e+01
-1.049121413088438359e+01
4.521022012204095830e+01
-9.773723064926377546e+00
-1.102451560582715118e+01
-1.826119974384969424e+01
-4.873280367230365329e+01
-3.249757411998989198e+01
4.912554810233118019e+01
-9.422082541413717038e+00
-1.700900437996104841e+01
4.843488952916764845e+01
-4.405343548072938376e+01
-7.457288331552661909e+00
1.329745774352936039e+01
4.699081636255877470e+01
2.370611053398237544e+01
2.726989990758759319e+01
2.679268093085690339e+01
1.462690996873978655e+01
4.011002864102779952e+00
-3.209041275487676703e+00
-2.096103350250331232e+01
4.983739882341561156e+01
