-2.839419120410228103e+01
-1.589009509807650211e+01
-3.407153596067212220e+01
-4.596011036527703197e+01
-1.887525811827918076e+01
2.611550768181495030e+01
2.532893697731966398e+01
1.082088441634540033e+01
-1.237859084673396737e+01
-1.050201322246982594e+00
2.356257967836876688e+01
-3.145421686449450860e+01
-8.634256032060184438e+00
4.967460938770647871e+00
1.620575098114941426e+01
-2.185179391827748319e+01
-4.357267371258821242e+01
2.824960472887855900e+00
3.168890072018366055e+01
-2.989483674544878156e+01
2.577338991924436939e+01
-1.877292305129652306e+01
2.047809871753067057e+01
-2.531819231098668155e+01
3.074520803749400599e+01
6.865323806061531364e+00
-1.185750085395301845e+01
3.042377938550445293e+01
-3.539030085197288855e+01
-3.348079081433110815e+01
-6.737996284364045962e+00
4.257213183632544684e+01
1.707655105350580982e+01
3.307690531083630869e+00
1.081318863737982028e+01
3.501287273876667427e+01
2.284249850217019429e+01
2.452899839986611497e+01
3.485326509601210887e+01
-3.596531264571352438e+01
2.845429524883476802e+01
-3.192614807453238335e+00
2.823260763927638095e+01
2.126774930610233838e+01
1.518103077563278003e+00
1.518693223291112560e+01
-4.970943806340867077e+00
3.959590517071229954e+01
1.155745537425325686e+01
-4.957449675196879468e+01
2.088515708911850410e+01
4.825078399847649990e+01
-4.324928667963159512e+01
-2.650674888819415997e+01
2.668731360265537234e+01
3.007001207503070717e+01
3.789550488990524002e+01
-4.658022963293137053e+01
-1.818670277874421615e+01
-2.264394045433556002e+01
3.696042658005053738e+01
8.153807562498087691e+00
1.963206157109567229e+01
-4.213600787554477733e+01
4.882964912607931751e+01
2.491408897655601251e+01
4.034361695489202759e+01
4.392953826555467600e+01
-4.519014627742068768e+01
-1.264612629958446455e+01
1.378649090350489459e+01
-2.472003411753697311e+00
-4.078976011930225809e+01
-3.063421107117718645e+00
2.588395461070451375e+01
-2.979086609666654439e+01
-2.018240878542728467e+01
-1.023254648673306733e+01
4.514762866520361939e+01
-9.818508465254582873e+00
-1.125353704711164404e+01
-1.818793649239612620e+01
-4.869095156741382624e+01
-3.221943774132475369e+01
4.906065197626791985e+01
-9.558652604493058647e+00
-1.693751134512790202e+01
4.843756355941317793e+01
-4.403956468104684774e+01
-7.432975278729661461e+00
1.320899958990945322e+01
4.700127681970371185e+01
2.377862803175192852e+01
2.727336158296045809e+01
2.680209421805320602e+01
1.478742072895608928e+01
3.947382355740365334e+00
-3.079238025926069433e+00
-2.139601974124785855e+01
4.985250259903924785e+01
