-2.757287875167005708e+01
-1.502069125785219939e+01
-3.326735155234454311e+01
-4.481811359193866195e+01
-1.707978313246108826e+01
2.672567684347965056e+01
2.571656220960377581e+01
1.221571836964404234e+01
-1.113661771983105453e+01
8.449391607208277255e-02
2.440530949773845748e+01
-3.046470648211701970e+01
-8.066300924001518879e+00
6.735014216350104554e+00
1.668416591224482559e+01
-2.058247264331512838e+01
-4.237023114713576888e+01
4.353631979737031088e+00
3.214533343519251218e+01
-2.890395102003564887e+01
2.643269010568505806e+01
-1.767392866196760792e+01
2.074923097330319521e+01
-2.342752410201460833e+01
3.131123862475937258e+01
8.076420645378766139e+00
-1.141641705309745625e+01
3.272483315466057974e+01
-3.495470317261767690e+01
-3.330051440932592044e+01
-4.950192485929264308e+00
4.263390137790812418e+01
1.888018268371018848e+01
4.647978287589197066e+00
1.170599586933453651e+01
3.517759525507862861e+01
2.469304612300664203e+01
2.564508972749508686e+01
3.538064715809758098e+01
-3.511375372764722869e+01
2.947953999399232217e+01
-1.843734179485233105e+00
2.929988147179336266e+01
2.201038249393106838e+01
2.845562487579865962e+00
1.616362583233323136e+01
-4.468697480482449080e+00
4.068671204782391015e+01
1.271359738495704939e+01
-4.841119382684884442e+01
2.173477350664112606e+01
4.902600826011951085e+01
-4.179814590416610542e+01
-2.578848625036182796e+01
2.748615622198416020e+01
3.141308784200451498e+01
3.874298118895870857e+01
-4.526375318221017352e+01
-1.739438059844631468e+01
-2.168462703968772587e+01
3.851916074653519217e+01
8.855865067879991059e+00
2.026804288531239706e+01
-4.102798141194596582e+01
4.996107684487559908e+01
2.561384877685734907e+01
4.157994596503363738e+01
4.501896143529092598e+01
-4.431900417622964738e+01
-1.155070317097750987e+01
1.479101090715347055e+01
-1.564855303351902815e+00
-3.985267576818645097e+01
-2.050704668535638042e+00
2.686946990678450220e+01
-2.869760799005312180e+01
-1.946776109745729144e+01
-9.524879231967188886e+00
4.593029870166674300e+01
-9.399146733340186799e+00
-1.091325874875061075e+01
-1.819108994603340435e+01
-4.876807701591467747e+01
-3.229408767508320466e+01
4.908198474813522694e+01
-9.459352305362516589e+00
-1.701662228866244320e+01
4.845552438476303792e+01
-4.402297406377502398e+01
-7.467460512083250457e+00
1.332797433795520448e+01
4.698569057360940349e+01
2.383477809617308196e+01
2.721415750405273570e+01
2.678450857576384792e+01
1.467188963626215070e+01
4.073764782904297554e+00
-3.095903799769867959e+00
-2.121633498214076852e+01
4.980471121121757250e+01
