-2.757287292498186559e+01
-1.502068644176971546e+01
-3.326734670655710602e+01
-4.481810757946335855e+01
-1.707978399436559158e+01
2.672567826919156175e+01
2.571656189641808510e+01
1.221571782665051664e+01
-1.113661828408299215e+01
8.449282533342625245e-02
2.440530885747175915e+01
-3.046470595167204465e+01
-8.066298958166633781e+00
6.735015250143051802e+00
1.668416977654201006e+01
-2.058247338610695110e+01
-4.237023168595374756e+01
4.353632725593868713e+00
3.214533560035408044e+01
-2.890395039379598074e+01
2.643268851042175527e+01
-1.767392987802347903e+01
2.074923034325208349e+01
-2.342752452674715613e+01
3.131123637487765166e+01
8.076419708479470216e+00
-1.141641765612413906e+01
3.272483122224345209e+01
-3.495470375684531916e+01
-3.330051261968831966e+01
-4.950188899435209677e+00
4.263390304649402651e+01
1.888017537622726749e+01
4.647973250138544898e+00
1.170597906269368949e+01
3.517760264331760567e+01
2.469305739706049962e+01
2.564508457266265395e+01
3.538063372561981623e+01
-3.511375152068818295e+01
2.947953653715500977e+01
-1.843718758396742485e+00
2.929986709672982315e+01
2.201035209610074261e+01
2.845499154365005445e+00
1.616360803688523617e+01
-4.468680890065775735e+00
4.068673057827045625e+01
1.271353211921426229e+01
-4.841111803727651619e+01
2.173508054763494002e+01
4.902641265871144327e+01
-4.179746592193935584e+01
-2.578830248475016873e+01
2.748587844054947382e+01
3.141230355767486060e+01
3.874272521066805552e+01
-4.526420951667230241e+01
-1.739472144452054891e+01
-2.168431969679053140e+01
3.851863401238974660e+01
8.855266165174979776e+00
2.026795531506404657e+01
-4.102733490893281498e+01
4.996256833685041698e+01
2.561218502273704445e+01
4.157852642485315897e+01
4.502184587545735184e+01
-4.432123007105577983e+01
-1.154823799352842961e+01
1.479507373033122875e+01
-1.563850159593845435e+00
-3.984160310371322566e+01
-2.037613768380286849e+00
2.690391445440754126e+01
-2.864450439025469564e+01
-1.939251727507451406e+01
-9.365745327351316263e+00
4.619851994083778379e+01
-8.971163033587805202e+00
-1.035405308056471796e+01
-1.766830991289943498e+01
-4.846571524606288506e+01
-3.222095940994774566e+01
4.910330223707089914e+01
-9.456462650645914181e+00
-1.701464528328534342e+01
4.845552536980910929e+01
-4.402306687509118888e+01
-7.467061599933234817e+00
1.332798548018118545e+01
4.698577516654297881e+01
2.383491672249295235e+01
2.721414869518941870e+01
2.678449305177111128e+01
1.467187644516322109e+01
4.073777126177879460e+00
-3.095908337204131833e+00
-2.121632707092314263e+01
4.980471977104576808e+01
