-2.757287844376161701e+01
-1.502069308623056365e+01
-3.326735009890924744e+01
-4.481811251619316749e+01
-1.707978090097739710e+01
2.672568002938182374e+01
2.571656349814732323e+01
1.221571934762608791e+01
-1.113661658918559105e+01
8.449367555075588954e-02
2.440530978962973307e+01
-3.046470648161115591e+01
-8.066299179823802845e+00
6.735014847112891445e+00
1.668416738259482912e+01
-2.058247316737909927e+01
-4.237023048626684130e+01
4.353632535238432411e+00
3.214533390858497341e+01
-2.890395113100271018e+01
2.643268932953545303e+01
-1.767392913123847364e+01
2.074923182046555326e+01
-2.342752255595334532e+01
3.131123849204183074e+01
8.076420850383962957e+00
-1.141641650825718024e+01
3.272483256717061550e+01
-3.495470450715087907e+01
-3.330051131748283666e+01
-4.950189719892370555e+00
4.263390445400413853e+01
1.888017900428755169e+01
4.647971687490964676e+00
1.170599147285777519e+01
3.517760317359536515e+01
2.469306758434748161e+01
2.564509908045863185e+01
3.538064177949858191e+01
-3.511374765570504053e+01
2.947953568721232998e+01
-1.843722483140761259e+00
2.929986297169645226e+01
2.201031969698703250e+01
2.845459420049314847e+00
1.616359080591996644e+01
-4.468713232520657996e+00
4.068671438914439165e+01
1.271355310859929943e+01
-4.841109420939027075e+01
2.173510950432178745e+01
4.902642134671269503e+01
-4.179756024871981168e+01
-2.578824194264699798e+01
2.748552986103484841e+01
3.141235404191082381e+01
3.874264005342056549e+01
-4.526390349265762580e+01
-1.739498053714385861e+01
-2.168404938296234263e+01
3.851918286481286913e+01
8.855250880564749849e+00
2.026790447256364303e+01
-4.102559480881980392e+01
4.996245105589858326e+01
2.561204281962158547e+01
4.157994865873951795e+01
4.502544117209061625e+01
-4.431534817198772913e+01
-1.154888653979096169e+01
1.479779445430593476e+01
-1.560283637937903922e+00
-3.984168171831905170e+01
-2.027879648147314473e+00
2.691548788460785602e+01
-2.864163727617755839e+01
-1.937320846553233977e+01
-9.355393572939195934e+00
4.622050797197856298e+01
-8.941536148289536357e+00
-1.030824218129394687e+01
-1.756527938030032132e+01
-4.835756374964630311e+01
-3.213655061279079916e+01
4.911145646566095735e+01
-9.455861935950830244e+00
-1.701346623386877965e+01
4.845320267671360881e+01
-4.402280101597338557e+01
-7.467081302153732558e+00
1.332813560207364567e+01
4.698573457188386016e+01
2.383495833178619705e+01
2.721413779725810755e+01
2.678447557308745175e+01
1.467190380755171475e+01
4.073770962117284178e+00
-3.095913343574516752e+00
-2.121634505431741857e+01
4.980471705570915475e+01
