-2.757287695749720768e+01
-1.502069242346490441e+01
-3.326735026528780281e+01
-4.481810976891629394e+01
-1.707978045614718354e+01
2.672568008704283571e+01
2.571656321003224477e+01
1.221571784653903769e+01
-1.113661720542428490e+01
8.449310003413490477e-02
2.440530728136137384e+01
-3.046470784306013968e+01
-8.066300128511969092e+00
6.735013615004509013e+00
1.668416730840454676e+01
-2.058247308025044831e+01
-4.237023072943183166e+01
4.353632934221805861e+00
3.214533329246279436e+01
-2.890395098639520910e+01
2.643268923078862542e+01
-1.767393002862235818e+01
2.074923042675422025e+01
-2.342752411561601278e+01
3.131123836381891223e+01
8.076421883294118587e+00
-1.141641496020638513e+01
3.272483370728047447e+01
-3.495470486956116929e+01
-3.330051367955329056e+01
-4.950189407274253384e+00
4.263390250138371584e+01
1.888017530064749394e+01
4.647973848054453683e+00
1.170598863291931302e+01
3.517760211315176377e+01
2.469305234887143996e+01
2.564508492347684054e+01
3.538065133886941993e+01
-3.511375777478824745e+01
2.947954196316496223e+01
-1.843725936334211335e+00
2.929984371289337375e+01
2.201030010991008723e+01
2.845467532220881335e+00
1.616356069886318991e+01
-4.468708763812809792e+00
4.068668482329061931e+01
1.271352762581078366e+01
-4.841116612128296737e+01
2.173506608282022867e+01
4.902631363160200806e+01
-4.179757395907296313e+01
-2.578820784019685419e+01
2.748590027573092343e+01
3.141268950074099564e+01
3.874320071430587120e+01
-4.526383098208449951e+01
-1.739446369105040802e+01
-2.168438753934514196e+01
3.851884427251333420e+01
8.855927137554639117e+00
2.026875240693693669e+01
-4.102565548215315516e+01
4.996264678097819711e+01
2.561238060488449264e+01
4.157867656431416492e+01
4.502346923754940633e+01
-4.431760799933495321e+01
-1.155051616133235193e+01
1.479546591830922431e+01
-1.565009789850136279e+00
-3.984532539160485953e+01
-2.036171503007551564e+00
2.688998116068867006e+01
-2.868554299846218925e+01
-1.944413441360321215e+01
-9.442704044345797243e+00
4.606343165203888645e+01
-9.225580202972714972e+00
-1.075489493062674207e+01
-1.810918462197426138e+01
-4.876997779259302490e+01
-3.229971544814891615e+01
4.907600699255058174e+01
-9.456576645150912341e+00
-1.701377353493846911e+01
4.845617072137245884e+01
-4.402320726425602260e+01
-7.466992032827418413e+00
1.332810372441878854e+01
4.698620124857396263e+01
2.383472417076236027e+01
2.721413482134166628e+01
2.678448041508865884e+01
1.467189038850409233e+01
4.073763015419485711e+00
-3.095915991752755669e+00
-2.121633580663273833e+01
4.980471700935915891e+01
