-2.757287092084786906e+01
-1.502069041893600065e+01
-3.326734575426002039e+01
-4.481811034780645997e+01
-1.707978348266538049e+01
2.672568012287634076e+01
2.571656670761228369e+01
1.221572172374568410e+01
-1.113661691137147258e+01
8.449577906194824517e-02
2.440530900504236556e+01
-3.046470782356066209e+01
-8.066302539757083778e+00
6.735014752150591200e+00
1.668416851446541216e+01
-2.058247277791228314e+01
-4.237023056240023067e+01
4.353632203558017721e+00
3.214533310260713961e+01
-2.890394980367402411e+01
2.643269013437601345e+01
-1.767392965375854530e+01
2.074923118757105911e+01
-2.342752368819737185e+01
3.131123634431735070e+01
8.076420024982247980e+00
-1.141641718466786415e+01
3.272483074437504058e+01
-3.495470212757182082e+01
-3.330051249887310405e+01
-4.950187215359722614e+00
4.263390244968102394e+01
1.888017584147264927e+01
4.647971520755002750e+00
1.170599400751034658e+01
3.517759710717738386e+01
2.469305312682521247e+01
2.564509291757604004e+01
3.538064606446513949e+01
-3.511375671542772636e+01
2.947953102433102401e+01
-1.843741230147611487e+00
2.929984338905403618e+01
2.201031648126291174e+01
2.845426394761891853e+00
1.616359722490743067e+01
-4.468708927759334593e+00
4.068670101560496022e+01
1.271338786410376898e+01
-4.841115799493678651e+01
2.173507706605326106e+01
4.902631732235231965e+01
-4.179759697788215789e+01
-2.578826692922727304e+01
2.748584765722368672e+01
3.141281730827737206e+01
3.874297024222160246e+01
-4.526373195816898232e+01
-1.739439425062677813e+01
-2.168351501218277733e+01
3.851939738914035871e+01
8.856172595373170253e+00
2.026837874879131363e+01
-4.102445548727561686e+01
4.996249559544320817e+01
2.561514855983236671e+01
4.157895383369610443e+01
4.502348238488965393e+01
-4.431690002205473888e+01
-1.154814838864093574e+01
1.479268667142999938e+01
-1.561105291037999221e+00
-3.984192663810159019e+01
-2.035374323430123589e+00
2.689795609015262556e+01
-2.864946802998842657e+01
-1.937881348497621303e+01
-9.352596753742879798e+00
4.622379407971786947e+01
-8.925602375355651930e+00
-1.025593088647285889e+01
-1.749502090538020127e+01
-4.822879707272672078e+01
-3.198068334132096524e+01
4.917679873869806784e+01
-9.449582988686282548e+00
-1.701001654752951708e+01
4.845697665621437977e+01
-4.402460592083181012e+01
-7.467043257199205364e+00
1.332807267032545973e+01
4.698538764932154521e+01
2.383482029402922109e+01
2.721402901561733856e+01
2.678459936746840953e+01
1.467187421267886727e+01
4.073751614532824306e+00
-3.095864155223539083e+00
-2.121635297752134264e+01
4.980473208450514022e+01
