-2.952289919367546034e+01
-1.682172250405082536e+01
-3.333095681086301454e+01
-4.498644654962774325e+01
-1.724989091649035089e+01
2.461878931507231982e+01
2.578651732493496596e+01
1.125509398420465068e+01
-1.209125914524679324e+01
1.409519063155590182e-02
2.449763605779089914e+01
-3.030562708541707551e+01
-7.999468526891614140e+00
6.876436417421836644e+00
1.567206146010446588e+01
-2.057094328467786681e+01
-4.341833809744908734e+01
2.258862113447244635e+00
3.007652124107836400e+01
-3.109173636742444558e+01
2.542737285059657992e+01
-1.868228189723911470e+01
2.075220076922749968e+01
-2.328523042019365619e+01
3.024426521029451820e+01
7.106745387342810361e+00
-1.153221499151571727e+01
3.275064216494710223e+01
-3.695480005448947480e+01
-3.328069098621180899e+01
