-2.773149531019823044e+01
-1.506786267902719700e+01
-3.430208843916433636e+01
-4.581927752711214907e+01
-1.805912605024438378e+01
2.665017097212959740e+01
2.471875787155949666e+01
1.024453222410722297e+01
-1.114431466955507943e+01
-8.794475845556963822e-01
2.348624668416716332e+01
-3.145704948495890463e+01
-9.090467387020529699e+00
6.841012089413570862e+00
1.559553017693465726e+01
-2.253653036159642653e+01
-4.339592968631879444e+01
4.359577758943521175e+00
3.033227832863481055e+01
-2.990107225169200333e+01
2.641083564697314046e+01
-1.751219888613722730e+01
2.090739202254535911e+01
-2.442074192922543574e+01
3.041127903003745203e+01
6.112064778008281962e+00
-1.346739058514950038e+01
3.074451013281806411e+01
-3.674605842990959559e+01
-3.307404499667904219e+01
