-2.937639822270731926e+01
-1.710085606995207996e+01
-3.431470517318700075e+01
-4.579105236038928695e+01
-1.803436309386684400e+01
2.672655715503669427e+01
2.592176029052999198e+01
1.123110882457006987e+01
-1.093345478575538365e+01
-8.832008206602059985e-01
2.441422988843394393e+01
-3.234217495445557944e+01
-8.250530705888607486e+00
6.945367247755323881e+00
1.486942640206868838e+01
-2.069412157633029636e+01
-4.442573989351117092e+01
3.331549181569402052e+00
3.025517200392501849e+01
-2.993382754937452006e+01
2.653522178544271526e+01
-1.785484492307177007e+01
1.975608228198609595e+01
-2.358827774267147248e+01
3.151573659548544626e+01
5.840158989740314333e+00
-1.240365410842800387e+01
3.068035349731453820e+01
-3.588218296977760957e+01
-3.331842294449104003e+01
