-2.657290176299984452e+01
-1.602069290204151741e+01
-3.426735012861830398e+01
-4.581811211029702235e+01
-1.807978113662477782e+01
2.572567903388782895e+01
2.471656390585597762e+01
1.121571948581891043e+01
-1.213661712641173906e+01
-9.155066566466316669e-01
2.340530967504776072e+01
-3.146470652210010854e+01
-9.066299495335906400e+00
5.735014614390596677e+00
1.568416700309865774e+01
-2.158247352604587022e+01
-4.337023140314514791e+01
3.353632167479191128e+00
3.114533338155288789e+01
-2.990395090368314612e+01
2.543268922733746251e+01
-1.867392972544855922e+01
1.974923093872207147e+01
-2.442752402819992952e+01
3.031123771010343404e+01
7.076420619008823465e+00
-1.241641670765446648e+01
3.172483307598470148e+01
-3.595470425030374173e+01
-3.430051214569047602e+01
