-2.657290176299984452e+01
-1.602069291321121369e+01
-3.426735015183461996e+01
-4.581811211054957766e+01
-1.807978113668464815e+01
2.572567906925110393e+01
2.471656391359506344e+01
1.121571948582948863e+01
-1.213661712638597479e+01
-9.155066614906551825e-01
2.340530970773113850e+01
-3.146470651237756044e+01
-9.066299493861865955e+00
5.735014626939038074e+00
1.568416698554140787e+01
-2.158247352112487505e+01
-4.337023140415384148e+01
3.353632165549971234e+00
3.114533336513443018e+01
-2.990395089404979601e+01
2.543268923417896232e+01
-1.867392971476775898e+01
1.974923095752675550e+01
-2.442752402471164075e+01
3.031123770959398556e+01
7.076420606390244394e+00
-1.241641670417528687e+01
3.172483308882828013e+01
-3.595470423921639735e+01
-3.430051214835055617e+01
