-3.057285176268733906e+01
-1.602069291923768901e+01
-3.426735011940419895e+01
-4.581811210632556453e+01
-1.807978114553718996e+01
2.572567903004297918e+01
2.471656392803106073e+01
1.121571950173245469e+01
-1.213661711389229225e+01
-9.155066497740278475e-01
2.340530968386730137e+01
-3.146470650007648473e+01
-9.066299477700667353e+00
5.735014630035125904e+00
1.568416698338763027e+01
-2.158247350144339904e+01
-4.337023138929487942e+01
3.353632181290233216e+00
3.114533337103210187e+01
-2.990395091638499636e+01
2.543268921053322984e+01
-1.867392970597097346e+01
1.974923093471305435e+01
-2.442752401200542067e+01
3.031123769289641601e+01
7.076420622202247657e+00
-1.241641671057789154e+01
3.172483307420914400e+01
-3.595470424081229055e+01
-3.430051212953620166e+01
