-3.004805302576707504e+01
-1.744516386290693788e+01
-3.485002176356555026e+01
-4.817423587971241972e+01
-1.625899930764776258e+01
2.456642755842697312e+01
2.411560904228648283e+01
9.656698018481570500e+00
-1.316105116366453309e+01
-2.235468842462471795e+00
2.521118854943823351e+01
-3.214001293255061853e+01
-9.331917016841869028e+00
3.884356454934908776e+00
1.490540156514261838e+01
-1.994572724886295134e+01
-4.117136886020336561e+01
1.445221859477842985e+00
3.059183901632697200e+01
-3.011238380916496027e+01
2.628368546421984675e+01
-2.075020461412796280e+01
1.884246951249047086e+01
-2.613609713896033071e+01
3.019653212305929557e+01
5.995033791300452108e+00
-1.161108936731266716e+01
3.230128701488882115e+01
-3.530035148528066458e+01
-3.510750167693490198e+01
