-2.082616892938843378e+01
-2.275081856815884862e+01
-2.645276698418483363e+01
-4.372217453778842611e+01
-3.157192762364587679e+00
2.137948071966621910e+01
2.548989853155350005e+01
1.865726924526286368e+01
-8.439683690104702762e+00
6.117797990124189234e+00
1.610309369862714846e+01
-3.321492330825391548e+01
-6.887391646175674786e+00
1.416505462112743530e+01
2.441972804041951051e+01
-1.465345007066431293e+01
-3.570841648765822640e+01
-7.736515757068310961e+00
2.696335946719734267e+01
-2.798942918762806897e+01
2.467947301199511401e+01
-1.995227555695571908e+01
1.748901091149804188e+01
-2.898764703009614507e+01
3.076845818385187670e+01
5.049208483343779363e+00
-1.375284452489835374e+01
3.911622218890655489e+01
-3.770703770891039852e+01
-3.334982125744080150e+01
