-2.713786883635333780e+01
-2.967948230710872881e+00
-3.617326734281258638e+01
-5.687305485767119961e+01
-2.517244249245212018e+01
3.215758403264805310e+01
2.056203284216030980e+01
-7.228809793131797612e+00
-3.783354444328788091e+00
-2.048438741785859207e+01
-4.922202581756205397e-01
-5.100800180655214433e+01
-1.086169200775676025e+01
-9.298719830508741069e+00
2.971802253625431334e+01
-3.832801773655988598e+01
-4.901080852749279160e+01
5.975266152245358953e+00
2.824687399943458033e+01
-1.959961747024757273e+01
1.505146214959266615e+01
-4.252417843620264648e+01
1.051404979445354648e+01
-2.111570009729785724e+01
5.162359210514817676e+01
1.099249853745997596e+00
-1.265454459276991628e+01
2.542265981612819914e+01
-5.021301244213488246e+01
-2.039966851928514302e+01
