-2.870474162794123529e+01
-1.537402482981764074e+01
-3.225629563653967580e+01
-4.754502448699003025e+01
-1.984570314764467369e+01
2.592600505629229701e+01
2.564265029989545397e+01
1.065903465327410160e+01
-1.076753528477411592e+01
-1.522282804804497847e+00
2.102539218323911641e+01
-3.703547185426295130e+01
-8.562987359311875935e+00
4.101384184607439032e+00
1.451929606277890983e+01
-2.401949144959940696e+01
-4.476691907289045247e+01
1.702649455350634389e+00
3.349939351276785260e+01
-2.730094767757085350e+01
2.534796200449962456e+01
-2.249050908847826946e+01
2.044854760006606753e+01
-2.442619033791522654e+01
3.102997443960782675e+01
6.865147892420711884e+00
-1.416078764204187479e+01
3.253518981560111456e+01
-3.974829867423501639e+01
-3.387319857620941121e+01
