-2.746513825630004391e+01
-1.917872524533215284e+01
-3.785148690700994933e+01
-5.588246068448164294e+01
-2.010907480926710633e+01
2.614783255867155987e+01
2.564658187363575692e+01
1.601175932450663097e+01
-1.753582175355077766e+00
5.313609564495536119e-02
1.703593332818932282e+01
-4.560780056581904773e+01
-1.707077799491278114e+01
5.662990658574278413e-01
1.517875180246612388e+01
-3.037058805834858077e+01
-3.379498710545517071e+01
5.989888366334732872e+00
3.082159497494153300e+01
-3.094176919651249946e+01
3.059187749739365003e+01
-2.487510130369353689e+01
3.063186779864522435e+01
-2.003880956020316972e+01
2.140136139497663237e+01
1.574654230020644974e+01
-1.877308577502293474e+01
2.879532228712876218e+01
-3.879104376588315262e+01
-2.817769399354500948e+01
