3.147273926121851773e+01
4.057921725215928177e+01
-3.730111944511457978e+01
4.133733650930808068e+01
1.323601204921605934e+01
-4.024570091906353042e+01
-2.215043315314449401e+01
4.688396834426698412e+00
4.575066541379746354e+01
4.648899882491316760e+01
-3.423892145550899357e+01
4.705924610866644997e+01
4.571681376565412336e+01
-1.462002775176646896e+00
3.002793083538266217e+01
-3.581169068545762713e+01
-7.823654992191407587e+00
4.157375205556092368e+01
2.922054482018124233e+01
4.594949994037583707e+01
1.557378380610214919e+01
-4.642912870550142657e+01
3.491216518904332844e+01
4.339946154337967243e+01
1.787368932623934015e+01
2.577425923340768676e+01
2.431297991245231671e+01
-1.077851621398759541e+01
1.554818674412936019e+01
-3.288125293688928252e+01
2.060481402656617433e+01
-4.681661716469600520e+01
-2.230822349649256608e+01
-4.538267295769706067e+01
-4.028701786859611644e+01
3.234623416526676465e+01
1.948300827381623535e+01
-1.829013743324029306e+01
4.502224484563054574e+01
-4.655621485614083355e+01
-6.125284651088144905e+00
-1.184382573409887485e+01
2.655164868022253444e+01
2.951981335921837868e+01
-3.131296338264995782e+01
-1.024678592709332703e+00
-5.441007680806509761e+00
1.463166830001311780e+01
2.093677046210848758e+01
2.546912523780333260e+01
-2.239712979827983830e+01
1.797069463904990627e+01
1.550922372403848826e+01
-3.373864703790328434e+01
-3.809997068268664577e+01
-1.640980163061384889e-01
4.597460228962439999e+01
-1.596111967952801614e+01
8.526729348917751139e+00
-2.761868204434811958e+01
2.512667897604284661e+01
-2.449020278553311059e+01
5.960483287579519951e-01
1.990789821131426862e+01
3.909056805130227730e+01
4.592958234956962116e+01
4.721862127345695548e+00
-3.613830852820606054e+01
-3.507096165514906261e+01
-2.424907065626308267e+01
3.407145021846827859e+01
-2.457163976267496253e+01
3.142842051521049740e+01
-2.564765950322314936e+01
4.292679125172746524e+01
-1.500213728263546820e+01
-3.034108953873143122e+01
-2.489246449113472082e+01
1.160424994522553632e+01
-2.670808405633078308e+00
-1.483509805667917014e+01
3.308288688482079465e+01
8.526798526369955056e+00
4.972523896990568737e+00
4.171955317020930920e+01
-2.141607858325050628e+01
2.571999929377979655e+01
2.537329528692695035e+01
-1.195516182890777301e+01
6.782254348726374005e+00
-4.241471680014122114e+01
-4.460531733873681048e+01
3.079062932344016623e+00
2.791660007038527169e+01
4.340142984591741993e+01
-3.700976075834168455e+01
6.882646876357378041e+00
-3.061140648342676851e+00
-4.880980674302480082e+01
-1.628874541594371550e+01
