3.147231332182493091e+01
4.057948008984095623e+01
-3.730184883056828227e+01
4.133756619050090819e+01
1.323629427334631536e+01
-4.024573034629929680e+01
-2.215001042680956544e+01
4.687762005985820046e+00
4.575080500329424638e+01
4.648903743809041345e+01
-3.423881393605356749e+01
4.705946068995442033e+01
4.571667379046506596e+01
-1.462180535300283246e+00
3.002836014516114815e+01
-3.581096938003229013e+01
-7.823509312050027198e+00
4.157250413491776442e+01
2.922103841890604770e+01
4.594900754263444753e+01
1.557425252948735483e+01
-4.642870515722972158e+01
3.491305112912253605e+01
4.339949487412229701e+01
1.787383703913564048e+01
2.577389458279976964e+01
2.431308733260629040e+01
-1.077761022735779584e+01
1.554781005233509106e+01
-3.288179501310483488e+01
2.060412750714054653e+01
-4.681738272084618302e+01
-2.230746774739867533e+01
-4.538268441728734359e+01
-4.028697899287003281e+01
3.234616533562666518e+01
1.948236911893418721e+01
-1.828987527210205499e+01
4.502260508901805025e+01
-4.655520607324873339e+01
-6.125334512981653212e+00
-1.184408183197401421e+01
2.655116062670408539e+01
2.951969300203112567e+01
-3.131244735584867200e+01
-1.023177697137442443e+00
-5.441401984295325178e+00
1.463046620400871234e+01
2.093687901860110401e+01
2.546881048636205236e+01
-2.239726243687001528e+01
1.797022860831865643e+01
1.551001375626468715e+01
-3.373859686614525799e+01
-3.810062780966602247e+01
-1.637717992715920501e-01
4.597475375429350919e+01
-1.596124862444054138e+01
8.526307791514186718e+00
-2.761933020961330243e+01
2.512704862773524539e+01
-2.449092048090628637e+01
5.953054098565444541e-01
1.990772451908246410e+01
3.909046550479317261e+01
4.592898801161202016e+01
4.721940401411107047e+00
-3.613726291727768114e+01
-3.507023137965750692e+01
-2.424994385541424791e+01
3.407187206419956738e+01
-2.457185925292808193e+01
3.142852652411869130e+01
-2.564744935107707846e+01
4.292652357878524327e+01
-1.500192011422361915e+01
-3.034131972342743921e+01
-2.489154735039097588e+01
1.160432213704747184e+01
-2.670997898681607197e+00
-1.483398852396491918e+01
3.308295669182283660e+01
8.526112384819938939e+00
4.972663411712842318e+00
4.171928031483261634e+01
-2.141618394719106178e+01
2.572003125216083319e+01
2.537299005778371708e+01
-1.195554388374520194e+01
6.782385336121497410e+00
-4.241476444308031546e+01
-4.460518938047913906e+01
3.079551936535476653e+00
2.791622622509461848e+01
4.340095546335096088e+01
-3.700907465015705355e+01
6.882481543841272753e+00
-3.061280913363759293e+00
-4.881001551407940298e+01
-1.628871578698071332e+01
