-9.945560280183036639e+01
-9.968741644712801531e+01
-9.950256651331021374e+01
-9.979564255549442464e+01
-9.940751946735117883e+01
-9.999282849157667385e+01
-7.499589449531768537e+00
-9.903090741687847753e+01
-9.973076328000266244e+01
-9.934314131826576499e+01
-9.962715789286386325e+01
-9.994428762944816924e+01
-9.960292657226447943e+01
-9.994403269511354893e+01
-9.985888632414713584e+01
-9.985629794164889006e+01
-9.962414190657331403e+01
-9.982167283691163107e+01
-9.974039327911810915e+01
-9.956224932388653315e+01
-9.950904056188994673e+01
-9.978277436791199762e+01
-9.990376862061575025e+01
-9.975854371148430744e+01
-9.972619978507646010e+01
-9.998530744686135563e+01
-9.998178132811359831e+01
-9.994696385478266620e+01
-9.997419039557439646e+01
-9.990993529155126396e+01
-9.987717658964530187e+01
-9.979830576220390981e+01
-9.975547306576028461e+01
-9.997031983281637224e+01
-9.996446567125403249e+01
-9.985197795369219875e+01
-9.978031843905714027e+01
-9.993633007011879954e+01
-9.933421457025447410e+01
-9.838671007216504449e+01
-9.994523925740747927e+01
-9.998967000514110737e+01
-9.961062150097777135e+01
-9.996565595143911764e+01
-9.983224142526017886e+01
-9.953994977373037045e+01
-9.955624389255476103e+01
-9.996774966846471955e+01
-9.953560967069711296e+01
-9.989276498875860000e+01
