-3.339319270194813072e+01
-2.123728609368997056e+01
-3.505995574461550035e+01
-4.947027342454193644e+01
-1.837667688463951521e+01
2.857144650982650802e+01
2.868423917468745898e+01
1.303050554428646990e+01
-1.542739043226399609e+01
-9.239222327037519555e-01
2.018880445255605594e+01
-2.830540953172980778e+01
-1.100250237776249129e+01
8.533519565025926568e+00
1.470687408542841368e+01
-1.867358950956991492e+01
-4.528501097984625545e+01
3.620838985625793427e+00
3.084472854383883345e+01
-2.797844129966726712e+01
2.545397095195627557e+01
-1.994527054319362946e+01
2.089830339811307169e+01
-2.261955632894710533e+01
3.388102765857364318e+01
9.304485623685389228e+00
-1.016139507981461954e+01
3.109164462528524808e+01
-3.390474410091945856e+01
-3.731339943091498412e+01
-3.425821650260861162e+00
4.225847490731022305e+01
1.823938865266341125e+01
9.815021007341462322e-01
1.125995887185873201e+01
3.544853076249017221e+01
2.173133521373944177e+01
2.320936386466671308e+01
3.639704718293690178e+01
-3.557839420269027642e+01
3.181641623065057800e+01
-5.318943785024359272e+00
2.880169126129015567e+01
1.944442348022188227e+01
2.203485532910178790e-01
1.384289059167976177e+01
-8.728388514013161625e+00
4.240379980675645299e+01
1.282421058356125698e+01
-5.805046777789503665e+01
