-2.211431451795300429e-01
4.622465599564553607e+00
-7.105775943160288488e-01
1.213192797756627028e+00
4.259450981715779072e+00
4.087979064275604202e+00
-8.493348507965588823e+00
-2.676103725667696942e+00
8.172724777458391099e-01
5.387373034435178454e+00
3.488592451104953973e+00
-1.557456521679212003e+00
-1.748099156866990356e+00
2.405429263851930344e+00
3.355735097296118852e+00
-5.036203980988354090e+00
-1.883550244343817459e+00
1.403742484928347523e-01
-4.871202687370732143e+00
-2.800492289348399666e+00
4.425813135486331262e+00
2.124884482481080639e+00
-1.147984109382544471e+00
1.286751929982850262e+00
-2.064657158468814924e+00
7.492770498537091761e+00
-1.318973135271656494e+00
-3.413320480833952786e+00
-1.179051198726713601e+00
3.755132088453299488e+00
