-1.299242738031826327e+00
3.754578548632519386e+00
1.172865273066632685e+00
2.142633567203938494e+00
3.148881556901127698e+00
2.947545805365857863e+00
-5.287360624367805961e+00
-3.715754253286515763e+00
8.853192573525703324e+00
9.286727799447412224e+00
1.407023030297064103e+00
-2.512852868663783212e+00
-7.192617771535539939e-01
2.170069224290631205e+00
5.137875053411365300e+00
-3.924473795666823417e+00
-2.828028608283108536e+00
4.993774571279029573e+00
-4.024446031342627350e+00
-7.594984665816381764e+00
3.118648029994649296e+00
1.904920039690163325e+00
7.684810329170632670e-01
2.167014094199329666e+00
-2.020526090423041765e+00
3.205383032545077171e+00
-2.454236136663825896e+00
-3.410038308259856876e+00
-1.359485360556033307e+00
2.997604688900350034e+00
