-2.969366263752321800e+01
-1.715713557087220309e+01
-3.542890091458928481e+01
-4.693729972569833819e+01
-1.921809671108619710e+01
2.457448211912108604e+01
2.360016061640892815e+01
1.008428512392837817e+01
-1.324821633952627842e+01
-2.087396623363991122e+00
2.223547067543909250e+01
-3.257761101577361273e+01
-1.020600783565373959e+01
4.597647724880781439e+00
1.451104681336446589e+01
-2.276772161453688881e+01
-4.457790211978456085e+01
2.206318490511845809e+00
2.997554044836889275e+01
-3.106005710210988369e+01
2.424050291518144462e+01
-1.985358383598199339e+01
1.860271082127138698e+01
-2.553894207613862477e+01
2.911642901286541374e+01
5.990089490646457016e+00
-1.351131208006566631e+01
3.057735133110941916e+01
-3.715515099463126347e+01
-3.546778550858380186e+01
-7.118702984662635735e+00
4.042793287566600924e+01
1.679049165524240905e+01
2.449780731320227556e+00
9.501628091139755483e+00
3.302179319324687867e+01
2.252724256514925827e+01
2.345669220173398983e+01
3.326733025295212798e+01
-3.728796037461054880e+01
2.736388649355992086e+01
-3.925367936225778731e+00
2.710471734558473855e+01
1.990077702827968764e+01
6.844792385277982394e-01
1.399106461273620816e+01
-6.643239548999009259e+00
3.854091890293628353e+01
1.060149118832979731e+01
-4.777002286515920559e+01
1.955028919076409721e+01
4.689888528818570279e+01
-4.397115948130314678e+01
-2.798045515555839202e+01
2.535891282869536667e+01
2.925327297727136511e+01
3.658805136397613467e+01
-4.743327662174139192e+01
-1.959482354645207636e+01
-2.382153824330043790e+01
3.636056915345945129e+01
6.709919702253754004e+00
1.811868630030785354e+01
-4.319573002232236547e+01
4.783040034881366864e+01
2.351962662751496680e+01
3.946161571077453800e+01
4.293433251056272582e+01
-4.643844250835115162e+01
-1.368488518577517077e+01
1.266301854860117970e+01
-3.760683796155290803e+00
-4.197020039435968641e+01
-4.171458905196161915e+00
2.476524384849148319e+01
-3.079162865020541773e+01
-2.150518615964463365e+01
-1.144630177036475516e+01
4.414699543433752638e+01
-1.091783935488818180e+01
-1.219487549586863295e+01
-1.936455280085028008e+01
-4.991638800953226962e+01
-3.343314401686453863e+01
4.795537565660353607e+01
-1.064908314647575516e+01
-1.814801090386137616e+01
4.722568168264913879e+01
-4.512465357238740893e+01
-8.658242413310331287e+00
1.219439209721826423e+01
4.580785828248014724e+01
2.267529847370624907e+01
2.603839163442504301e+01
2.553687447596576732e+01
1.353478691321551963e+01
2.938945801596523744e+00
-4.288168297057426415e+00
-2.237741473704069861e+01
4.863117644730260736e+01
