-2.948067290888707248e+01
-1.502683905267868880e+01
-3.519499102473679386e+01
-4.583368130569823506e+01
-1.818330876361446968e+01
2.570983596624554934e+01
2.475029905382159967e+01
1.203190114771793162e+01
-1.218397127201512831e+01
-8.500430477521572215e-01
2.538918861933475313e+01
-3.048078693768006531e+01
-9.021885597639251131e+00
5.750379485643825284e+00
1.663531983766219113e+01
-2.147349272040463930e+01
-4.339088581747179774e+01
3.427196556407622996e+00
3.117813216334291226e+01
-2.986205070679489992e+01
2.544957472598972359e+01
-1.968001019055730794e+01
1.974553986167688180e+01
-2.440888199320066576e+01
3.032159260531393485e+01
9.047649179690871790e+00
-1.325958977052398780e+01
3.171080166489441154e+01
-3.594966943306507545e+01
-3.534879751596115938e+01
-6.022696509367347240e+00
4.157453100191830231e+01
1.791373001485367311e+01
3.684751387431400182e+00
1.171818060032815190e+01
3.413416990103765158e+01
2.463525766038042519e+01
2.469861880851387426e+01
3.447660492661627529e+01
-3.612109817472860129e+01
2.953001124878271355e+01
-2.827291381648886937e+00
2.833768503641480407e+01
2.108838027700944906e+01
8.568152393906141029e-01
1.622515338575747634e+01
-6.484428058134321660e+00
3.770134369999547630e+01
1.266330167121139816e+01
-4.837218333208502230e+01
1.956382893253059052e+01
4.895796837084030528e+01
-4.185438282640653540e+01
-2.579327714502371194e+01
2.559158832557747232e+01
3.027642310491035715e+01
3.778904376575768254e+01
-4.717456106907110325e+01
-1.838943405933511244e+01
-2.271872088458966488e+01
3.750299913474353275e+01
7.899304457981763505e+00
1.913688004138554533e+01
-4.309770549222571390e+01
4.902469920789199165e+01
2.445932802493546276e+01
4.050172519277951011e+01
4.399476519755419446e+01
-4.427383864917584333e+01
-1.356445668860699705e+01
1.471675384032828049e+01
-3.630456338560358986e+00
-4.084658331846345192e+01
-3.071509229245978023e+00
2.590077369624765069e+01
-2.957109085626549572e+01
-2.031581476386975282e+01
-1.024542727796538344e+01
4.516547797034112222e+01
-1.082999110878390248e+01
-1.112539965771585670e+01
-1.914348777519633416e+01
-4.885231884918707124e+01
-3.223079395198942620e+01
4.806190780697324527e+01
-1.043892555691745194e+01
-1.711432649583644405e+01
4.851624010816713906e+01
-4.494816761975151564e+01
-6.431298450674597156e+00
1.327462820454031522e+01
4.598024644603842859e+01
2.374185795822396017e+01
2.818917244859946436e+01
2.574240490752459820e+01
1.278714215150091960e+01
4.020093565987373552e+00
-9.754548632035741074e-01
-2.113487133892896708e+01
5.089217495772133759e+01
