-2.749609338289231175e+01
-1.607007636165422682e+01
-3.416670676679942886e+01
-4.585097026385528807e+01
-1.720889559909754496e+01
2.561845007301772981e+01
2.483591523300184178e+01
1.018635081153656508e+01
-1.208159775106901357e+01
-8.478946183816558069e-01
2.337970750991945579e+01
-3.236600949624908452e+01
-9.065720675838376152e+00
5.753971169050816847e+00
1.586123267749010957e+01
-2.257181450233576214e+01
-4.141334350730497249e+01
3.325180798709638896e+00
3.117489506585429027e+01
-2.995605287021529151e+01
2.546975065832552332e+01
-1.873189508981731421e+01
2.083023571017159981e+01
-2.550844202931321547e+01
3.037229930608989648e+01
6.154423943597802982e+00
-1.236451467856960384e+01
3.171860429009955240e+01
-3.493628304031720688e+01
-3.425579326802171209e+01
-5.957663605410630225e+00
4.059088843253827861e+01
1.785158617560923844e+01
3.670081896853442771e+00
9.764557647724675604e+00
3.415003961807784805e+01
2.366783939953634430e+01
2.556034725732229163e+01
3.432970214320075542e+01
-3.611999287060285724e+01
2.745344412052289229e+01
-2.911448672270319893e+00
2.823765722006030643e+01
1.998222931599254792e+01
6.652020462924617128e-01
1.422681653367730625e+01
-5.507339976550577276e+00
3.863632799434489584e+01
1.073540217925544304e+01
-4.933338459375697482e+01
1.965106004851103094e+01
4.695441240155157203e+01
-4.378582267612107159e+01
-2.687978559258193556e+01
2.553823880565650484e+01
3.143122685917330728e+01
3.777829501011252233e+01
-4.716436928417308394e+01
-1.837449602295254181e+01
-2.359692916021943532e+01
3.745069070109556719e+01
7.825508411529201069e+00
1.925682654663625826e+01
-4.182242251585513770e+01
4.999222359722388376e+01
2.458703925558421588e+01
4.051367506152275411e+01
4.412147744184751730e+01
-4.430064148529682910e+01
-1.257846499758286463e+01
1.372059752843442659e+01
-1.666372854232863743e+00
-4.193418754600904208e+01
-2.028911633750089205e+00
2.578935851046480821e+01
-2.972206398820570428e+01
-2.136000540102133982e+01
-1.033733363853138520e+01
4.429971139276839409e+01
-1.076020638697845833e+01
-1.117183454115001773e+01
-1.829366674344116106e+01
-4.976697344769667808e+01
-3.120569526256304016e+01
4.813280914657352128e+01
-8.538955071966102039e+00
-1.815566271186538572e+01
4.846005990598165880e+01
-4.405997352007592838e+01
-8.621725763267095388e+00
1.440846320492529209e+01
4.710469181131121275e+01
2.480664731656823818e+01
2.617980564687430345e+01
2.683298682411628988e+01
1.381130618681502753e+01
2.933744356121872343e+00
-3.128661085336156500e+00
-2.126884397164592144e+01
4.890892963295926421e+01
