-1.987561324521538164e-01
3.672215049388166896e+00
1.279073510419824533e+00
1.413176818048354599e+00
3.267636604245690357e+00
4.143444543686324977e+00
-4.260068994806662346e+00
-2.728455679828996505e+00
4.939089707268738749e+00
4.391431323091373962e+00
2.534677077489150054e+00
-1.517409055125055861e+00
-7.430260840826551361e-01
2.375572056570929291e+00
4.257906443767324411e+00
-4.958061277677697554e+00
-1.832472823067417433e+00
4.052956224747783054e+00
-3.901437305956525492e+00
-2.595274912009395418e+00
3.227147320481792203e+00
1.958105549571979243e+00
-1.440293646848983256e-01
3.147836905394585383e+00
-2.052516709729845790e+00
3.252401603466302582e+00
-1.398388301287199820e+00
-3.458626181264061294e+00
-1.370549951044364168e+00
5.918820841378527042e+00
