-2.653305251412295007e+01
-1.358077576721192870e+01
-4.426476557169919346e+01
-4.268170997012193624e+01
-1.715663907108947939e+01
2.921158824753712935e+01
2.498255981131592307e+01
7.153074043499755064e+00
-7.994574627889783791e+00
-3.211857329511297099e+00
2.783722412481613873e+01
-3.468370241012990363e+01
-7.799181313788848158e+00
4.498843946006639172e+00
1.684448854301576759e+01
-2.510206144040472509e+01
-4.471330373951020221e+01
1.351244114260607532e+00
3.652326828135599612e+01
-2.884375637479158527e+01
2.950156269285571753e+01
-2.579229682814015590e+01
1.941175379201104789e+01
-2.156041384950548689e+01
3.242837825190485290e+01
2.286814707409040359e+00
-1.284384598907564978e+01
3.190486948181190741e+01
-3.578376046178376413e+01
-3.645118150431311932e+01
