-4.669667448230906359e+01
-4.224721928937281490e+01
-4.876153541292319460e+01
4.239986707138132971e+01
-4.201413915689454370e+01
-4.682026113775584975e+01
-4.088888721062472342e+01
-4.551989362860769717e+01
-4.717710833126720615e+01
-4.320184651144855792e+01
-3.911356730522967950e+01
-3.927040373741194657e+01
-4.671301176031889923e+01
-4.257815394691794353e+01
4.374106042131464278e+01
4.657271657594935732e+01
-4.972083659354314022e+01
-4.348935817677464399e+01
-4.838168914610633919e+01
-4.849556101362538385e+01
4.629007232084762791e+01
-3.921349058450321934e+01
4.613832813716433634e+01
-4.494419553235881182e+01
-4.241152217540572877e+01
4.668771974324737073e+01
-3.994602348506666090e+01
-4.469441701531483346e+01
-4.352424902086854530e+01
4.219209753072930624e+01
