-4.672297304920094518e+01
-4.216427857141072622e+01
-4.871522563307872389e+01
-4.285413893139951824e+01
4.314418980647824498e+01
-4.680065108773753479e+01
-4.100621356098575632e+01
-4.549725246087962205e+01
-4.728182245106064130e+01
-4.309537057838491592e+01
4.599290395619738092e+01
-3.939134624099352777e+01
-4.664202383066748325e+01
-4.263014072931557763e+01
4.372075992874878381e+01
4.648780363205550969e+01
-4.975316271550588709e+01
-4.343634730267972088e+01
-4.841120633960665032e+01
-4.852623940170795436e+01
4.626128592612191426e+01
-3.924041945828118116e+01
-3.903681302499114025e+01
4.024254699727831763e+01
-4.237056205967328282e+01
-3.845303863775323094e+01
-3.994823932616480988e+01
-4.473863884358507903e+01
-4.346706936933694720e+01
4.222492092435388855e+01
