-2.015620812206582002e+01
-4.834728517752722610e+01
-9.644208837941224743e+00
-5.841241359398085820e+01
-2.327442119451220748e+01
4.651659229721383326e+01
3.867482508974008226e+01
1.546430849626961468e+01
-2.711568221790124511e+01
-1.303186746099848037e+01
3.326144223618182849e+01
-1.709019151868492514e+00
-1.979922342598913332e+01
-1.873430878418293588e+01
1.205343127389731706e+01
-2.487273724955240084e+01
-2.831263975115328790e+01
-4.728582338188731526e+00
3.643793213596283920e+01
-3.226873313823083578e+01
4.909066930678266516e+01
-3.589303191354528622e+01
2.688699150626033330e+01
-4.704293327009219183e+01
1.662700951946530736e+01
2.868443153258877842e+01
-4.073711701708066357e+01
4.309280696178364423e+01
-4.977279689188585365e+01
-2.198403444622552527e+01
-1.054895181019424477e+01
5.950357358925196394e+01
2.311774773217693024e+01
2.272195139521203799e+01
2.176541905832432633e+01
-1.305338635643853706e+01
5.226193094614907153e+01
2.111421874737450821e+01
8.453374808877325108e+01
-7.616826385921692122e+01
-5.711041487657746885e+00
-1.168896597270652649e+00
5.031512338685089958e+01
-1.114417420954480775e+01
3.306478991802158873e+01
1.713991146873212301e+01
-1.933670193676348248e+01
3.905252683066377983e+01
6.831901352277398587e+00
-5.337433415698781403e+01
4.596955294562057759e+01
1.270381422071770672e+01
-3.168836475016847132e+01
1.304769591670565987e+01
2.991820915689658023e+00
3.416893000880686770e+01
4.536976802120946672e+01
-5.331887130617297288e+01
-2.170550510560163104e+01
-2.987100612489473050e+01
4.839215377322116751e+01
1.658571170295026675e+01
-4.159510102281938515e+01
1.743533698720126068e+01
4.229229854572558622e+01
2.146144935244096175e+01
4.742132762161471504e+01
3.242356991669269917e+01
-3.008030514729577831e+01
-3.178496514350713653e+01
1.504502107866342442e+01
1.184082764856108128e+01
-4.793149536690144430e+01
1.070083755892912158e-01
4.813478375476909932e+00
-1.549026340588905803e+01
-2.384705425859352346e+01
-8.983422153770295182e+00
2.987464963652188743e+01
-1.016800111534101703e+01
6.339138895534015106e+00
-5.261766911385780787e+00
-5.710597702606004589e+01
-3.846250018501805101e+01
4.213258580954574484e+01
-3.115914179961210451e+00
-1.742098344743740768e+01
3.672051613073269749e+01
-2.876855095748053159e+01
-1.991220253760766923e+01
1.004289776105468768e+01
5.388604627501899103e+01
1.374075136077125947e+01
3.418101281487820842e+01
3.264583869742304501e+01
1.079763508690108154e+01
1.661828092893492936e+01
-8.850664917316422020e+00
-1.976202284009279708e+01
4.489754098619476963e+01
