-3.541306444511447893e+01
2.922427382786318972e+00
-4.763993858479437193e+01
-5.889013046827059128e+01
-2.489565910176515295e+00
4.062398482840755776e+00
5.122247397263816993e+01
1.198410280141346362e+01
-1.081640839712078161e+01
-4.403829551587219271e+01
7.727750484472903736e+01
-6.151579445512364686e+01
-3.192678106031499041e+01
2.695521690154573946e+01
5.191057711565282773e+01
-4.703364135282647140e+01
1.116158495869878031e+01
-3.765286663409122525e+01
2.305072732466093299e+01
-3.088521993252126663e+01
1.454675520762217289e+01
-1.955725525488616157e+01
6.514740277555880255e+01
-6.756838044384551267e+01
5.290547628139200498e+01
1.330644927040318848e+01
-3.101645651448047403e+01
4.304267852056867838e+01
-7.597856491766226839e+01
-3.051678015913175557e+01
-2.423369824490961832e-01
7.178062857158286647e+01
-1.279577798182321757e+01
2.128569467665951365e+01
-1.613419017378329556e+01
6.324150687298086382e+01
3.035475359654452632e+01
7.132184184169599206e+00
3.537800628301925343e+01
-5.966383825236687244e+01
5.617804409494907247e+01
2.666344179601700404e+01
1.848331359464707191e+01
-1.524995917940701062e+01
1.174971372478635345e+01
2.750218100015348099e+01
-5.921679352011281594e+00
2.990945647610053726e+01
3.434221414068356637e+01
-4.374200129142055005e+01
1.764898767674338842e-02
6.381881024516822265e+01
-5.876483015203759663e+01
-2.614864574487950222e+01
3.822331868536787169e+01
3.395442494780530751e+01
1.164041129889372783e+01
-3.903213366861746891e+01
3.658604823499035597e+00
-6.906259651892811746e+01
3.143507126066911894e+01
4.874375771803750013e+01
2.158735912897803999e+01
-7.662771927978729991e+01
6.724364183637912618e+01
3.513840749717438428e+01
5.574824222077711511e+01
3.893381424547659009e+00
-3.870435615055432521e+01
-3.904212197882381830e+00
3.489515011861617921e+01
-2.387935491194765802e+01
-4.966797264001486667e+01
1.125029270112862889e+01
2.036480488958385493e+01
-5.104045689431449873e+00
-3.385322092350777012e+01
-1.952238057448305852e+01
3.663286926776167007e+01
1.776920144456223483e+00
1.422691399494005360e+00
-3.530297067393895816e+01
-6.585124382019246525e+01
-3.824148469015758778e+00
4.471423547350740790e+01
-5.335452750367650765e-01
-3.885103649287133720e+01
6.291510590562544536e+01
-4.399238718618244803e+01
-9.310629708356916723e-01
-2.204474830144095066e+00
5.196821404092158048e+01
1.321629772362493860e+01
3.955863588338716141e+01
1.559052307363150902e+01
2.090319227278969905e+01
5.467419248844551660e-01
7.958020989368765896e+00
-2.750648007001172601e+01
6.077269245749863558e+01
