-2.792087308583551675e+01
-1.281409364684939334e+01
-5.093120163125428590e+00
-8.702413715781317194e+01
2.927843740580846799e+01
-1.263350673257126999e+01
-1.066310283044292007e+01
4.492676003216102032e+01
-9.550515427017248982e+00
-2.185896402054063259e+01
7.698133391174059170e+01
-8.471648092757858706e+01
2.017177022148928245e-01
1.517219728978312077e+01
-1.830994569156976226e+01
7.005282331455276790e+00
-2.159591449015100295e+01
1.624777740543038718e+01
4.208667625067192830e-01
-6.456726161040023726e+01
6.736101788362900322e+01
-3.176539412846615562e+00
-1.464855985956260298e+01
-9.162307611219709713e+00
-9.165587150154863139e+00
5.224870226275893970e+01
-3.236332926555824940e+00
1.147393768674412229e+01
-2.837232580300505447e+01
-5.292586543866981685e+01
3.527807636464998176e+00
7.262921601749064848e+01
2.559041083973652064e+01
5.473892016578094655e+00
-9.516996943520485530e+00
6.608430840668688688e+00
3.627491980771639390e+01
1.755086390289499576e+01
2.802818395018653774e+01
-5.067734100516644702e+01
5.373448523566074897e+01
-1.632262569094753246e+01
4.763361961010189560e+01
1.990046155732012068e+01
-1.219863729022102916e+01
2.835880965667778142e+01
-9.542540988042816252e+00
5.653313912786254036e+01
-2.176712515303283624e+01
-7.663040038166855084e+00
-1.274891733620443013e+01
6.051242989308306619e+01
-6.864913657562112803e+01
-1.418218398966640237e+01
1.623456440705272286e+01
6.699173113361217702e+01
6.217481109903894776e+01
-5.825908442973949519e+01
-5.626016014899751383e+01
-1.835709014799255812e+01
4.367529321447069890e+01
4.557134390277873592e+00
4.949018661996645108e+01
-7.400065078040083222e+01
4.730511451216617758e+01
1.901144863492632453e+01
4.355491865241637583e+01
5.792054721168249642e+01
-5.289867732369035025e+01
-1.529814438105567298e+01
3.361592753526856825e+01
-1.359965660156249356e+01
-5.735531521868173854e+01
1.024755537872309930e+01
1.682762147198967639e+01
-3.227272760220569126e+01
6.765621289934860005e-01
-1.722524403698987072e+01
2.666814146954414610e+01
2.127107592202782271e+01
-2.472806703849339272e+01
-1.756602381726083806e+01
-5.437310217062729123e+01
-2.356332272328001665e+01
3.958877325708277795e+01
-4.567829481876252373e+00
-1.182049608382227390e+01
5.398611342683157233e+01
-4.636040396798459540e+01
-7.033924952403545205e-01
-3.908536631117851101e+00
4.853628714702669100e+01
2.645623568073599330e+01
3.190974622988525411e+01
1.706088012116355657e+01
1.428970417264651260e+01
7.532040553588557508e+00
-6.238251628904779800e+00
-1.539043417453795115e+01
3.639282389999183920e+01
