-2.972373210542628286e+01
-1.716818645482735306e+01
-3.541483706920114827e+01
-4.696559924972676470e+01
-1.922726810392846630e+01
2.457819202729743324e+01
2.356907712470032124e+01
1.006823249853683322e+01
-1.328410411258500012e+01
-2.062993637008811998e+00
2.225782274694668317e+01
-3.261219347673221591e+01
-1.021378648119030608e+01
4.587527664445096853e+00
1.453667983340021586e+01
-2.272996033947801209e+01
-4.451771830951945219e+01
2.206145211780470738e+00
2.999784635093042340e+01
-3.105143796256743371e+01
2.428520223306636794e+01
-1.982141667437537436e+01
1.860174398415506758e+01
-2.557501095635091914e+01
2.916375070586094864e+01
5.928933506528046848e+00
-1.356390367193913526e+01
3.057734617063588445e+01
-3.710219116415291296e+01
-3.544799905407176510e+01
-7.097677285120862045e+00
4.048641631202412583e+01
1.673269173784720465e+01
2.500486407679614942e+00
9.558500956610521015e+00
3.303011472424537942e+01
2.254556657023533006e+01
2.349760473050531928e+01
3.323316007844354658e+01
-3.726123357638256550e+01
2.733204909967910012e+01
-3.991215465839176524e+00
2.715236965630175447e+01
1.986283613161324624e+01
6.979762383832991413e-01
1.401609157021492713e+01
-6.616208823953749096e+00
3.853921199474534376e+01
1.056517785744379445e+01
-4.773939529506569102e+01
1.958672180459178591e+01
4.687888755907184901e+01
-4.394503820048217335e+01
-2.793570264853189755e+01
2.533827476330667139e+01
2.926488836056064002e+01
3.659517756989838233e+01
-4.741142770164954356e+01
-1.954204841895630906e+01
-2.383157849162031283e+01
3.637156554343614800e+01
6.708049271369904254e+00
1.812063575833320428e+01
-4.317309783497350395e+01
4.781558782449440059e+01
2.346532397184531860e+01
3.943269795350297358e+01
4.287618145227369837e+01
-4.646628668624039449e+01
-1.369770325218152607e+01
1.264846623381085955e+01
-3.707912313042988295e+00
-4.198537168331883151e+01
-4.177369185094297777e+00
2.475869383776803545e+01
-3.078793410334657210e+01
-2.151309641662154704e+01
-1.147249914730955034e+01
4.412593126566784463e+01
-1.098767319976660417e+01
-1.225899704136198487e+01
-1.938394322608476728e+01
-4.993817124970574639e+01
-3.345603791995755216e+01
4.791730247534908926e+01
-1.061289907349632244e+01
-1.817378399117374954e+01
4.729725991973698029e+01
-4.518058509617363683e+01
-8.624851013290065538e+00
1.217040065786332015e+01
4.582796229059819382e+01
2.267717773542009141e+01
2.605643460704738601e+01
2.562679819384713653e+01
1.351419165042333503e+01
2.916065273448009254e+00
-4.253603775115181840e+00
-2.237383581388199616e+01
4.865376303260738666e+01
