-2.972373220790588277e+01
-1.716818651870537593e+01
-3.541483714853250575e+01
-4.696559900217847883e+01
-1.922726822969358551e+01
2.457819206107484433e+01
2.356907684104938028e+01
1.006823245338227935e+01
-1.328410409442168039e+01
-2.062993684802607586e+00
2.225782276109255520e+01
-3.261219353478005445e+01
-1.021378627929175309e+01
4.587527633620289258e+00
1.453667991623480482e+01
-2.272996046066843334e+01
-4.451771851380917155e+01
2.206145284085430980e+00
2.999784646763276186e+01
-3.105143789517153508e+01
2.428520224553551898e+01
-1.982141664148995019e+01
1.860174395433234196e+01
-2.557501107371234284e+01
2.916375076368927921e+01
5.928933754003604228e+00
-1.356390358274318508e+01
3.057734611391883917e+01
-3.710219115935116463e+01
-3.544799913804813940e+01
-7.097677261953345251e+00
4.048641637129146176e+01
1.673269181673382278e+01
2.500486572958613873e+00
9.558501079118041588e+00
3.303011464808717079e+01
2.254556670308538457e+01
2.349760467251536511e+01
3.323316005967626552e+01
-3.726123357629165866e+01
2.733204918213977663e+01
-3.991215402422217284e+00
2.715236977257596251e+01
1.986283622126636317e+01
6.979762318726787651e-01
1.401609173044509404e+01
-6.616208809665446111e+00
3.853921190339134029e+01
1.056517810525873280e+01
-4.773939530590060798e+01
1.958672170018812508e+01
4.687888755480492620e+01
-4.394503826701182447e+01
-2.793570266871282826e+01
2.533827487146952606e+01
2.926488813831492664e+01
3.659517763254704903e+01
-4.741142750241058224e+01
-1.954204857798250572e+01
-2.383157854996752079e+01
3.637156540476130573e+01
6.708049167481116903e+00
1.812063591384773176e+01
-4.317309783555605662e+01
4.781558783757525788e+01
2.346532386689544580e+01
3.943269795419293899e+01
4.287618142473539251e+01
-4.646628671538289979e+01
-1.369770303832120106e+01
1.264846624405653408e+01
-3.707912461093121781e+00
-4.198537172715388266e+01
-4.177369059051790678e+00
2.475869375221698121e+01
-3.078793413200752838e+01
-2.151309636256317148e+01
-1.147249901547783502e+01
4.412593122631496101e+01
-1.098767324364272469e+01
-1.225899717102493192e+01
-1.938394309275327032e+01
-4.993817114046510852e+01
-3.345603817465857333e+01
4.791730262561082299e+01
-1.061289890190709251e+01
-1.817378392567209033e+01
4.729726001718542960e+01
-4.518058512413009709e+01
-8.624851030499932847e+00
1.217040097116822750e+01
4.582796230412708383e+01
2.267717757440555815e+01
2.605643448912222482e+01
2.562679836743257056e+01
1.351419147976528912e+01
2.916065114289875915e+00
-4.253603701904089540e+00
-2.237383573788338964e+01
4.865376299718145248e+01
