-2.761860871930995742e+01
-1.510300552999338919e+01
-3.341291233571296004e+01
-4.509323520243090400e+01
-1.754672320753825332e+01
2.599313401182286398e+01
2.478099619697472633e+01
1.122210976398005755e+01
-1.213733865672116963e+01
-9.104322697797313513e-01
2.341838280076990131e+01
-3.146459128620037404e+01
-9.055291172429337010e+00
5.735479882634249016e+00
1.569637008392159494e+01
-2.158582220550561104e+01
-4.337010349707627910e+01
3.364274127405592285e+00
3.115199210522414575e+01
-2.989234306039382005e+01
2.545432672255366313e+01
-1.866771399881994142e+01
1.975611470338220244e+01
-2.443120521008616564e+01
3.031662354695508554e+01
7.080986085928667961e+00
-1.240693466889673857e+01
3.173970803371764049e+01
-3.594773043569647797e+01
-3.430427074413059074e+01
