-2.800822692581649420e+01
-1.570209777454076416e+01
-3.416596004339764647e+01
-4.580771050122141475e+01
-1.807946010641716583e+01
2.572548151753815304e+01
2.471677928798428781e+01
1.121551510637662474e+01
-1.213680881286012614e+01
-9.157004452027019958e-01
2.340512007717395448e+01
-3.146489034517501793e+01
-9.066499602046093287e+00
5.734824355841298349e+00
1.568398231269279464e+01
-2.158267005904770386e+01
-4.337003900879835783e+01
3.353473432216887762e+00
3.114515623491868013e+01
-2.990413750032708151e+01
2.543250060699983095e+01
-1.867410359467944758e+01
1.974942304861101761e+01
-2.442733610785974108e+01
3.031108530397617784e+01
7.076593408168729837e+00
-1.241659420600422514e+01
3.172465045673245143e+01
-3.595488048649865931e+01
-3.430068770493079455e+01
