-2.800836928517285784e+01
-1.570203285609706434e+01
-3.416579186991235417e+01
-4.580778670190769475e+01
-1.807966131389804332e+01
2.572568922330046348e+01
2.471655272334704989e+01
1.121570065348712042e+01
-1.213662722530408544e+01
-9.154960974587128542e-01
2.340529789118485482e+01
-3.146469266977444690e+01
-9.066311208279605793e+00
5.735002816464085384e+00
1.568417809452846612e+01
-2.158248491844056716e+01
-4.337024285286170056e+01
3.353619650563690158e+00
3.114080985928885070e+01
-2.990391830452558253e+01
2.543267832857875632e+01
-1.867394213036762451e+01
1.974921961098979040e+01
-2.442751257069659232e+01
3.031122730782658792e+01
7.076433910171434860e+00
-1.241642799137655651e+01
3.172484458282598396e+01
-3.595471562380581076e+01
-3.430052445280952611e+01
