-2.800831434544042509e+01
-1.570216581957513924e+01
-3.416590865640721830e+01
-4.580764695355006211e+01
-1.807949072811070224e+01
2.572587379248030715e+01
2.471637118156157698e+01
1.121592155570673555e+01
-1.213640404174162057e+01
-9.157085571357198583e-01
2.340511609915898816e+01
-3.146488273107165412e+01
-9.066113867883792921e+00
5.734815494878056086e+00
1.568435979905390454e+01
-2.158265592093604468e+01
-4.337004258501682585e+01
3.353808523678306841e+00
3.114515644183568099e+01
-2.990414768298607839e+01
2.543250305210833773e+01
-1.867411168239034325e+01
1.974904376261950389e+01
-2.442736820671241915e+01
3.031145653460866285e+01
7.076206521122790249e+00
-1.241659811045431816e+01
3.172467011785901647e+01
-3.595453461703716158e+01
-3.430069440372188438e+01
