-2.857287676122327369e+01
-1.602069291664315998e+01
-3.426735013432703170e+01
-4.581811210176830684e+01
-1.807978114531182356e+01
2.572567904693291041e+01
2.471656391544054188e+01
1.121571948969255494e+01
-1.213661711141934063e+01
-9.155066599384891202e-01
2.340530968528945976e+01
-3.146470653003689222e+01
-9.066299488003432216e+00
5.735014630556712234e+00
1.568416698424982059e+01
-2.158247350753966742e+01
-4.337023138746901907e+01
3.353632174393009091e+00
3.114533337217559961e+01
-2.990395091148284479e+01
2.543268921798153670e+01
-1.867392971846934557e+01
1.974923095089358682e+01
-2.442752402104802556e+01
3.031123770193075728e+01
7.076420612478370842e+00
-1.241641670253130059e+01
3.172483307929377361e+01
-3.595470423359864753e+01
-3.430051215070528770e+01
-5.950190291384319430e+00
4.163390336793298729e+01
1.788017874374359906e+01
3.647973510573312428e+00
1.070598804380373359e+01
3.417760166999349281e+01
2.369305365749353598e+01
2.464509163338919961e+01
3.438064711129604234e+01
-3.611374658839146434e+01
2.847953610115893497e+01
-2.843728541135257526e+00
2.829985668851255198e+01
2.101032318662430853e+01
1.845463127312379381e+00
1.516357855340069527e+01
-5.468721731965698218e+00
3.968670065709834915e+01
1.171355235408532103e+01
-4.941107406290384318e+01
