-2.857287676432711621e+01
-1.602069291697957354e+01
-3.426735013397860286e+01
-4.581811209915419880e+01
-1.807978114815885817e+01
2.572567904843494802e+01
2.471656391368077266e+01
1.121571948922901996e+01
-1.213661711095697271e+01
-9.155066593020937393e-01
2.340530968594946870e+01
-3.146470652928186595e+01
-9.066299490107645909e+00
5.735014632523689038e+00
1.568416698346621807e+01
-2.158247350685353894e+01
-4.337023138949545142e+01
3.353632175270746529e+00
3.114533337167781113e+01
-2.990395090892120322e+01
2.543268921985750453e+01
-1.867392971723521100e+01
1.974923095115599025e+01
-2.442752402255752031e+01
3.031123770221350711e+01
7.076420613370889789e+00
-1.241641670280732335e+01
3.172483307835984334e+01
-3.595470423447575570e+01
-3.430051214820978345e+01
-5.950190289563900947e+00
4.163390336665283087e+01
1.788017874319666589e+01
3.647973509577420614e+00
1.070598804324766995e+01
3.417760166908864505e+01
2.369305365789335127e+01
2.464509163201864084e+01
3.438064711230963866e+01
-3.611374658701202378e+01
2.847953610072306674e+01
-2.843728542354900579e+00
2.829985668897781537e+01
2.101032318386941000e+01
1.845463126713873470e+00
1.516357855195456850e+01
-5.468721732176058836e+00
3.968670065590270468e+01
1.171355235369761338e+01
-4.941107406592914941e+01
