-2.973867848395688540e+01
-1.696311432833063293e+01
-3.536263172566109603e+01
-4.703238548001920805e+01
-1.913994079635510914e+01
2.459534001463379127e+01
2.366293321631805924e+01
1.012417534504064243e+01
-1.327759532706098788e+01
-2.147730173299581491e+00
2.228650071421030887e+01
-3.265596831087324148e+01
-1.026486123853958787e+01
4.474840222966566472e+00
1.444118345799240188e+01
-2.275114561787871637e+01
-4.451770370955927802e+01
2.236068357376217453e+00
3.013502272191376363e+01
-3.109559293588710460e+01
2.432565800451012450e+01
-1.972489123129553334e+01
1.855881270860605170e+01
-2.559783362364456494e+01
2.915418103112387982e+01
5.941693781721793854e+00
-1.341868966281198006e+01
3.061560882058503452e+01
-3.702010826968121648e+01
-3.266974001932427996e+01
