-3.058427340615100576e+01
-1.723877768414819656e+01
-3.534412523944885720e+01
-4.699241840940887016e+01
-1.913382792665083798e+01
2.456107012002791379e+01
2.348294901016853231e+01
1.013794070994096863e+01
-1.325812566550262339e+01
-2.018921610702745006e+00
2.225025172021350883e+01
-3.257583458215724903e+01
-1.016032117102247945e+01
4.617831835320870937e+00
1.457298316715689701e+01
-2.273475505688610454e+01
-4.455621529245730272e+01
2.190068820517300452e+00
2.995345194177724224e+01
-3.101676619431355775e+01
2.427104340015057460e+01
-1.986384749104353631e+01
1.859373497919843388e+01
-2.557575894458921084e+01
2.914346220284263467e+01
5.922125239560411813e+00
-1.353611115028386891e+01
3.056675621337338811e+01
-3.699891877677274010e+01
-3.553860505080250221e+01
